01,01,001,401,398,3,352,349,3,49,49,0
01,01,002,602,597,5,466,462,4,136,135,1
01,01,003,23,23,0,17,17,0,6,6,0
01,01,004,373,343,30,354,324,30,19,19,0
01,01,005,290,287,3,261,258,3,29,29,0
01,01,006,152125,82455,69670,149915,80772,69143,2210,1683,527
01,01,007,751,592,159,721,562,159,30,30,0
01,01,008,483581,247504,236077,461663,235212,226451,21918,12292,9626
01,01,009,1,1,0,1,1,0,0,0,0
01,01,010,9,8,1,6,5,1,3,3,0
01,01,011,671,664,7,610,603,7,61,61,0
01,01,012,60,59,1,51,50,1,9,9,0
01,01,013,770,760,10,744,734,10,26,26,0
01,01,014,426,368,58,394,337,57,32,31,1
01,01,015,149,144,5,117,112,5,32,32,0
01,01,016,3134,2478,656,2871,2294,577,263,184,79
01,01,018,104,53,51,104,53,51,0,0,0
01,01,019,2,2,0,0,0,0,2,2,0
01,01,020,871,867,4,840,836,4,31,31,0
01,01,021,557,552,5,545,540,5,12,12,0
01,01,022,1382,877,505,920,509,411,462,368,94
01,01,024,444,224,220,444,224,220,0,0,0
01,01,025,5,5,0,5,5,0,0,0,0
01,01,026,2,2,0,2,2,0,0,0,0
01,01,037,2,2,0,2,2,0,0,0,0
01,01,040,3,3,0,3,3,0,0,0,0
01,01,043,11,11,0,9,9,0,2,2,0
01,01,044,1,1,0,1,1,0,0,0,0
01,01,051,1,1,0,1,1,0,0,0,0
01,01,053,2852,1505,1347,2708,1421,1287,144,84,60
01,01,054,1,1,0,1,1,0,0,0,0
01,01,055,3,3,0,1,1,0,2,2,0
01,01,071,14,14,0,14,14,0,0,0,0
01,01,072,6,6,0,3,3,0,3,3,0
01,01,073,4,4,0,4,4,0,0,0,0
01,01,075,2,2,0,1,1,0,1,1,0
01,01,081,1,1,0,1,1,0,0,0,0
01,01,082,74,74,0,74,74,0,0,0,0
01,01,087,3,3,0,2,2,0,1,1,0
01,01,090,3,3,0,0,0,0,3,3,0
01,01,093,2,2,0,1,1,0,1,1,0
01,01,095,16,16,0,15,15,0,1,1,0
01,01,101,1,1,0,1,1,0,0,0,0
01,01,111,5,5,0,5,5,0,0,0,0
01,01,113,2,2,0,2,2,0,0,0,0
01,01,114,3,3,0,3,3,0,0,0,0
01,01,115,17,17,0,17,17,0,0,0,0
01,01,117,3,3,0,3,3,0,0,0,0
01,01,123,630,357,273,623,350,273,7,7,0
01,02,001,277,265,12,141,138,3,136,127,9
01,02,002,1169,1107,62,470,428,42,699,679,20
01,02,003,8,8,0,6,6,0,2,2,0
01,02,004,509,434,75,333,278,55,176,156,20
01,02,005,180,173,7,93,87,6,87,86,1
01,02,006,136915,76133,60782,131558,71979,59579,5357,4154,1203
01,02,007,245,231,14,134,126,8,111,105,6
01,02,008,995862,516973,478889,809730,419122,390608,186132,97851,88281
01,02,009,2,2,0,1,1,0,1,1,0
01,02,010,22,22,0,16,16,0,6,6,0
01,02,011,585,555,30,402,384,18,183,171,12
01,02,012,42,42,0,20,20,0,22,22,0
01,02,013,379,366,13,215,212,3,164,154,10
01,02,014,115,107,8,61,59,2,54,48,6
01,02,015,291,280,11,150,145,5,141,135,6
01,02,016,6099,3487,2612,3754,2148,1606,2345,1339,1006
01,02,017,8,8,0,0,0,0,8,8,0
01,02,018,18,18,0,4,4,0,14,14,0
01,02,020,382,368,14,196,188,8,186,180,6
01,02,021,319,313,6,136,133,3,183,180,3
01,02,022,826,481,345,671,369,302,155,112,43
01,02,024,93,46,47,93,46,47,0,0,0
01,02,028,4,3,1,2,1,1,2,2,0
01,02,029,3,3,0,3,3,0,0,0,0
01,02,030,5,3,2,5,3,2,0,0,0
01,02,033,1,1,0,0,0,0,1,1,0
01,02,040,57,38,19,51,33,18,6,5,1
01,02,043,6,6,0,4,4,0,2,2,0
01,02,048,1,1,0,1,1,0,0,0,0
01,02,053,116,68,48,115,67,48,1,1,0
01,02,054,1,1,0,0,0,0,1,1,0
01,02,059,2,2,0,0,0,0,2,2,0
01,02,061,1,1,0,1,1,0,0,0,0
01,02,071,2,2,0,0,0,0,2,2,0
01,02,072,9,9,0,6,6,0,3,3,0
01,02,073,7,3,4,7,3,4,0,0,0
01,02,082,2,2,0,1,1,0,1,1,0
01,02,090,9,9,0,5,5,0,4,4,0
01,02,091,1,1,0,0,0,0,1,1,0
01,02,092,2,2,0,0,0,0,2,2,0
01,02,108,24364,12802,11562,24277,12762,11515,87,40,47
01,02,114,35,21,14,26,17,9,9,4,5
01,02,115,9,9,0,1,1,0,8,8,0
01,02,123,797,410,387,769,385,384,28,25,3
01,03,001,1605,1573,32,44,44,0,1561,1529,32
01,03,002,3031,2777,254,143,128,15,2888,2649,239
01,03,003,146,142,4,1,1,0,145,141,4
01,03,004,2971,2592,379,110,86,24,2861,2506,355
01,03,005,512,473,39,30,28,2,482,445,37
01,03,006,83437,54388,29049,55953,29889,26064,27484,24499,2985
01,03,007,810,761,49,22,22,0,788,739,49
01,03,008,1078258,564383,513875,190743,98578,92165,887515,465805,421710
01,03,009,12,9,3,0,0,0,12,9,3
01,03,010,37,36,1,9,8,1,28,28,0
01,03,011,2020,1846,174,66,66,0,1954,1780,174
01,03,012,483,473,10,5,5,0,478,468,10
01,03,013,2098,1897,201,65,65,0,2033,1832,201
01,03,014,536,487,49,24,24,0,512,463,49
01,03,015,1224,1107,117,30,30,0,1194,1077,117
01,03,016,9977,6518,3459,110,92,18,9867,6426,3441
01,03,018,36,35,1,2,2,0,34,33,1
01,03,019,5,5,0,1,1,0,4,4,0
01,03,020,2006,1893,113,311,308,3,1695,1585,110
01,03,021,1438,1297,141,219,218,1,1219,1079,140
01,03,022,2199,1407,792,717,374,343,1482,1033,449
01,03,023,49,49,0,0,0,0,49,49,0
01,03,024,4535,2305,2230,4517,2295,2222,18,10,8
01,03,025,6,5,1,0,0,0,6,5,1
01,03,027,11,11,0,0,0,0,11,11,0
01,03,028,15,11,4,0,0,0,15,11,4
01,03,029,1029,543,486,844,453,391,185,90,95
01,03,030,1,1,0,0,0,0,1,1,0
01,03,031,23,14,9,6,3,3,17,11,6
01,03,033,5,2,3,0,0,0,5,2,3
01,03,039,2,2,0,0,0,0,2,2,0
01,03,040,329,181,148,1,1,0,328,180,148
01,03,042,1,1,0,0,0,0,1,1,0
01,03,043,48,48,0,2,2,0,46,46,0
01,03,044,3,2,1,0,0,0,3,2,1
01,03,047,9,9,0,0,0,0,9,9,0
01,03,048,2,2,0,0,0,0,2,2,0
01,03,051,3,3,0,0,0,0,3,3,0
01,03,053,220,129,91,205,116,89,15,13,2
01,03,054,3,3,0,0,0,0,3,3,0
01,03,055,5,5,0,0,0,0,5,5,0
01,03,057,2,2,0,0,0,0,2,2,0
01,03,059,3,3,0,0,0,0,3,3,0
01,03,061,13,13,0,0,0,0,13,13,0
01,03,064,2,2,0,0,0,0,2,2,0
01,03,066,5,5,0,0,0,0,5,5,0
01,03,071,41,41,0,1,1,0,40,40,0
01,03,072,44,38,6,32,26,6,12,12,0
01,03,073,239,138,101,19,9,10,220,129,91
01,03,075,30,28,2,1,1,0,29,27,2
01,03,078,1,1,0,0,0,0,1,1,0
01,03,081,6,6,0,0,0,0,6,6,0
01,03,082,98,91,7,2,2,0,96,89,7
01,03,085,1,1,0,0,0,0,1,1,0
01,03,088,1,1,0,0,0,0,1,1,0
01,03,089,57,56,1,0,0,0,57,56,1
01,03,090,21,19,2,0,0,0,21,19,2
01,03,091,12,12,0,0,0,0,12,12,0
01,03,093,106,106,0,0,0,0,106,106,0
01,03,095,1,1,0,0,0,0,1,1,0
01,03,099,1,1,0,0,0,0,1,1,0
01,03,100,1,1,0,0,0,0,1,1,0
01,03,106,13,13,0,0,0,0,13,13,0
01,03,107,1,1,0,0,0,0,1,1,0
01,03,108,862,453,409,756,399,357,106,54,52
01,03,109,1,1,0,0,0,0,1,1,0
01,03,111,5,5,0,0,0,0,5,5,0
01,03,113,3,3,0,0,0,0,3,3,0
01,03,114,45,33,12,3,1,2,42,32,10
01,03,115,30,29,1,2,2,0,28,27,1
01,03,116,1,1,0,0,0,0,1,1,0
01,03,118,1,1,0,0,0,0,1,1,0
01,03,119,1,1,0,0,0,0,1,1,0
01,03,123,1659,959,700,1285,654,631,374,305,69
01,04,001,139,138,1,116,116,0,23,22,1
01,04,002,408,355,53,344,298,46,64,57,7
01,04,003,19,19,0,18,18,0,1,1,0
01,04,004,422,309,113,366,257,109,56,52,4
01,04,005,127,123,4,46,46,0,81,77,4
01,04,006,21788,12913,8875,19857,11068,8789,1931,1845,86
01,04,007,184,180,4,132,132,0,52,48,4
01,04,008,598553,307163,291390,531195,271988,259207,67358,35175,32183
01,04,010,12,12,0,11,11,0,1,1,0
01,04,011,163,158,5,118,118,0,45,40,5
01,04,012,22,22,0,18,18,0,4,4,0
01,04,013,362,359,3,196,196,0,166,163,3
01,04,014,51,47,4,43,39,4,8,8,0
01,04,015,113,111,2,77,77,0,36,34,2
01,04,016,3694,2162,1532,3222,1867,1355,472,295,177
01,04,018,5,5,0,4,4,0,1,1,0
01,04,020,196,194,2,132,132,0,64,62,2
01,04,021,218,214,4,110,110,0,108,104,4
01,04,022,482,329,153,395,265,130,87,64,23
01,04,029,4,4,0,4,4,0,0,0,0
01,04,030,1,1,0,1,1,0,0,0,0
01,04,040,5,3,2,4,3,1,1,0,1
01,04,043,7,7,0,7,7,0,0,0,0
01,04,048,4,4,0,4,4,0,0,0,0
01,04,053,1813,912,901,1809,908,901,4,4,0
01,04,054,1,1,0,1,1,0,0,0,0
01,04,059,1,1,0,1,1,0,0,0,0
01,04,071,3,3,0,3,3,0,0,0,0
01,04,072,10,10,0,8,8,0,2,2,0
01,04,073,15,12,3,11,10,1,4,2,2
01,04,075,1,1,0,1,1,0,0,0,0
01,04,086,1,0,1,1,0,1,0,0,0
01,04,090,8,8,0,6,6,0,2,2,0
01,04,091,8,8,0,8,8,0,0,0,0
01,04,106,2,2,0,2,2,0,0,0,0
01,04,108,3,3,0,1,1,0,2,2,0
01,04,114,21,12,9,19,11,8,2,1,1
01,04,115,2,2,0,2,2,0,0,0,0
01,04,116,1,1,0,1,1,0,0,0,0
01,04,122,3,3,0,3,3,0,0,0,0
01,04,123,437,239,198,424,228,196,13,11,2
01,05,001,69,67,2,32,32,0,37,35,2
01,05,002,369,324,45,200,158,42,169,166,3
01,05,003,3,3,0,0,0,0,3,3,0
01,05,004,301,189,112,262,158,104,39,31,8
01,05,005,136,129,7,20,20,0,116,109,7
01,05,006,30436,17307,13129,28620,15598,13022,1816,1709,107
01,05,007,95,93,2,41,41,0,54,52,2
01,05,008,610449,311134,299315,545121,277756,267365,65328,33378,31950
01,05,009,4,4,0,0,0,0,4,4,0
01,05,010,4,4,0,2,2,0,2,2,0
01,05,011,135,131,4,46,45,1,89,86,3
01,05,012,24,24,0,9,9,0,15,15,0
01,05,013,291,287,4,29,29,0,262,258,4
01,05,014,32,31,1,13,12,1,19,19,0
01,05,015,93,93,0,33,33,0,60,60,0
01,05,016,7685,4182,3503,7512,4018,3494,173,164,9
01,05,018,11,11,0,4,4,0,7,7,0
01,05,020,125,125,0,51,51,0,74,74,0
01,05,021,139,133,6,59,59,0,80,74,6
01,05,022,434,303,131,320,205,115,114,98,16
01,05,029,12,7,5,12,7,5,0,0,0
01,05,030,1,1,0,1,1,0,0,0,0
01,05,040,291,162,129,291,162,129,0,0,0
01,05,043,1,1,0,1,1,0,0,0,0
01,05,048,2,2,0,2,2,0,0,0,0
01,05,053,1394,737,657,1357,715,642,37,22,15
01,05,071,1,1,0,0,0,0,1,1,0
01,05,072,14,14,0,11,11,0,3,3,0
01,05,073,6,3,3,6,3,3,0,0,0
01,05,090,1,1,0,1,1,0,0,0,0
01,05,095,1,1,0,0,0,0,1,1,0
01,05,107,1,1,0,0,0,0,1,1,0
01,05,114,2,2,0,2,2,0,0,0,0
01,05,122,3,3,0,3,3,0,0,0,0
01,05,123,42,34,8,39,32,7,3,2,1
01,06,001,125,124,1,38,38,0,87,86,1
01,06,002,416,391,25,176,164,12,240,227,13
01,06,003,8,8,0,2,2,0,6,6,0
01,06,004,657,470,187,425,253,172,232,217,15
01,06,005,138,137,1,72,71,1,66,66,0
01,06,006,132353,73152,59201,126319,67508,58811,6034,5644,390
01,06,007,100,98,2,27,27,0,73,71,2
01,06,008,1025033,527316,497717,865572,444081,421491,159461,83235,76226
01,06,009,2,2,0,0,0,0,2,2,0
01,06,010,5,5,0,2,2,0,3,3,0
01,06,011,289,278,11,73,72,1,216,206,10
01,06,012,16,15,1,6,6,0,10,9,1
01,06,013,422,417,5,55,55,0,367,362,5
01,06,014,83,78,5,42,37,5,41,41,0
01,06,015,618,615,3,539,539,0,79,76,3
01,06,016,5327,3023,2304,4491,2382,2109,836,641,195
01,06,018,4,4,0,3,3,0,1,1,0
01,06,019,53,28,25,53,28,25,0,0,0
01,06,020,241,233,8,77,76,1,164,157,7
01,06,021,143,143,0,76,76,0,67,67,0
01,06,022,973,569,404,679,361,318,294,208,86
01,06,023,1,1,0,0,0,0,1,1,0
01,06,024,2175,1126,1049,2175,1126,1049,0,0,0
01,06,026,1,1,0,1,1,0,0,0,0
01,06,031,30,13,17,1,0,1,29,13,16
01,06,040,110,53,57,109,52,57,1,1,0
01,06,043,2,2,0,2,2,0,0,0,0
01,06,048,1,1,0,1,1,0,0,0,0
01,06,053,2976,1610,1366,2974,1608,1366,2,2,0
01,06,059,9,9,0,2,2,0,7,7,0
01,06,071,1,1,0,0,0,0,1,1,0
01,06,072,9,9,0,5,5,0,4,4,0
01,06,073,17,11,6,5,1,4,12,10,2
01,06,090,9,9,0,3,3,0,6,6,0
01,06,091,3,3,0,1,1,0,2,2,0
01,06,108,1,1,0,0,0,0,1,1,0
01,06,114,10,5,5,8,4,4,2,1,1
01,06,115,1,1,0,1,1,0,0,0,0
01,06,120,1,1,0,0,0,0,1,1,0
01,06,123,71,44,27,56,32,24,15,12,3
01,07,001,85,80,5,28,26,2,57,54,3
01,07,002,370,330,40,94,77,17,276,253,23
01,07,003,11,6,5,11,6,5,0,0,0
01,07,004,738,609,129,279,237,42,459,372,87
01,07,005,15,14,1,4,4,0,11,10,1
01,07,006,5979,5311,668,1890,1684,206,4089,3627,462
01,07,007,52,44,8,13,11,2,39,33,6
01,07,008,871,721,150,271,226,45,600,495,105
01,07,009,2,2,0,1,1,0,1,1,0
01,07,010,6,6,0,4,4,0,2,2,0
01,07,011,460,425,35,184,171,13,276,254,22
01,07,012,13,11,2,3,3,0,10,8,2
01,07,013,125,105,20,28,26,2,97,79,18
01,07,014,1465,980,485,1105,747,358,360,233,127
01,07,015,103,96,7,26,22,4,77,74,3
01,07,016,870,722,148,233,204,29,637,518,119
01,07,018,8,7,1,6,6,0,2,1,1
01,07,019,6,4,2,6,4,2,0,0,0
01,07,020,270,254,16,51,48,3,219,206,13
01,07,021,143,116,27,48,41,7,95,75,20
01,07,022,100,86,14,23,19,4,77,67,10
01,07,023,3,3,0,0,0,0,3,3,0
01,07,024,3,3,0,3,3,0,0,0,0
01,07,029,4249,2097,2152,4142,2024,2118,107,73,34
01,07,030,13,13,0,0,0,0,13,13,0
01,07,031,65,34,31,52,27,25,13,7,6
01,07,040,14,9,5,11,7,4,3,2,1
01,07,043,6,2,4,6,2,4,0,0,0
01,07,053,1,1,0,0,0,0,1,1,0
01,07,059,4,1,3,0,0,0,4,1,3
01,07,072,1,0,1,1,0,1,0,0,0
01,07,073,94731,48957,45774,74216,38006,36210,20515,10951,9564
01,07,075,8,2,6,6,2,4,2,0,2
01,07,078,1,1,0,0,0,0,1,1,0
01,07,082,2,2,0,1,1,0,1,1,0
01,07,090,5,4,1,1,1,0,4,3,1
01,07,091,1,1,0,0,0,0,1,1,0
01,07,095,1,1,0,1,1,0,0,0,0
01,07,107,94,57,37,75,45,30,19,12,7
01,07,108,1,1,0,0,0,0,1,1,0
01,07,110,52,32,20,42,22,20,10,10,0
01,07,114,5352,2616,2736,5054,2465,2589,298,151,147
01,07,115,3,3,0,0,0,0,3,3,0
01,07,123,930,537,393,674,361,313,256,176,80
01,08,001,54,54,0,42,42,0,12,12,0
01,08,002,114,111,3,70,68,2,44,43,1
01,08,004,726,660,66,677,616,61,49,44,5
01,08,005,21,21,0,15,15,0,6,6,0
01,08,006,3352,2942,410,2892,2503,389,460,439,21
01,08,007,33,33,0,18,18,0,15,15,0
01,08,008,1178,914,264,863,634,229,315,280,35
01,08,010,4,4,0,0,0,0,4,4,0
01,08,011,185,185,0,138,138,0,47,47,0
01,08,012,15,15,0,14,14,0,1,1,0
01,08,013,127,124,3,97,96,1,30,28,2
01,08,014,770,713,57,339,284,55,431,429,2
01,08,015,41,40,1,28,27,1,13,13,0
01,08,016,436,396,40,294,283,11,142,113,29
01,08,019,56,27,29,56,27,29,0,0,0
01,08,020,162,161,1,116,115,1,46,46,0
01,08,021,151,116,35,120,85,35,31,31,0
01,08,022,269,185,84,198,117,81,71,68,3
01,08,024,3,3,0,3,3,0,0,0,0
01,08,025,5,5,0,5,5,0,0,0,0
01,08,028,4,3,1,0,0,0,4,3,1
01,08,029,12624,6516,6108,11780,6078,5702,844,438,406
01,08,031,11736,5999,5737,11735,5998,5737,1,1,0
01,08,040,4,4,0,3,3,0,1,1,0
01,08,059,1,1,0,1,1,0,0,0,0
01,08,073,5640,2919,2721,5628,2916,2712,12,3,9
01,08,098,1,1,0,1,1,0,0,0,0
01,08,101,1,1,0,1,1,0,0,0,0
01,08,104,1,1,0,1,1,0,0,0,0
01,08,108,8435,4426,4009,8101,4201,3900,334,225,109
01,08,114,19,10,9,8,5,3,11,5,6
01,08,123,73139,38365,34774,65406,33825,31581,7733,4540,3193
01,09,001,264,259,5,162,160,2,102,99,3
01,09,002,1362,963,399,860,482,378,502,481,21
01,09,003,12,9,3,11,8,3,1,1,0
01,09,004,35768,19014,16754,29716,15759,13957,6052,3255,2797
01,09,005,208,143,65,176,112,64,32,31,1
01,09,006,198513,105644,92869,191989,100943,91046,6524,4701,1823
01,09,007,305,237,68,264,199,65,41,38,3
01,09,008,402817,208903,193914,371478,192008,179470,31339,16895,14444
01,09,009,11,3,8,4,3,1,7,0,7
01,09,010,14,10,4,11,7,4,3,3,0
01,09,011,468,455,13,296,295,1,172,160,12
01,09,012,27,27,0,15,15,0,12,12,0
01,09,013,4340,2251,2089,4213,2143,2070,127,108,19
01,09,014,105,81,24,58,40,18,47,41,6
01,09,015,233,216,17,91,86,5,142,130,12
01,09,016,2707,1815,892,1551,1055,496,1156,760,396
01,09,019,277,143,134,276,142,134,1,1,0
01,09,020,464,458,6,346,343,3,118,115,3
01,09,021,551,417,134,507,377,130,44,40,4
01,09,022,1098,638,460,768,421,347,330,217,113
01,09,023,1,0,1,1,0,1,0,0,0
01,09,024,96,46,50,93,44,49,3,2,1
01,09,028,50,24,26,50,24,26,0,0,0
01,09,029,1263,629,634,1258,625,633,5,4,1
01,09,030,8443,4403,4040,8431,4397,4034,12,6,6
01,09,031,1070,535,535,1064,531,533,6,4,2
01,09,037,1,0,1,1,0,1,0,0,0
01,09,040,16,7,9,14,5,9,2,2,0
01,09,043,2,2,0,1,1,0,1,1,0
01,09,044,4,4,0,4,4,0,0,0,0
01,09,046,13002,6634,6368,12602,6411,6191,400,223,177
01,09,053,3669,1959,1710,3666,1956,1710,3,3,0
01,09,055,5,2,3,0,0,0,5,2,3
01,09,071,12,7,5,11,6,5,1,1,0
01,09,072,258,138,120,258,138,120,0,0,0
01,09,073,7,4,3,5,4,1,2,0,2
01,09,074,143,74,69,143,74,69,0,0,0
01,09,075,56,33,23,18,8,10,38,25,13
01,09,086,546,320,226,540,316,224,6,4,2
01,09,090,7,5,2,3,3,0,4,2,2
01,09,091,33,20,13,33,20,13,0,0,0
01,09,092,1,1,0,0,0,0,1,1,0
01,09,098,1,0,1,1,0,1,0,0,0
01,09,100,6,2,4,6,2,4,0,0,0
01,09,108,511,283,228,509,282,227,2,1,1
01,09,112,1678,884,794,1678,884,794,0,0,0
01,09,114,520,263,257,477,234,243,43,29,14
01,09,115,3,3,0,0,0,0,3,3,0
01,09,117,1,1,0,0,0,0,1,1,0
01,09,123,10980,5557,5423,10575,5339,5236,405,218,187
01,10,001,933,793,140,159,135,24,774,658,116
01,10,002,2047,1680,367,447,403,44,1600,1277,323
01,10,003,8,3,5,0,0,0,8,3,5
01,10,004,497386,259782,237604,421940,219691,202249,75446,40091,35355
01,10,005,658,513,145,149,129,20,509,384,125
01,10,006,143125,81640,61485,122321,66196,56125,20804,15444,5360
01,10,007,422,366,56,80,76,4,342,290,52
01,10,008,78411,41117,37294,72595,37872,34723,5816,3245,2571
01,10,009,10,7,3,3,2,1,7,5,2
01,10,010,88,52,36,22,15,7,66,37,29
01,10,011,1601,1311,290,342,313,29,1259,998,261
01,10,012,83,66,17,9,7,2,74,59,15
01,10,013,1732,1392,340,420,387,33,1312,1005,307
01,10,014,732,464,268,295,185,110,437,279,158
01,10,015,1156,962,194,342,310,32,814,652,162
01,10,016,8802,5263,3539,4270,2601,1669,4532,2662,1870
01,10,018,15,12,3,4,3,1,11,9,2
01,10,019,6,2,4,4,2,2,2,0,2
01,10,020,1324,1109,215,241,222,19,1083,887,196
01,10,021,1140,887,253,248,186,62,892,701,191
01,10,022,330,225,105,95,64,31,235,161,74
01,10,023,3,3,0,0,0,0,3,3,0
01,10,026,1,1,0,1,1,0,0,0,0
01,10,028,5,4,1,0,0,0,5,4,1
01,10,030,1,1,0,0,0,0,1,1,0
01,10,031,1,1,0,0,0,0,1,1,0
01,10,037,2,2,0,1,1,0,1,1,0
01,10,040,25,18,7,10,7,3,15,11,4
01,10,043,5,4,1,0,0,0,5,4,1
01,10,046,5,4,1,1,1,0,4,3,1
01,10,051,1,0,1,0,0,0,1,0,1
01,10,052,1,1,0,1,1,0,0,0,0
01,10,053,2465,1343,1122,2381,1297,1084,84,46,38
01,10,055,76,38,38,72,36,36,4,2,2
01,10,071,2,1,1,0,0,0,2,1,1
01,10,072,1,1,0,0,0,0,1,1,0
01,10,073,34,27,7,9,4,5,25,23,2
01,10,075,239,142,97,35,21,14,204,121,83
01,10,082,5,4,1,2,2,0,3,2,1
01,10,086,3,3,0,0,0,0,3,3,0
01,10,087,5,5,0,0,0,0,5,5,0
01,10,090,1,0,1,0,0,0,1,0,1
01,10,094,6,6,0,0,0,0,6,6,0
01,10,108,13,6,7,13,6,7,0,0,0
01,10,112,5,5,0,0,0,0,5,5,0
01,10,114,56,34,22,50,30,20,6,4,2
01,10,115,2,2,0,2,2,0,0,0,0
01,10,118,1,1,0,0,0,0,1,1,0
01,10,123,536,383,153,318,222,96,218,161,57
01,11,001,77,77,0,25,25,0,52,52,0
01,11,002,217,200,17,28,24,4,189,176,13
01,11,003,9,9,0,2,2,0,7,7,0
01,11,004,440,272,168,104,57,47,336,215,121
01,11,005,20,20,0,2,2,0,18,18,0
01,11,006,328143,170116,158027,306387,157992,148395,21756,12124,9632
01,11,007,32,32,0,3,3,0,29,29,0
01,11,008,36640,18916,17724,36014,18547,17467,626,369,257
01,11,010,2,2,0,0,0,0,2,2,0
01,11,011,141,124,17,14,14,0,127,110,17
01,11,012,17,14,3,3,3,0,14,11,3
01,11,013,96,91,5,44,44,0,52,47,5
01,11,014,252,251,1,228,228,0,24,23,1
01,11,015,78,72,6,17,17,0,61,55,6
01,11,016,1680,1479,201,1289,1185,104,391,294,97
01,11,017,2,2,0,0,0,0,2,2,0
01,11,018,6,5,1,1,0,1,5,5,0
01,11,019,1,1,0,0,0,0,1,1,0
01,11,020,66,62,4,11,11,0,55,51,4
01,11,021,32,31,1,7,7,0,25,24,1
01,11,022,274,170,104,245,146,99,29,24,5
01,11,028,5,4,1,5,4,1,0,0,0
01,11,038,1,1,0,1,1,0,0,0,0
01,11,040,6,3,3,6,3,3,0,0,0
01,11,041,1,0,1,1,0,1,0,0,0
01,11,043,1,1,0,0,0,0,1,1,0
01,11,044,5,4,1,4,3,1,1,1,0
01,11,048,1,1,0,0,0,0,1,1,0
01,11,053,3962,2029,1933,3865,1980,1885,97,49,48
01,11,071,1,1,0,1,1,0,0,0,0
01,11,072,2,2,0,0,0,0,2,2,0
01,11,075,40,23,17,0,0,0,40,23,17
01,11,091,1,1,0,0,0,0,1,1,0
01,11,095,1,1,0,0,0,0,1,1,0
01,11,114,193,97,96,191,97,94,2,0,2
01,11,115,2,2,0,0,0,0,2,2,0
01,11,116,2,2,0,0,0,0,2,2,0
01,11,123,164,95,69,137,76,61,27,19,8
01,12,001,199,176,23,78,76,2,121,100,21
01,12,002,532,466,66,177,166,11,355,300,55
01,12,003,6,6,0,0,0,0,6,6,0
01,12,004,34365,18400,15965,31143,16510,14633,3222,1890,1332
01,12,005,211,143,68,142,91,51,69,52,17
01,12,006,423442,223974,199468,398084,209764,188320,25358,14210,11148
01,12,007,145,132,13,60,56,4,85,76,9
01,12,008,13641,7321,6320,10699,5695,5004,2942,1626,1316
01,12,010,2,1,1,2,1,1,0,0,0
01,12,011,349,302,47,234,202,32,115,100,15
01,12,012,29,27,2,12,12,0,17,15,2
01,12,013,263,243,20,197,189,8,66,54,12
01,12,014,89,76,13,38,33,5,51,43,8
01,12,015,147,137,10,84,81,3,63,56,7
01,12,016,2679,1914,765,2116,1499,617,563,415,148
01,12,017,1,0,1,1,0,1,0,0,0
01,12,018,13,11,2,8,7,1,5,4,1
01,12,019,2,1,1,1,1,0,1,0,1
01,12,020,233,214,19,123,114,9,110,100,10
01,12,021,182,163,19,123,112,11,59,51,8
01,12,022,420,310,110,337,245,92,83,65,18
01,12,024,1,1,0,0,0,0,1,1,0
01,12,028,2,1,1,2,1,1,0,0,0
01,12,029,28,12,16,27,11,16,1,1,0
01,12,032,1,0,1,1,0,1,0,0,0
01,12,040,3,3,0,3,3,0,0,0,0
01,12,041,1,1,0,1,1,0,0,0,0
01,12,043,3,3,0,0,0,0,3,3,0
01,12,044,1,1,0,1,1,0,0,0,0
01,12,046,17,9,8,17,9,8,0,0,0
01,12,053,3003,1575,1428,2947,1529,1418,56,46,10
01,12,055,1,1,0,1,1,0,0,0,0
01,12,072,5,5,0,0,0,0,5,5,0
01,12,073,12,11,1,11,10,1,1,1,0
01,12,075,2608,1340,1268,2371,1221,1150,237,119,118
01,12,082,2,2,0,1,1,0,1,1,0
01,12,090,3,3,0,2,2,0,1,1,0
01,12,091,1,1,0,1,1,0,0,0,0
01,12,106,1,1,0,0,0,0,1,1,0
01,12,108,1,1,0,0,0,0,1,1,0
01,12,114,6,4,2,3,1,2,3,3,0
01,12,118,1,1,0,0,0,0,1,1,0
01,12,123,633,343,290,581,302,279,52,41,11
01,13,001,1706,1526,180,413,361,52,1293,1165,128
01,13,002,3405,2397,1008,810,577,233,2595,1820,775
01,13,003,40,37,3,4,1,3,36,36,0
01,13,004,1162897,607133,555764,739173,382221,356952,423724,224912,198812
01,13,005,1177,809,368,468,336,132,709,473,236
01,13,006,157028,95335,61693,60648,36261,24387,96380,59074,37306
01,13,007,1157,888,269,320,245,75,837,643,194
01,13,008,88508,45688,42820,14775,7918,6857,73733,37770,35963
01,13,009,45,22,23,5,3,2,40,19,21
01,13,010,296,194,102,72,52,20,224,142,82
01,13,011,2817,2146,671,841,647,194,1976,1499,477
01,13,012,135,97,38,32,21,11,103,76,27
01,13,013,3268,2402,866,1026,764,262,2242,1638,604
01,13,014,3241,1926,1315,511,338,173,2730,1588,1142
01,13,015,4009,3040,969,617,447,170,3392,2593,799
01,13,016,127727,68426,59301,54493,28956,25537,73234,39470,33764
01,13,017,7,6,1,0,0,0,7,6,1
01,13,018,39,32,7,14,7,7,25,25,0
01,13,019,24,18,6,4,3,1,20,15,5
01,13,020,2968,2364,604,905,748,157,2063,1616,447
01,13,021,2383,1655,728,617,473,144,1766,1182,584
01,13,022,4194,2522,1672,849,476,373,3345,2046,1299
01,13,023,71,70,1,0,0,0,71,70,1
01,13,024,44,24,20,0,0,0,44,24,20
01,13,028,2,1,1,1,0,1,1,1,0
01,13,029,26,15,11,4,1,3,22,14,8
01,13,030,17,10,7,0,0,0,17,10,7
01,13,031,5,3,2,1,1,0,4,2,2
01,13,033,3,1,2,3,1,2,0,0,0
01,13,035,1,0,1,0,0,0,1,0,1
01,13,037,17,12,5,4,2,2,13,10,3
01,13,040,121,81,40,51,38,13,70,43,27
01,13,041,3,2,1,2,2,0,1,0,1
01,13,043,8,7,1,3,3,0,5,4,1
01,13,044,1,0,1,1,0,1,0,0,0
01,13,046,6,3,3,6,3,3,0,0,0
01,13,048,2,1,1,2,1,1,0,0,0
01,13,052,3,3,0,0,0,0,3,3,0
01,13,053,1272,653,619,481,256,225,791,397,394
01,13,054,5,4,1,0,0,0,5,4,1
01,13,071,2,2,0,1,1,0,1,1,0
01,13,072,40,34,6,1,1,0,39,33,6
01,13,073,710,460,250,400,260,140,310,200,110
01,13,074,1,1,0,1,1,0,0,0,0
01,13,075,18023,9420,8603,9572,5021,4551,8451,4399,4052
01,13,078,2,1,1,0,0,0,2,1,1
01,13,082,16,11,5,9,4,5,7,7,0
01,13,088,1,1,0,0,0,0,1,1,0
01,13,089,1,0,1,0,0,0,1,0,1
01,13,090,37,28,9,8,3,5,29,25,4
01,13,091,8,8,0,0,0,0,8,8,0
01,13,093,7,7,0,0,0,0,7,7,0
01,13,095,1,1,0,0,0,0,1,1,0
01,13,098,16,15,1,15,15,0,1,0,1
01,13,100,6,1,5,6,1,5,0,0,0
01,13,104,1,1,0,0,0,0,1,1,0
01,13,106,3,3,0,0,0,0,3,3,0
01,13,107,1,1,0,0,0,0,1,1,0
01,13,108,15,5,10,4,1,3,11,4,7
01,13,111,3,1,2,0,0,0,3,1,2
01,13,114,113,53,60,37,16,21,76,37,39
01,13,115,10,9,1,3,2,1,7,7,0
01,13,116,3,2,1,0,0,0,3,2,1
01,13,123,1074,684,390,341,200,141,733,484,249
01,14,001,136,125,11,92,81,11,44,44,0
01,14,002,374,319,55,195,141,54,179,178,1
01,14,003,3,3,0,0,0,0,3,3,0
01,14,004,468007,244124,223883,399324,207389,191935,68683,36735,31948
01,14,005,243,159,84,96,74,22,147,85,62
01,14,006,53628,29947,23681,49720,27182,22538,3908,2765,1143
01,14,007,87,60,27,63,39,24,24,21,3
01,14,008,11931,6253,5678,11276,5890,5386,655,363,292
01,14,009,1,0,1,1,0,1,0,0,0
01,14,010,74,61,13,59,53,6,15,8,7
01,14,011,179,121,58,130,81,49,49,40,9
01,14,012,11,10,1,7,6,1,4,4,0
01,14,013,159,125,34,125,96,29,34,29,5
01,14,014,302,178,124,277,158,119,25,20,5
01,14,015,832,674,158,647,510,137,185,164,21
01,14,016,9858,4791,5067,5878,2851,3027,3980,1940,2040
01,14,017,1,1,0,0,0,0,1,1,0
01,14,018,8,8,0,0,0,0,8,8,0
01,14,019,4,3,1,4,3,1,0,0,0
01,14,020,186,150,36,152,118,34,34,32,2
01,14,021,113,82,31,87,58,29,26,24,2
01,14,022,270,191,79,67,37,30,203,154,49
01,14,023,1,0,1,1,0,1,0,0,0
01,14,024,1,1,0,0,0,0,1,1,0
01,14,029,2,2,0,2,2,0,0,0,0
01,14,030,1,1,0,0,0,0,1,1,0
01,14,040,15,10,5,12,9,3,3,1,2
01,14,043,2,2,0,0,0,0,2,2,0
01,14,044,3,2,1,2,2,0,1,0,1
01,14,046,19,11,8,19,11,8,0,0,0
01,14,052,1,1,0,0,0,0,1,1,0
01,14,053,1024,553,471,918,492,426,106,61,45
01,14,054,4,3,1,4,3,1,0,0,0
01,14,055,1,1,0,1,1,0,0,0,0
01,14,059,3,3,0,1,1,0,2,2,0
01,14,072,4,4,0,2,2,0,2,2,0
01,14,073,44,18,26,6,5,1,38,13,25
01,14,074,1,1,0,1,1,0,0,0,0
01,14,075,1217,655,562,936,504,432,281,151,130
01,14,082,1,1,0,0,0,0,1,1,0
01,14,090,31,22,9,23,14,9,8,8,0
01,14,091,2,2,0,0,0,0,2,2,0
01,14,095,3,1,2,3,1,2,0,0,0
01,14,106,2,2,0,0,0,0,2,2,0
01,14,114,15,8,7,15,8,7,0,0,0
01,14,115,2,2,0,0,0,0,2,2,0
01,14,123,1278,700,578,1210,655,555,68,45,23
01,01,001,401,398,3,352,349,3,49,49,0
01,01,002,602,597,5,466,462,4,136,135,1
01,01,003,23,23,0,17,17,0,6,6,0
01,01,004,373,343,30,354,324,30,19,19,0
01,01,005,290,287,3,261,258,3,29,29,0
01,01,006,152125,82455,69670,149915,80772,69143,2210,1683,527
01,01,007,751,592,159,721,562,159,30,30,0
01,01,008,483581,247504,236077,461663,235212,226451,21918,12292,9626
01,01,009,1,1,0,1,1,0,0,0,0
01,01,010,9,8,1,6,5,1,3,3,0
01,01,011,671,664,7,610,603,7,61,61,0
01,01,012,60,59,1,51,50,1,9,9,0
01,01,013,770,760,10,744,734,10,26,26,0
01,01,014,426,368,58,394,337,57,32,31,1
01,01,015,149,144,5,117,112,5,32,32,0
01,01,016,3134,2478,656,2871,2294,577,263,184,79
01,01,018,104,53,51,104,53,51,0,0,0
01,01,019,2,2,0,0,0,0,2,2,0
01,01,020,871,867,4,840,836,4,31,31,0
01,01,021,557,552,5,545,540,5,12,12,0
01,01,022,1382,877,505,920,509,411,462,368,94
01,01,024,444,224,220,444,224,220,0,0,0
01,01,025,5,5,0,5,5,0,0,0,0
01,01,026,2,2,0,2,2,0,0,0,0
01,01,037,2,2,0,2,2,0,0,0,0
01,01,040,3,3,0,3,3,0,0,0,0
01,01,043,11,11,0,9,9,0,2,2,0
01,01,044,1,1,0,1,1,0,0,0,0
01,01,051,1,1,0,1,1,0,0,0,0
01,01,053,2852,1505,1347,2708,1421,1287,144,84,60
01,01,054,1,1,0,1,1,0,0,0,0
01,01,055,3,3,0,1,1,0,2,2,0
01,01,071,14,14,0,14,14,0,0,0,0
01,01,072,6,6,0,3,3,0,3,3,0
01,01,073,4,4,0,4,4,0,0,0,0
01,01,075,2,2,0,1,1,0,1,1,0
01,01,081,1,1,0,1,1,0,0,0,0
01,01,082,74,74,0,74,74,0,0,0,0
01,01,087,3,3,0,2,2,0,1,1,0
01,01,090,3,3,0,0,0,0,3,3,0
01,01,093,2,2,0,1,1,0,1,1,0
01,01,095,16,16,0,15,15,0,1,1,0
01,01,101,1,1,0,1,1,0,0,0,0
01,01,111,5,5,0,5,5,0,0,0,0
01,01,113,2,2,0,2,2,0,0,0,0
01,01,114,3,3,0,3,3,0,0,0,0
01,01,115,17,17,0,17,17,0,0,0,0
01,01,117,3,3,0,3,3,0,0,0,0
01,01,123,630,357,273,623,350,273,7,7,0
01,02,001,277,265,12,141,138,3,136,127,9
01,02,002,1169,1107,62,470,428,42,699,679,20
01,02,003,8,8,0,6,6,0,2,2,0
01,02,004,509,434,75,333,278,55,176,156,20
01,02,005,180,173,7,93,87,6,87,86,1
01,02,006,136915,76133,60782,131558,71979,59579,5357,4154,1203
01,02,007,245,231,14,134,126,8,111,105,6
01,02,008,995862,516973,478889,809730,419122,390608,186132,97851,88281
01,02,009,2,2,0,1,1,0,1,1,0
01,02,010,22,22,0,16,16,0,6,6,0
01,02,011,585,555,30,402,384,18,183,171,12
01,02,012,42,42,0,20,20,0,22,22,0
01,02,013,379,366,13,215,212,3,164,154,10
01,02,014,115,107,8,61,59,2,54,48,6
01,02,015,291,280,11,150,145,5,141,135,6
01,02,016,6099,3487,2612,3754,2148,1606,2345,1339,1006
01,02,017,8,8,0,0,0,0,8,8,0
01,02,018,18,18,0,4,4,0,14,14,0
01,02,020,382,368,14,196,188,8,186,180,6
01,02,021,319,313,6,136,133,3,183,180,3
01,02,022,826,481,345,671,369,302,155,112,43
01,02,024,93,46,47,93,46,47,0,0,0
01,02,028,4,3,1,2,1,1,2,2,0
01,02,029,3,3,0,3,3,0,0,0,0
01,02,030,5,3,2,5,3,2,0,0,0
01,02,033,1,1,0,0,0,0,1,1,0
01,02,040,57,38,19,51,33,18,6,5,1
01,02,043,6,6,0,4,4,0,2,2,0
01,02,048,1,1,0,1,1,0,0,0,0
01,02,053,116,68,48,115,67,48,1,1,0
01,02,054,1,1,0,0,0,0,1,1,0
01,02,059,2,2,0,0,0,0,2,2,0
01,02,061,1,1,0,1,1,0,0,0,0
01,02,071,2,2,0,0,0,0,2,2,0
01,02,072,9,9,0,6,6,0,3,3,0
01,02,073,7,3,4,7,3,4,0,0,0
01,02,082,2,2,0,1,1,0,1,1,0
01,02,090,9,9,0,5,5,0,4,4,0
01,02,091,1,1,0,0,0,0,1,1,0
01,02,092,2,2,0,0,0,0,2,2,0
01,02,108,24364,12802,11562,24277,12762,11515,87,40,47
01,02,114,35,21,14,26,17,9,9,4,5
01,02,115,9,9,0,1,1,0,8,8,0
01,02,123,797,410,387,769,385,384,28,25,3
01,03,001,1605,1573,32,44,44,0,1561,1529,32
01,03,002,3031,2777,254,143,128,15,2888,2649,239
01,03,003,146,142,4,1,1,0,145,141,4
01,03,004,2971,2592,379,110,86,24,2861,2506,355
01,03,005,512,473,39,30,28,2,482,445,37
01,03,006,83437,54388,29049,55953,29889,26064,27484,24499,2985
01,03,007,810,761,49,22,22,0,788,739,49
01,03,008,1078258,564383,513875,190743,98578,92165,887515,465805,421710
01,03,009,12,9,3,0,0,0,12,9,3
01,03,010,37,36,1,9,8,1,28,28,0
01,03,011,2020,1846,174,66,66,0,1954,1780,174
01,03,012,483,473,10,5,5,0,478,468,10
01,03,013,2098,1897,201,65,65,0,2033,1832,201
01,03,014,536,487,49,24,24,0,512,463,49
01,03,015,1224,1107,117,30,30,0,1194,1077,117
01,03,016,9977,6518,3459,110,92,18,9867,6426,3441
01,03,018,36,35,1,2,2,0,34,33,1
01,03,019,5,5,0,1,1,0,4,4,0
01,03,020,2006,1893,113,311,308,3,1695,1585,110
01,03,021,1438,1297,141,219,218,1,1219,1079,140
01,03,022,2199,1407,792,717,374,343,1482,1033,449
01,03,023,49,49,0,0,0,0,49,49,0
01,03,024,4535,2305,2230,4517,2295,2222,18,10,8
01,03,025,6,5,1,0,0,0,6,5,1
01,03,027,11,11,0,0,0,0,11,11,0
01,03,028,15,11,4,0,0,0,15,11,4
01,03,029,1029,543,486,844,453,391,185,90,95
01,03,030,1,1,0,0,0,0,1,1,0
01,03,031,23,14,9,6,3,3,17,11,6
01,03,033,5,2,3,0,0,0,5,2,3
01,03,039,2,2,0,0,0,0,2,2,0
01,03,040,329,181,148,1,1,0,328,180,148
01,03,042,1,1,0,0,0,0,1,1,0
01,03,043,48,48,0,2,2,0,46,46,0
01,03,044,3,2,1,0,0,0,3,2,1
01,03,047,9,9,0,0,0,0,9,9,0
01,03,048,2,2,0,0,0,0,2,2,0
01,03,051,3,3,0,0,0,0,3,3,0
01,03,053,220,129,91,205,116,89,15,13,2
01,03,054,3,3,0,0,0,0,3,3,0
01,03,055,5,5,0,0,0,0,5,5,0
01,03,057,2,2,0,0,0,0,2,2,0
01,03,059,3,3,0,0,0,0,3,3,0
01,03,061,13,13,0,0,0,0,13,13,0
01,03,064,2,2,0,0,0,0,2,2,0
01,03,066,5,5,0,0,0,0,5,5,0
01,03,071,41,41,0,1,1,0,40,40,0
01,03,072,44,38,6,32,26,6,12,12,0
01,03,073,239,138,101,19,9,10,220,129,91
01,03,075,30,28,2,1,1,0,29,27,2
01,03,078,1,1,0,0,0,0,1,1,0
01,03,081,6,6,0,0,0,0,6,6,0
01,03,082,98,91,7,2,2,0,96,89,7
01,03,085,1,1,0,0,0,0,1,1,0
01,03,088,1,1,0,0,0,0,1,1,0
01,03,089,57,56,1,0,0,0,57,56,1
01,03,090,21,19,2,0,0,0,21,19,2
01,03,091,12,12,0,0,0,0,12,12,0
01,03,093,106,106,0,0,0,0,106,106,0
01,03,095,1,1,0,0,0,0,1,1,0
01,03,099,1,1,0,0,0,0,1,1,0
01,03,100,1,1,0,0,0,0,1,1,0
01,03,106,13,13,0,0,0,0,13,13,0
01,03,107,1,1,0,0,0,0,1,1,0
01,03,108,862,453,409,756,399,357,106,54,52
01,03,109,1,1,0,0,0,0,1,1,0
01,03,111,5,5,0,0,0,0,5,5,0
01,03,113,3,3,0,0,0,0,3,3,0
01,03,114,45,33,12,3,1,2,42,32,10
01,03,115,30,29,1,2,2,0,28,27,1
01,03,116,1,1,0,0,0,0,1,1,0
01,03,118,1,1,0,0,0,0,1,1,0
01,03,119,1,1,0,0,0,0,1,1,0
01,03,123,1659,959,700,1285,654,631,374,305,69
01,04,001,139,138,1,116,116,0,23,22,1
01,04,002,408,355,53,344,298,46,64,57,7
01,04,003,19,19,0,18,18,0,1,1,0
01,04,004,422,309,113,366,257,109,56,52,4
01,04,005,127,123,4,46,46,0,81,77,4
01,04,006,21788,12913,8875,19857,11068,8789,1931,1845,86
01,04,007,184,180,4,132,132,0,52,48,4
01,04,008,598553,307163,291390,531195,271988,259207,67358,35175,32183
01,04,010,12,12,0,11,11,0,1,1,0
01,04,011,163,158,5,118,118,0,45,40,5
01,04,012,22,22,0,18,18,0,4,4,0
01,04,013,362,359,3,196,196,0,166,163,3
01,04,014,51,47,4,43,39,4,8,8,0
01,04,015,113,111,2,77,77,0,36,34,2
01,04,016,3694,2162,1532,3222,1867,1355,472,295,177
01,04,018,5,5,0,4,4,0,1,1,0
01,04,020,196,194,2,132,132,0,64,62,2
01,04,021,218,214,4,110,110,0,108,104,4
01,04,022,482,329,153,395,265,130,87,64,23
01,04,029,4,4,0,4,4,0,0,0,0
01,04,030,1,1,0,1,1,0,0,0,0
01,04,040,5,3,2,4,3,1,1,0,1
01,04,043,7,7,0,7,7,0,0,0,0
01,04,048,4,4,0,4,4,0,0,0,0
01,04,053,1813,912,901,1809,908,901,4,4,0
01,04,054,1,1,0,1,1,0,0,0,0
01,04,059,1,1,0,1,1,0,0,0,0
01,04,071,3,3,0,3,3,0,0,0,0
01,04,072,10,10,0,8,8,0,2,2,0
01,04,073,15,12,3,11,10,1,4,2,2
01,04,075,1,1,0,1,1,0,0,0,0
01,04,086,1,0,1,1,0,1,0,0,0
01,04,090,8,8,0,6,6,0,2,2,0
01,04,091,8,8,0,8,8,0,0,0,0
01,04,106,2,2,0,2,2,0,0,0,0
01,04,108,3,3,0,1,1,0,2,2,0
01,04,114,21,12,9,19,11,8,2,1,1
01,04,115,2,2,0,2,2,0,0,0,0
01,04,116,1,1,0,1,1,0,0,0,0
01,04,122,3,3,0,3,3,0,0,0,0
01,04,123,437,239,198,424,228,196,13,11,2
01,05,001,69,67,2,32,32,0,37,35,2
01,05,002,369,324,45,200,158,42,169,166,3
01,05,003,3,3,0,0,0,0,3,3,0
01,05,004,301,189,112,262,158,104,39,31,8
01,05,005,136,129,7,20,20,0,116,109,7
01,05,006,30436,17307,13129,28620,15598,13022,1816,1709,107
01,05,007,95,93,2,41,41,0,54,52,2
01,05,008,610449,311134,299315,545121,277756,267365,65328,33378,31950
01,05,009,4,4,0,0,0,0,4,4,0
01,05,010,4,4,0,2,2,0,2,2,0
01,05,011,135,131,4,46,45,1,89,86,3
01,05,012,24,24,0,9,9,0,15,15,0
01,05,013,291,287,4,29,29,0,262,258,4
01,05,014,32,31,1,13,12,1,19,19,0
01,05,015,93,93,0,33,33,0,60,60,0
01,05,016,7685,4182,3503,7512,4018,3494,173,164,9
01,05,018,11,11,0,4,4,0,7,7,0
01,05,020,125,125,0,51,51,0,74,74,0
01,05,021,139,133,6,59,59,0,80,74,6
01,05,022,434,303,131,320,205,115,114,98,16
01,05,029,12,7,5,12,7,5,0,0,0
01,05,030,1,1,0,1,1,0,0,0,0
01,05,040,291,162,129,291,162,129,0,0,0
01,05,043,1,1,0,1,1,0,0,0,0
01,05,048,2,2,0,2,2,0,0,0,0
01,05,053,1394,737,657,1357,715,642,37,22,15
01,05,071,1,1,0,0,0,0,1,1,0
01,05,072,14,14,0,11,11,0,3,3,0
01,05,073,6,3,3,6,3,3,0,0,0
01,05,090,1,1,0,1,1,0,0,0,0
01,05,095,1,1,0,0,0,0,1,1,0
01,05,107,1,1,0,0,0,0,1,1,0
01,05,114,2,2,0,2,2,0,0,0,0
01,05,122,3,3,0,3,3,0,0,0,0
01,05,123,42,34,8,39,32,7,3,2,1
01,06,001,125,124,1,38,38,0,87,86,1
01,06,002,416,391,25,176,164,12,240,227,13
01,06,003,8,8,0,2,2,0,6,6,0
01,06,004,657,470,187,425,253,172,232,217,15
01,06,005,138,137,1,72,71,1,66,66,0
01,06,006,132353,73152,59201,126319,67508,58811,6034,5644,390
01,06,007,100,98,2,27,27,0,73,71,2
01,06,008,1025033,527316,497717,865572,444081,421491,159461,83235,76226
01,06,009,2,2,0,0,0,0,2,2,0
01,06,010,5,5,0,2,2,0,3,3,0
01,06,011,289,278,11,73,72,1,216,206,10
01,06,012,16,15,1,6,6,0,10,9,1
01,06,013,422,417,5,55,55,0,367,362,5
01,06,014,83,78,5,42,37,5,41,41,0
01,06,015,618,615,3,539,539,0,79,76,3
01,06,016,5327,3023,2304,4491,2382,2109,836,641,195
01,06,018,4,4,0,3,3,0,1,1,0
01,06,019,53,28,25,53,28,25,0,0,0
01,06,020,241,233,8,77,76,1,164,157,7
01,06,021,143,143,0,76,76,0,67,67,0
01,06,022,973,569,404,679,361,318,294,208,86
01,06,023,1,1,0,0,0,0,1,1,0
01,06,024,2175,1126,1049,2175,1126,1049,0,0,0
01,06,026,1,1,0,1,1,0,0,0,0
01,06,031,30,13,17,1,0,1,29,13,16
01,06,040,110,53,57,109,52,57,1,1,0
01,06,043,2,2,0,2,2,0,0,0,0
01,06,048,1,1,0,1,1,0,0,0,0
01,06,053,2976,1610,1366,2974,1608,1366,2,2,0
01,06,059,9,9,0,2,2,0,7,7,0
01,06,071,1,1,0,0,0,0,1,1,0
01,06,072,9,9,0,5,5,0,4,4,0
01,06,073,17,11,6,5,1,4,12,10,2
01,06,090,9,9,0,3,3,0,6,6,0
01,06,091,3,3,0,1,1,0,2,2,0
01,06,108,1,1,0,0,0,0,1,1,0
01,06,114,10,5,5,8,4,4,2,1,1
01,06,115,1,1,0,1,1,0,0,0,0
01,06,120,1,1,0,0,0,0,1,1,0
01,06,123,71,44,27,56,32,24,15,12,3
01,07,001,85,80,5,28,26,2,57,54,3
01,07,002,370,330,40,94,77,17,276,253,23
01,07,003,11,6,5,11,6,5,0,0,0
01,07,004,738,609,129,279,237,42,459,372,87
01,07,005,15,14,1,4,4,0,11,10,1
01,07,006,5979,5311,668,1890,1684,206,4089,3627,462
01,07,007,52,44,8,13,11,2,39,33,6
01,07,008,871,721,150,271,226,45,600,495,105
01,07,009,2,2,0,1,1,0,1,1,0
01,07,010,6,6,0,4,4,0,2,2,0
01,07,011,460,425,35,184,171,13,276,254,22
01,07,012,13,11,2,3,3,0,10,8,2
01,07,013,125,105,20,28,26,2,97,79,18
01,07,014,1465,980,485,1105,747,358,360,233,127
01,07,015,103,96,7,26,22,4,77,74,3
01,07,016,870,722,148,233,204,29,637,518,119
01,07,018,8,7,1,6,6,0,2,1,1
01,07,019,6,4,2,6,4,2,0,0,0
01,07,020,270,254,16,51,48,3,219,206,13
01,07,021,143,116,27,48,41,7,95,75,20
01,07,022,100,86,14,23,19,4,77,67,10
01,07,023,3,3,0,0,0,0,3,3,0
01,07,024,3,3,0,3,3,0,0,0,0
01,07,029,4249,2097,2152,4142,2024,2118,107,73,34
01,07,030,13,13,0,0,0,0,13,13,0
01,07,031,65,34,31,52,27,25,13,7,6
01,07,040,14,9,5,11,7,4,3,2,1
01,07,043,6,2,4,6,2,4,0,0,0
01,07,053,1,1,0,0,0,0,1,1,0
01,07,059,4,1,3,0,0,0,4,1,3
01,07,072,1,0,1,1,0,1,0,0,0
01,07,073,94731,48957,45774,74216,38006,36210,20515,10951,9564
01,07,075,8,2,6,6,2,4,2,0,2
01,07,078,1,1,0,0,0,0,1,1,0
01,07,082,2,2,0,1,1,0,1,1,0
01,07,090,5,4,1,1,1,0,4,3,1
01,07,091,1,1,0,0,0,0,1,1,0
01,07,095,1,1,0,1,1,0,0,0,0
01,07,107,94,57,37,75,45,30,19,12,7
01,07,108,1,1,0,0,0,0,1,1,0
01,07,110,52,32,20,42,22,20,10,10,0
01,07,114,5352,2616,2736,5054,2465,2589,298,151,147
01,07,115,3,3,0,0,0,0,3,3,0
01,07,123,930,537,393,674,361,313,256,176,80
01,08,001,54,54,0,42,42,0,12,12,0
01,08,002,114,111,3,70,68,2,44,43,1
01,08,004,726,660,66,677,616,61,49,44,5
01,08,005,21,21,0,15,15,0,6,6,0
01,08,006,3352,2942,410,2892,2503,389,460,439,21
01,08,007,33,33,0,18,18,0,15,15,0
01,08,008,1178,914,264,863,634,229,315,280,35
01,08,010,4,4,0,0,0,0,4,4,0
01,08,011,185,185,0,138,138,0,47,47,0
01,08,012,15,15,0,14,14,0,1,1,0
01,08,013,127,124,3,97,96,1,30,28,2
01,08,014,770,713,57,339,284,55,431,429,2
01,08,015,41,40,1,28,27,1,13,13,0
01,08,016,436,396,40,294,283,11,142,113,29
01,08,019,56,27,29,56,27,29,0,0,0
01,08,020,162,161,1,116,115,1,46,46,0
01,08,021,151,116,35,120,85,35,31,31,0
01,08,022,269,185,84,198,117,81,71,68,3
01,08,024,3,3,0,3,3,0,0,0,0
01,08,025,5,5,0,5,5,0,0,0,0
01,08,028,4,3,1,0,0,0,4,3,1
01,08,029,12624,6516,6108,11780,6078,5702,844,438,406
01,08,031,11736,5999,5737,11735,5998,5737,1,1,0
01,08,040,4,4,0,3,3,0,1,1,0
01,08,059,1,1,0,1,1,0,0,0,0
01,08,073,5640,2919,2721,5628,2916,2712,12,3,9
01,08,098,1,1,0,1,1,0,0,0,0
01,08,101,1,1,0,1,1,0,0,0,0
01,08,104,1,1,0,1,1,0,0,0,0
01,08,108,8435,4426,4009,8101,4201,3900,334,225,109
01,08,114,19,10,9,8,5,3,11,5,6
01,08,123,73139,38365,34774,65406,33825,31581,7733,4540,3193
01,09,001,264,259,5,162,160,2,102,99,3
01,09,002,1362,963,399,860,482,378,502,481,21
01,09,003,12,9,3,11,8,3,1,1,0
01,09,004,35768,19014,16754,29716,15759,13957,6052,3255,2797
01,09,005,208,143,65,176,112,64,32,31,1
01,09,006,198513,105644,92869,191989,100943,91046,6524,4701,1823
01,09,007,305,237,68,264,199,65,41,38,3
01,09,008,402817,208903,193914,371478,192008,179470,31339,16895,14444
01,09,009,11,3,8,4,3,1,7,0,7
01,09,010,14,10,4,11,7,4,3,3,0
01,09,011,468,455,13,296,295,1,172,160,12
01,09,012,27,27,0,15,15,0,12,12,0
01,09,013,4340,2251,2089,4213,2143,2070,127,108,19
01,09,014,105,81,24,58,40,18,47,41,6
01,09,015,233,216,17,91,86,5,142,130,12
01,09,016,2707,1815,892,1551,1055,496,1156,760,396
01,09,019,277,143,134,276,142,134,1,1,0
01,09,020,464,458,6,346,343,3,118,115,3
01,09,021,551,417,134,507,377,130,44,40,4
01,09,022,1098,638,460,768,421,347,330,217,113
01,09,023,1,0,1,1,0,1,0,0,0
01,09,024,96,46,50,93,44,49,3,2,1
01,09,028,50,24,26,50,24,26,0,0,0
01,09,029,1263,629,634,1258,625,633,5,4,1
01,09,030,8443,4403,4040,8431,4397,4034,12,6,6
01,09,031,1070,535,535,1064,531,533,6,4,2
01,09,037,1,0,1,1,0,1,0,0,0
01,09,040,16,7,9,14,5,9,2,2,0
01,09,043,2,2,0,1,1,0,1,1,0
01,09,044,4,4,0,4,4,0,0,0,0
01,09,046,13002,6634,6368,12602,6411,6191,400,223,177
01,09,053,3669,1959,1710,3666,1956,1710,3,3,0
01,09,055,5,2,3,0,0,0,5,2,3
01,09,071,12,7,5,11,6,5,1,1,0
01,09,072,258,138,120,258,138,120,0,0,0
01,09,073,7,4,3,5,4,1,2,0,2
01,09,074,143,74,69,143,74,69,0,0,0
01,09,075,56,33,23,18,8,10,38,25,13
01,09,086,546,320,226,540,316,224,6,4,2
01,09,090,7,5,2,3,3,0,4,2,2
01,09,091,33,20,13,33,20,13,0,0,0
01,09,092,1,1,0,0,0,0,1,1,0
01,09,098,1,0,1,1,0,1,0,0,0
01,09,100,6,2,4,6,2,4,0,0,0
01,09,108,511,283,228,509,282,227,2,1,1
01,09,112,1678,884,794,1678,884,794,0,0,0
01,09,114,520,263,257,477,234,243,43,29,14
01,09,115,3,3,0,0,0,0,3,3,0
01,09,117,1,1,0,0,0,0,1,1,0
01,09,123,10980,5557,5423,10575,5339,5236,405,218,187
01,10,001,933,793,140,159,135,24,774,658,116
01,10,002,2047,1680,367,447,403,44,1600,1277,323
01,10,003,8,3,5,0,0,0,8,3,5
01,10,004,497386,259782,237604,421940,219691,202249,75446,40091,35355
01,10,005,658,513,145,149,129,20,509,384,125
01,10,006,143125,81640,61485,122321,66196,56125,20804,15444,5360
01,10,007,422,366,56,80,76,4,342,290,52
01,10,008,78411,41117,37294,72595,37872,34723,5816,3245,2571
01,10,009,10,7,3,3,2,1,7,5,2
01,10,010,88,52,36,22,15,7,66,37,29
01,10,011,1601,1311,290,342,313,29,1259,998,261
01,10,012,83,66,17,9,7,2,74,59,15
01,10,013,1732,1392,340,420,387,33,1312,1005,307
01,10,014,732,464,268,295,185,110,437,279,158
01,10,015,1156,962,194,342,310,32,814,652,162
01,10,016,8802,5263,3539,4270,2601,1669,4532,2662,1870
01,10,018,15,12,3,4,3,1,11,9,2
01,10,019,6,2,4,4,2,2,2,0,2
01,10,020,1324,1109,215,241,222,19,1083,887,196
01,10,021,1140,887,253,248,186,62,892,701,191
01,10,022,330,225,105,95,64,31,235,161,74
01,10,023,3,3,0,0,0,0,3,3,0
01,10,026,1,1,0,1,1,0,0,0,0
01,10,028,5,4,1,0,0,0,5,4,1
01,10,030,1,1,0,0,0,0,1,1,0
01,10,031,1,1,0,0,0,0,1,1,0
01,10,037,2,2,0,1,1,0,1,1,0
01,10,040,25,18,7,10,7,3,15,11,4
01,10,043,5,4,1,0,0,0,5,4,1
01,10,046,5,4,1,1,1,0,4,3,1
01,10,051,1,0,1,0,0,0,1,0,1
01,10,052,1,1,0,1,1,0,0,0,0
01,10,053,2465,1343,1122,2381,1297,1084,84,46,38
01,10,055,76,38,38,72,36,36,4,2,2
01,10,071,2,1,1,0,0,0,2,1,1
01,10,072,1,1,0,0,0,0,1,1,0
01,10,073,34,27,7,9,4,5,25,23,2
01,10,075,239,142,97,35,21,14,204,121,83
01,10,082,5,4,1,2,2,0,3,2,1
01,10,086,3,3,0,0,0,0,3,3,0
01,10,087,5,5,0,0,0,0,5,5,0
01,10,090,1,0,1,0,0,0,1,0,1
01,10,094,6,6,0,0,0,0,6,6,0
01,10,108,13,6,7,13,6,7,0,0,0
01,10,112,5,5,0,0,0,0,5,5,0
01,10,114,56,34,22,50,30,20,6,4,2
01,10,115,2,2,0,2,2,0,0,0,0
01,10,118,1,1,0,0,0,0,1,1,0
01,10,123,536,383,153,318,222,96,218,161,57
01,11,001,77,77,0,25,25,0,52,52,0
01,11,002,217,200,17,28,24,4,189,176,13
01,11,003,9,9,0,2,2,0,7,7,0
01,11,004,440,272,168,104,57,47,336,215,121
01,11,005,20,20,0,2,2,0,18,18,0
01,11,006,328143,170116,158027,306387,157992,148395,21756,12124,9632
01,11,007,32,32,0,3,3,0,29,29,0
01,11,008,36640,18916,17724,36014,18547,17467,626,369,257
01,11,010,2,2,0,0,0,0,2,2,0
01,11,011,141,124,17,14,14,0,127,110,17
01,11,012,17,14,3,3,3,0,14,11,3
01,11,013,96,91,5,44,44,0,52,47,5
01,11,014,252,251,1,228,228,0,24,23,1
01,11,015,78,72,6,17,17,0,61,55,6
01,11,016,1680,1479,201,1289,1185,104,391,294,97
01,11,017,2,2,0,0,0,0,2,2,0
01,11,018,6,5,1,1,0,1,5,5,0
01,11,019,1,1,0,0,0,0,1,1,0
01,11,020,66,62,4,11,11,0,55,51,4
01,11,021,32,31,1,7,7,0,25,24,1
01,11,022,274,170,104,245,146,99,29,24,5
01,11,028,5,4,1,5,4,1,0,0,0
01,11,038,1,1,0,1,1,0,0,0,0
01,11,040,6,3,3,6,3,3,0,0,0
01,11,041,1,0,1,1,0,1,0,0,0
01,11,043,1,1,0,0,0,0,1,1,0
01,11,044,5,4,1,4,3,1,1,1,0
01,11,048,1,1,0,0,0,0,1,1,0
01,11,053,3962,2029,1933,3865,1980,1885,97,49,48
01,11,071,1,1,0,1,1,0,0,0,0
01,11,072,2,2,0,0,0,0,2,2,0
01,11,075,40,23,17,0,0,0,40,23,17
01,11,091,1,1,0,0,0,0,1,1,0
01,11,095,1,1,0,0,0,0,1,1,0
01,11,114,193,97,96,191,97,94,2,0,2
01,11,115,2,2,0,0,0,0,2,2,0
01,11,116,2,2,0,0,0,0,2,2,0
01,11,123,164,95,69,137,76,61,27,19,8
01,12,001,199,176,23,78,76,2,121,100,21
01,12,002,532,466,66,177,166,11,355,300,55
01,12,003,6,6,0,0,0,0,6,6,0
01,12,004,34365,18400,15965,31143,16510,14633,3222,1890,1332
01,12,005,211,143,68,142,91,51,69,52,17
01,12,006,423442,223974,199468,398084,209764,188320,25358,14210,11148
01,12,007,145,132,13,60,56,4,85,76,9
01,12,008,13641,7321,6320,10699,5695,5004,2942,1626,1316
01,12,010,2,1,1,2,1,1,0,0,0
01,12,011,349,302,47,234,202,32,115,100,15
01,12,012,29,27,2,12,12,0,17,15,2
01,12,013,263,243,20,197,189,8,66,54,12
01,12,014,89,76,13,38,33,5,51,43,8
01,12,015,147,137,10,84,81,3,63,56,7
01,12,016,2679,1914,765,2116,1499,617,563,415,148
01,12,017,1,0,1,1,0,1,0,0,0
01,12,018,13,11,2,8,7,1,5,4,1
01,12,019,2,1,1,1,1,0,1,0,1
01,12,020,233,214,19,123,114,9,110,100,10
01,12,021,182,163,19,123,112,11,59,51,8
01,12,022,420,310,110,337,245,92,83,65,18
01,12,024,1,1,0,0,0,0,1,1,0
01,12,028,2,1,1,2,1,1,0,0,0
01,12,029,28,12,16,27,11,16,1,1,0
01,12,032,1,0,1,1,0,1,0,0,0
01,12,040,3,3,0,3,3,0,0,0,0
01,12,041,1,1,0,1,1,0,0,0,0
01,12,043,3,3,0,0,0,0,3,3,0
01,12,044,1,1,0,1,1,0,0,0,0
01,12,046,17,9,8,17,9,8,0,0,0
01,12,053,3003,1575,1428,2947,1529,1418,56,46,10
01,12,055,1,1,0,1,1,0,0,0,0
01,12,072,5,5,0,0,0,0,5,5,0
01,12,073,12,11,1,11,10,1,1,1,0
01,12,075,2608,1340,1268,2371,1221,1150,237,119,118
01,12,082,2,2,0,1,1,0,1,1,0
01,12,090,3,3,0,2,2,0,1,1,0
01,12,091,1,1,0,1,1,0,0,0,0
01,12,106,1,1,0,0,0,0,1,1,0
01,12,108,1,1,0,0,0,0,1,1,0
01,12,114,6,4,2,3,1,2,3,3,0
01,12,118,1,1,0,0,0,0,1,1,0
01,12,123,633,343,290,581,302,279,52,41,11
01,13,001,1706,1526,180,413,361,52,1293,1165,128
01,13,002,3405,2397,1008,810,577,233,2595,1820,775
01,13,003,40,37,3,4,1,3,36,36,0
01,13,004,1162897,607133,555764,739173,382221,356952,423724,224912,198812
01,13,005,1177,809,368,468,336,132,709,473,236
01,13,006,157028,95335,61693,60648,36261,24387,96380,59074,37306
01,13,007,1157,888,269,320,245,75,837,643,194
01,13,008,88508,45688,42820,14775,7918,6857,73733,37770,35963
01,13,009,45,22,23,5,3,2,40,19,21
01,13,010,296,194,102,72,52,20,224,142,82
01,13,011,2817,2146,671,841,647,194,1976,1499,477
01,13,012,135,97,38,32,21,11,103,76,27
01,13,013,3268,2402,866,1026,764,262,2242,1638,604
01,13,014,3241,1926,1315,511,338,173,2730,1588,1142
01,13,015,4009,3040,969,617,447,170,3392,2593,799
01,13,016,127727,68426,59301,54493,28956,25537,73234,39470,33764
01,13,017,7,6,1,0,0,0,7,6,1
01,13,018,39,32,7,14,7,7,25,25,0
01,13,019,24,18,6,4,3,1,20,15,5
01,13,020,2968,2364,604,905,748,157,2063,1616,447
01,13,021,2383,1655,728,617,473,144,1766,1182,584
01,13,022,4194,2522,1672,849,476,373,3345,2046,1299
01,13,023,71,70,1,0,0,0,71,70,1
01,13,024,44,24,20,0,0,0,44,24,20
01,13,028,2,1,1,1,0,1,1,1,0
01,13,029,26,15,11,4,1,3,22,14,8
01,13,030,17,10,7,0,0,0,17,10,7
01,13,031,5,3,2,1,1,0,4,2,2
01,13,033,3,1,2,3,1,2,0,0,0
01,13,035,1,0,1,0,0,0,1,0,1
01,13,037,17,12,5,4,2,2,13,10,3
01,13,040,121,81,40,51,38,13,70,43,27
01,13,041,3,2,1,2,2,0,1,0,1
01,13,043,8,7,1,3,3,0,5,4,1
01,13,044,1,0,1,1,0,1,0,0,0
01,13,046,6,3,3,6,3,3,0,0,0
01,13,048,2,1,1,2,1,1,0,0,0
01,13,052,3,3,0,0,0,0,3,3,0
01,13,053,1272,653,619,481,256,225,791,397,394
01,13,054,5,4,1,0,0,0,5,4,1
01,13,071,2,2,0,1,1,0,1,1,0
01,13,072,40,34,6,1,1,0,39,33,6
01,13,073,710,460,250,400,260,140,310,200,110
01,13,074,1,1,0,1,1,0,0,0,0
01,13,075,18023,9420,8603,9572,5021,4551,8451,4399,4052
01,13,078,2,1,1,0,0,0,2,1,1
01,13,082,16,11,5,9,4,5,7,7,0
01,13,088,1,1,0,0,0,0,1,1,0
01,13,089,1,0,1,0,0,0,1,0,1
01,13,090,37,28,9,8,3,5,29,25,4
01,13,091,8,8,0,0,0,0,8,8,0
01,13,093,7,7,0,0,0,0,7,7,0
01,13,095,1,1,0,0,0,0,1,1,0
01,13,098,16,15,1,15,15,0,1,0,1
01,13,100,6,1,5,6,1,5,0,0,0
01,13,104,1,1,0,0,0,0,1,1,0
01,13,106,3,3,0,0,0,0,3,3,0
01,13,107,1,1,0,0,0,0,1,1,0
01,13,108,15,5,10,4,1,3,11,4,7
01,13,111,3,1,2,0,0,0,3,1,2
01,13,114,113,53,60,37,16,21,76,37,39
01,13,115,10,9,1,3,2,1,7,7,0
01,13,116,3,2,1,0,0,0,3,2,1
01,13,123,1074,684,390,341,200,141,733,484,249
01,14,001,136,125,11,92,81,11,44,44,0
01,14,002,374,319,55,195,141,54,179,178,1
01,14,003,3,3,0,0,0,0,3,3,0
01,14,004,468007,244124,223883,399324,207389,191935,68683,36735,31948
01,14,005,243,159,84,96,74,22,147,85,62
01,14,006,53628,29947,23681,49720,27182,22538,3908,2765,1143
01,14,007,87,60,27,63,39,24,24,21,3
01,14,008,11931,6253,5678,11276,5890,5386,655,363,292
01,14,009,1,0,1,1,0,1,0,0,0
01,14,010,74,61,13,59,53,6,15,8,7
01,14,011,179,121,58,130,81,49,49,40,9
01,14,012,11,10,1,7,6,1,4,4,0
01,14,013,159,125,34,125,96,29,34,29,5
01,14,014,302,178,124,277,158,119,25,20,5
01,14,015,832,674,158,647,510,137,185,164,21
01,14,016,9858,4791,5067,5878,2851,3027,3980,1940,2040
01,14,017,1,1,0,0,0,0,1,1,0
01,14,018,8,8,0,0,0,0,8,8,0
01,14,019,4,3,1,4,3,1,0,0,0
01,14,020,186,150,36,152,118,34,34,32,2
01,14,021,113,82,31,87,58,29,26,24,2
01,14,022,270,191,79,67,37,30,203,154,49
01,14,023,1,0,1,1,0,1,0,0,0
01,14,024,1,1,0,0,0,0,1,1,0
01,14,029,2,2,0,2,2,0,0,0,0
01,14,030,1,1,0,0,0,0,1,1,0
01,14,040,15,10,5,12,9,3,3,1,2
01,14,043,2,2,0,0,0,0,2,2,0
01,14,044,3,2,1,2,2,0,1,0,1
01,14,046,19,11,8,19,11,8,0,0,0
01,14,052,1,1,0,0,0,0,1,1,0
01,14,053,1024,553,471,918,492,426,106,61,45
01,14,054,4,3,1,4,3,1,0,0,0
01,14,055,1,1,0,1,1,0,0,0,0
01,14,059,3,3,0,1,1,0,2,2,0
01,14,072,4,4,0,2,2,0,2,2,0
01,14,073,44,18,26,6,5,1,38,13,25
01,14,074,1,1,0,1,1,0,0,0,0
01,14,075,1217,655,562,936,504,432,281,151,130
01,14,082,1,1,0,0,0,0,1,1,0
01,14,090,31,22,9,23,14,9,8,8,0
01,14,091,2,2,0,0,0,0,2,2,0
01,14,095,3,1,2,3,1,2,0,0,0
01,14,106,2,2,0,0,0,0,2,2,0
01,14,114,15,8,7,15,8,7,0,0,0
01,14,115,2,2,0,0,0,0,2,2,0
01,14,123,1278,700,578,1210,655,555,68,45,23
02,01,001,26,19,7,13,12,1,13,7,6
02,01,002,356,216,140,284,169,115,72,47,25
02,01,003,3,3,0,3,3,0,0,0,0
02,01,004,8571,4460,4111,8223,4251,3972,348,209,139
02,01,005,11,8,3,7,4,3,4,4,0
02,01,006,429097,218212,210885,400831,203023,197808,28266,15189,13077
02,01,007,59,41,18,5,4,1,54,37,17
02,01,008,5832,3091,2741,5753,3041,2712,79,50,29
02,01,010,37,29,8,29,23,6,8,6,2
02,01,011,166,112,54,67,37,30,99,75,24
02,01,012,2,1,1,2,1,1,0,0,0
02,01,013,98,61,37,40,25,15,58,36,22
02,01,014,3638,2024,1614,3206,1810,1396,432,214,218
02,01,015,281,197,84,182,125,57,99,72,27
02,01,016,8093,4338,3755,4892,2731,2161,3201,1607,1594
02,01,017,9,8,1,1,1,0,8,7,1
02,01,018,4,3,1,0,0,0,4,3,1
02,01,019,7,4,3,3,2,1,4,2,2
02,01,020,152,103,49,14,8,6,138,95,43
02,01,021,146,91,55,15,9,6,131,82,49
02,01,022,59,45,14,33,24,9,26,21,5
02,01,023,82,40,42,82,40,42,0,0,0
02,01,024,296,150,146,9,6,3,287,144,143
02,01,025,24,11,13,24,11,13,0,0,0
02,01,028,29,16,13,29,16,13,0,0,0
02,01,030,8,4,4,8,4,4,0,0,0
02,01,031,525,260,265,525,260,265,0,0,0
02,01,040,28,3,25,0,0,0,28,3,25
02,01,043,2,0,2,1,0,1,1,0,1
02,01,044,1,1,0,1,1,0,0,0,0
02,01,046,1,0,1,0,0,0,1,0,1
02,01,053,498,262,236,498,262,236,0,0,0
02,01,054,2,2,0,2,2,0,0,0,0
02,01,059,186,94,92,171,85,86,15,9,6
02,01,072,16,12,4,16,12,4,0,0,0
02,01,073,26,1,25,0,0,0,26,1,25
02,01,074,174,93,81,151,81,70,23,12,11
02,01,075,3,2,1,1,1,0,2,1,1
02,01,087,2,1,1,2,1,1,0,0,0
02,01,090,10,7,3,10,7,3,0,0,0
02,01,091,2,2,0,2,2,0,0,0,0
02,01,107,80,50,30,80,50,30,0,0,0
02,01,110,13,7,6,13,7,6,0,0,0
02,01,114,1103,576,527,84,43,41,1019,533,486
02,01,116,8,6,2,0,0,0,8,6,2
02,01,123,1121,552,569,1033,510,523,88,42,46
02,02,001,85,53,32,45,28,17,40,25,15
02,02,002,595,359,236,378,225,153,217,134,83
02,02,003,1,1,0,1,1,0,0,0,0
02,02,004,3220,1545,1675,2672,1273,1399,548,272,276
02,02,005,155,89,66,73,42,31,82,47,35
02,02,006,1289399,635603,653796,1230181,604707,625474,59218,30896,28322
02,02,007,107,62,45,60,35,25,47,27,20
02,02,008,628,476,152,424,348,76,204,128,76
02,02,009,3,2,1,3,2,1,0,0,0
02,02,010,113,99,14,46,41,5,67,58,9
02,02,011,263,130,133,193,96,97,70,34,36
02,02,012,17,12,5,9,5,4,8,7,1
02,02,013,431,255,176,230,139,91,201,116,85
02,02,014,8108,4244,3864,6501,3466,3035,1607,778,829
02,02,015,626,415,211,461,322,139,165,93,72
02,02,016,23738,10890,12848,19230,8639,10591,4508,2251,2257
02,02,017,39,29,10,38,28,10,1,1,0
02,02,018,42,35,7,40,33,7,2,2,0
02,02,019,8,3,5,8,3,5,0,0,0
02,02,020,229,141,88,174,111,63,55,30,25
02,02,021,338,201,137,131,81,50,207,120,87
02,02,022,341,236,105,279,186,93,62,50,12
02,02,028,6,4,2,6,4,2,0,0,0
02,02,031,62,47,15,31,25,6,31,22,9
02,02,040,53,22,31,16,7,9,37,15,22
02,02,048,1,1,0,0,0,0,1,1,0
02,02,053,345,194,151,290,159,131,55,35,20
02,02,054,1,1,0,1,1,0,0,0,0
02,02,059,208,125,83,176,104,72,32,21,11
02,02,067,1,0,1,1,0,1,0,0,0
02,02,069,5,2,3,0,0,0,5,2,3
02,02,072,1,1,0,1,1,0,0,0,0
02,02,073,30,9,21,26,5,21,4,4,0
02,02,074,83,46,37,56,30,26,27,16,11
02,02,075,34,19,15,22,12,10,12,7,5
02,02,082,1,1,0,1,1,0,0,0,0
02,02,090,80,41,39,74,39,35,6,2,4
02,02,091,93,64,29,93,64,29,0,0,0
02,02,107,5,4,1,5,4,1,0,0,0
02,02,108,16,16,0,0,0,0,16,16,0
02,02,110,22,12,10,22,12,10,0,0,0
02,02,114,8769,5360,3409,4255,2711,1544,4514,2649,1865
02,02,116,10,10,0,10,10,0,0,0,0
02,02,123,718,395,323,482,259,223,236,136,100
02,03,001,18,16,2,18,16,2,0,0,0
02,03,002,45,44,1,45,44,1,0,0,0
02,03,003,1,1,0,1,1,0,0,0,0
02,03,004,115,113,2,115,113,2,0,0,0
02,03,005,1771,864,907,1771,864,907,0,0,0
02,03,006,3778,3122,656,3778,3122,656,0,0,0
02,03,007,1,1,0,1,1,0,0,0,0
02,03,008,16,11,5,16,11,5,0,0,0
02,03,009,2,2,0,2,2,0,0,0,0
02,03,011,14,14,0,14,14,0,0,0,0
02,03,013,104,83,21,104,83,21,0,0,0
02,03,014,2468,1642,826,2468,1642,826,0,0,0
02,03,015,14,13,1,14,13,1,0,0,0
02,03,016,206,141,65,206,141,65,0,0,0
02,03,017,1,1,0,1,1,0,0,0,0
02,03,018,110,109,1,110,109,1,0,0,0
02,03,019,2,0,2,2,0,2,0,0,0
02,03,020,14,14,0,14,14,0,0,0,0
02,03,021,9,7,2,9,7,2,0,0,0
02,03,022,5,5,0,5,5,0,0,0,0
02,03,023,48,24,24,48,24,24,0,0,0
02,03,026,65,33,32,65,33,32,0,0,0
02,03,030,50,41,9,50,41,9,0,0,0
02,03,031,3553,1679,1874,3553,1679,1874,0,0,0
02,03,040,2,1,1,2,1,1,0,0,0
02,03,043,71,36,35,71,36,35,0,0,0
02,03,044,1,0,1,1,0,1,0,0,0
02,03,053,1,1,0,1,1,0,0,0,0
02,03,059,111,87,24,111,87,24,0,0,0
02,03,072,7,5,2,7,5,2,0,0,0
02,03,073,1,1,0,1,1,0,0,0,0
02,03,074,10509,5208,5301,10509,5208,5301,0,0,0
02,03,075,11,6,5,11,6,5,0,0,0
02,03,090,9,9,0,9,9,0,0,0,0
02,03,091,37,30,7,37,30,7,0,0,0
02,03,107,351,203,148,351,203,148,0,0,0
02,03,108,42,24,18,42,24,18,0,0,0
02,03,110,101,61,40,101,61,40,0,0,0
02,03,112,1,1,0,1,1,0,0,0,0
02,03,114,716,355,361,716,355,361,0,0,0
02,03,123,8843,4433,4410,8843,4433,4410,0,0,0
02,04,001,55,50,5,43,42,1,12,8,4
02,04,002,243,206,37,132,111,21,111,95,16
02,04,003,4,2,2,4,2,2,0,0,0
02,04,004,361,260,101,240,175,65,121,85,36
02,04,005,182,106,76,11,5,6,171,101,70
02,04,006,310460,160827,149633,288650,148514,140136,21810,12313,9497
02,04,007,32,19,13,19,10,9,13,9,4
02,04,008,40974,20687,20287,40161,20207,19954,813,480,333
02,04,010,63,52,11,39,33,6,24,19,5
02,04,011,95,75,20,61,55,6,34,20,14
02,04,012,5,5,0,4,4,0,1,1,0
02,04,013,76,46,30,47,29,18,29,17,12
02,04,014,7078,4161,2917,6233,3636,2597,845,525,320
02,04,015,231,166,65,208,149,59,23,17,6
02,04,016,4730,2699,2031,2121,1297,824,2609,1402,1207
02,04,017,2,2,0,1,1,0,1,1,0
02,04,018,16,15,1,15,15,0,1,0,1
02,04,019,2,1,1,0,0,0,2,1,1
02,04,020,88,56,32,38,26,12,50,30,20
02,04,021,104,68,36,66,47,19,38,21,17
02,04,022,379,219,160,325,177,148,54,42,12
02,04,024,14,5,9,0,0,0,14,5,9
02,04,025,6,2,4,6,2,4,0,0,0
02,04,028,1,1,0,0,0,0,1,1,0
02,04,030,11,4,7,6,2,4,5,2,3
02,04,031,819,416,403,642,322,320,177,94,83
02,04,040,119,62,57,42,25,17,77,37,40
02,04,043,3,2,1,0,0,0,3,2,1
02,04,046,9,3,6,9,3,6,0,0,0
02,04,053,119,63,56,119,63,56,0,0,0
02,04,059,1439,695,744,1348,647,701,91,48,43
02,04,062,32,32,0,32,32,0,0,0,0
02,04,063,1,1,0,0,0,0,1,1,0
02,04,072,42,28,14,40,27,13,2,1,1
02,04,073,219,111,108,138,68,70,81,43,38
02,04,074,9130,4570,4560,7229,3627,3602,1901,943,958
02,04,075,2,1,1,0,0,0,2,1,1
02,04,082,14,4,10,11,2,9,3,2,1
02,04,089,1,1,0,0,0,0,1,1,0
02,04,090,38,26,12,4,3,1,34,23,11
02,04,091,28,28,0,28,28,0,0,0,0
02,04,097,5,2,3,5,2,3,0,0,0
02,04,107,150,79,71,122,65,57,28,14,14
02,04,108,18,18,0,0,0,0,18,18,0
02,04,110,70,42,28,31,14,17,39,28,11
02,04,113,3,0,3,0,0,0,3,0,3
02,04,114,2064,1041,1023,1385,701,684,679,340,339
02,04,123,2034,1057,977,1863,963,900,171,94,77
02,05,001,5,4,1,4,3,1,1,1,0
02,05,002,346,284,62,245,220,25,101,64,37
02,05,004,227,144,83,172,107,65,55,37,18
02,05,005,33,18,15,11,5,6,22,13,9
02,05,006,884743,438474,446269,830932,410206,420726,53811,28268,25543
02,05,007,3,3,0,1,1,0,2,2,0
02,05,008,345,280,65,197,168,29,148,112,36
02,05,009,3,1,2,0,0,0,3,1,2
02,05,010,41,28,13,26,18,8,15,10,5
02,05,011,32,21,11,19,13,6,13,8,5
02,05,012,1,1,0,0,0,0,1,1,0
02,05,013,144,70,74,123,61,62,21,9,12
02,05,014,2045,1263,782,1939,1197,742,106,66,40
02,05,015,170,142,28,133,122,11,37,20,17
02,05,016,9790,5108,4682,3768,1901,1867,6022,3207,2815
02,05,017,1,1,0,0,0,0,1,1,0
02,05,018,1,1,0,1,1,0,0,0,0
02,05,019,11,7,4,3,2,1,8,5,3
02,05,020,40,34,6,35,32,3,5,2,3
02,05,021,35,27,8,28,22,6,7,5,2
02,05,022,298,215,83,232,161,71,66,54,12
02,05,024,4,2,2,0,0,0,4,2,2
02,05,028,130,72,58,125,68,57,5,4,1
02,05,030,5,5,0,5,5,0,0,0,0
02,05,031,29,16,13,13,6,7,16,10,6
02,05,040,4,3,1,1,1,0,3,2,1
02,05,043,3,3,0,3,3,0,0,0,0
02,05,044,1,1,0,1,1,0,0,0,0
02,05,048,1,0,1,1,0,1,0,0,0
02,05,053,303,174,129,303,174,129,0,0,0
02,05,059,211,110,101,123,62,61,88,48,40
02,05,065,4,2,2,4,2,2,0,0,0
02,05,072,65,43,22,65,43,22,0,0,0
02,05,073,4,4,0,0,0,0,4,4,0
02,05,074,203,117,86,66,42,24,137,75,62
02,05,075,6,1,5,1,1,0,5,0,5
02,05,090,22,13,9,18,11,7,4,2,2
02,05,091,19,15,4,19,15,4,0,0,0
02,05,107,16,8,8,16,8,8,0,0,0
02,05,110,6,5,1,6,5,1,0,0,0
02,05,114,1793,1030,763,1546,877,669,247,153,94
02,05,123,201,122,79,177,112,65,24,10,14
02,06,001,76,56,20,76,56,20,0,0,0
02,06,002,100,71,29,66,54,12,34,17,17
02,06,004,3562,1722,1840,2932,1393,1539,630,329,301
02,06,005,104,65,39,64,37,27,40,28,12
02,06,006,404527,192324,212203,376322,177269,199053,28205,15055,13150
02,06,007,23,11,12,12,6,6,11,5,6
02,06,008,295,287,8,214,213,1,81,74,7
02,06,010,227,173,54,205,151,54,22,22,0
02,06,011,9,6,3,1,1,0,8,5,3
02,06,012,1,1,0,0,0,0,1,1,0
02,06,013,59,35,24,33,23,10,26,12,14
02,06,014,1160,726,434,1065,656,409,95,70,25
02,06,015,113,70,43,14,13,1,99,57,42
02,06,016,2130,831,1299,1314,385,929,816,446,370
02,06,017,22,16,6,11,6,5,11,10,1
02,06,020,5,4,1,4,3,1,1,1,0
02,06,021,8,4,4,2,1,1,6,3,3
02,06,022,70,64,6,25,24,1,45,40,5
02,06,031,8,3,5,0,0,0,8,3,5
02,06,040,13,7,6,13,7,6,0,0,0
02,06,053,39,22,17,39,22,17,0,0,0
02,06,059,32,20,12,16,7,9,16,13,3
02,06,072,3,1,2,2,1,1,1,0,1
02,06,073,1,1,0,1,1,0,0,0,0
02,06,074,1,1,0,0,0,0,1,1,0
02,06,090,6,3,3,0,0,0,6,3,3
02,06,113,5,5,0,5,5,0,0,0,0
02,06,114,18,6,12,6,1,5,12,5,7
02,06,123,83,58,25,52,31,21,31,27,4
02,07,001,3,1,2,3,1,2,0,0,0
02,07,002,98,54,44,77,41,36,21,13,8
02,07,004,1336,658,678,1324,654,670,12,4,8
02,07,005,77,44,33,75,43,32,2,1,1
02,07,006,365275,182932,182343,335254,166975,168279,30021,15957,14064
02,07,008,52,50,2,43,43,0,9,7,2
02,07,010,288,202,86,288,202,86,0,0,0
02,07,011,2,2,0,0,0,0,2,2,0
02,07,013,13,5,8,6,2,4,7,3,4
02,07,014,720,494,226,698,479,219,22,15,7
02,07,015,40,25,15,28,18,10,12,7,5
02,07,016,75008,37272,37736,65739,32493,33246,9269,4779,4490
02,07,017,19,11,8,19,11,8,0,0,0
02,07,019,1,1,0,1,1,0,0,0,0
02,07,020,6,3,3,5,3,2,1,0,1
02,07,021,22,9,13,22,9,13,0,0,0
02,07,022,65,45,20,60,40,20,5,5,0
02,07,030,35,16,19,35,16,19,0,0,0
02,07,040,31,6,25,8,6,2,23,0,23
02,07,043,1,0,1,1,0,1,0,0,0
02,07,053,1,1,0,1,1,0,0,0,0
02,07,059,1,0,1,1,0,1,0,0,0
02,07,072,6,3,3,0,0,0,6,3,3
02,07,090,5,2,3,5,2,3,0,0,0
02,07,091,2,2,0,2,2,0,0,0,0
02,07,114,11,4,7,0,0,0,11,4,7
02,07,115,1,0,1,1,0,1,0,0,0
02,07,123,5154,2682,2472,5153,2682,2471,1,0,1
02,08,001,32,24,8,31,24,7,1,0,1
02,08,002,195,138,57,154,107,47,41,31,10
02,08,004,312,159,153,243,128,115,69,31,38
02,08,005,116,63,53,67,35,32,49,28,21
02,08,006,152310,76282,76028,137950,68721,69229,14360,7561,6799
02,08,007,11,5,6,2,1,1,9,4,5
02,08,008,140,133,7,86,86,0,54,47,7
02,08,010,78,59,19,61,46,15,17,13,4
02,08,011,26,17,9,23,14,9,3,3,0
02,08,013,44,24,20,25,13,12,19,11,8
02,08,014,742,459,283,608,361,247,134,98,36
02,08,015,66,42,24,63,39,24,3,3,0
02,08,016,186027,93418,92609,179008,89600,89408,7019,3818,3201
02,08,017,70,65,5,2,2,0,68,63,5
02,08,019,3,2,1,2,1,1,1,1,0
02,08,020,36,30,6,31,26,5,5,4,1
02,08,021,19,12,7,19,12,7,0,0,0
02,08,022,92,60,32,59,43,16,33,17,16
02,08,023,1,0,1,1,0,1,0,0,0
02,08,029,1,1,0,0,0,0,1,1,0
02,08,030,48,3,45,48,3,45,0,0,0
02,08,040,7,5,2,4,2,2,3,3,0
02,08,044,16,6,10,16,6,10,0,0,0
02,08,053,92,49,43,92,49,43,0,0,0
02,08,059,110,48,62,98,42,56,12,6,6
02,08,071,2,1,1,0,0,0,2,1,1
02,08,074,68,35,33,64,32,32,4,3,1
02,08,090,5,3,2,5,3,2,0,0,0
02,08,091,2,2,0,2,2,0,0,0,0
02,08,114,10,5,5,1,1,0,9,4,5
02,08,123,204,113,91,169,89,80,35,24,11
02,09,001,40,26,14,13,6,7,27,20,7
02,09,002,887,615,272,429,281,148,458,334,124
02,09,003,1,1,0,0,0,0,1,1,0
02,09,004,236,165,71,66,42,24,170,123,47
02,09,005,165,87,78,53,30,23,112,57,55
02,09,006,454964,243322,211642,379282,197532,181750,75682,45790,29892
02,09,007,40,26,14,9,4,5,31,22,9
02,09,008,806,748,58,331,323,8,475,425,50
02,09,009,3,1,2,0,0,0,3,1,2
02,09,010,624,464,160,78,53,25,546,411,135
02,09,011,225,120,105,62,35,27,163,85,78
02,09,012,13,7,6,5,2,3,8,5,3
02,09,013,219,130,89,43,24,19,176,106,70
02,09,014,14062,8788,5274,9010,5276,3734,5052,3512,1540
02,09,015,1795,1631,164,229,173,56,1566,1458,108
02,09,016,21618,11372,10246,15907,8268,7639,5711,3104,2607
02,09,017,51,31,20,47,28,19,4,3,1
02,09,018,24,20,4,20,19,1,4,1,3
02,09,019,26,14,12,8,2,6,18,12,6
02,09,020,146,96,50,19,11,8,127,85,42
02,09,021,250,148,102,165,91,74,85,57,28
02,09,022,584,434,150,321,229,92,263,205,58
02,09,023,1,1,0,1,1,0,0,0,0
02,09,028,6,6,0,1,1,0,5,5,0
02,09,030,2657,1315,1342,2653,1313,1340,4,2,2
02,09,031,14,12,2,7,6,1,7,6,1
02,09,040,43,28,15,23,17,6,20,11,9
02,09,044,13,9,4,4,3,1,9,6,3
02,09,053,39,34,5,39,34,5,0,0,0
02,09,055,5,5,0,5,5,0,0,0,0
02,09,059,611,377,234,332,214,118,279,163,116
02,09,072,27,17,10,24,14,10,3,3,0
02,09,073,5,5,0,0,0,0,5,5,0
02,09,074,8,7,1,6,5,1,2,2,0
02,09,082,16,7,9,16,7,9,0,0,0
02,09,090,25,15,10,6,4,2,19,11,8
02,09,091,13,10,3,6,5,1,7,5,2
02,09,093,17,9,8,17,9,8,0,0,0
02,09,100,2,1,1,2,1,1,0,0,0
02,09,107,2,1,1,2,1,1,0,0,0
02,09,110,2,1,1,2,1,1,0,0,0
02,09,114,79,47,32,18,17,1,61,30,31
02,09,123,193,138,55,101,63,38,92,75,17
02,10,001,16,15,1,10,9,1,6,6,0
02,10,002,580,299,281,504,262,242,76,37,39
02,10,004,100,70,30,71,46,25,29,24,5
02,10,005,43,24,19,36,19,17,7,5,2
02,10,006,429939,225325,204614,388381,203024,185357,41558,22301,19257
02,10,007,17,12,5,7,4,3,10,8,2
02,10,008,121,93,28,102,85,17,19,8,11
02,10,009,2,1,1,0,0,0,2,1,1
02,10,010,221,202,19,215,196,19,6,6,0
02,10,011,54,36,18,12,7,5,42,29,13
02,10,012,3,2,1,0,0,0,3,2,1
02,10,013,85,58,27,8,4,4,77,54,23
02,10,014,4798,2903,1895,4024,2473,1551,774,430,344
02,10,015,283,252,31,275,246,29,8,6,2
02,10,016,18604,9842,8762,14114,7452,6662,4490,2390,2100
02,10,017,2,2,0,1,1,0,1,1,0
02,10,020,121,73,48,9,6,3,112,67,45
02,10,021,32,25,7,6,3,3,26,22,4
02,10,022,1224,716,508,860,506,354,364,210,154
02,10,028,8,4,4,7,3,4,1,1,0
02,10,031,2,1,1,2,1,1,0,0,0
02,10,040,66,36,30,57,31,26,9,5,4
02,10,041,1,1,0,1,1,0,0,0,0
02,10,053,51,32,19,51,32,19,0,0,0
02,10,059,91,59,32,77,50,27,14,9,5
02,10,074,11,7,4,7,4,3,4,3,1
02,10,090,1,1,0,1,1,0,0,0,0
02,10,091,10,10,0,10,10,0,0,0,0
02,10,110,1,0,1,1,0,1,0,0,0
02,10,114,2044,1156,888,2033,1149,884,11,7,4
02,10,123,62,42,20,41,31,10,21,11,10
02,11,001,71,54,17,43,35,8,28,19,9
02,11,002,1209,775,434,364,230,134,845,545,300
02,11,003,2,2,0,1,1,0,1,1,0
02,11,004,640,475,165,226,178,48,414,297,117
02,11,005,110,75,35,33,31,2,77,44,33
02,11,006,677056,353862,323194,532460,271680,260780,144596,82182,62414
02,11,007,68,52,16,34,29,5,34,23,11
02,11,008,938,799,139,205,156,49,733,643,90
02,11,009,9,6,3,0,0,0,9,6,3
02,11,010,263,228,35,70,57,13,193,171,22
02,11,011,245,165,80,95,74,21,150,91,59
02,11,012,19,11,8,2,2,0,17,9,8
02,11,013,332,205,127,118,80,38,214,125,89
02,11,014,20641,12290,8351,17118,10047,7071,3523,2243,1280
02,11,015,308,224,84,133,109,24,175,115,60
02,11,016,13388,7590,5798,1550,1038,512,11838,6552,5286
02,11,017,20,14,6,9,5,4,11,9,2
02,11,018,2,2,0,0,0,0,2,2,0
02,11,019,13,7,6,1,0,1,12,7,5
02,11,020,168,116,52,60,45,15,108,71,37
02,11,021,160,116,44,81,62,19,79,54,25
02,11,022,1576,1021,555,861,476,385,715,545,170
02,11,023,1,1,0,0,0,0,1,1,0
02,11,024,33,16,17,0,0,0,33,16,17
02,11,026,2,2,0,0,0,0,2,2,0
02,11,028,114,54,60,114,54,60,0,0,0
02,11,029,47,32,15,0,0,0,47,32,15
02,11,030,25,20,5,13,11,2,12,9,3
02,11,031,178,115,63,128,84,44,50,31,19
02,11,032,4,1,3,0,0,0,4,1,3
02,11,040,82,42,40,10,5,5,72,37,35
02,11,041,3,1,2,0,0,0,3,1,2
02,11,053,82,37,45,82,37,45,0,0,0
02,11,054,1,1,0,0,0,0,1,1,0
02,11,059,2222,1222,1000,1062,542,520,1160,680,480
02,11,072,217,123,94,8,4,4,209,119,90
02,11,073,31,28,3,16,15,1,15,13,2
02,11,074,123,67,56,25,14,11,98,53,45
02,11,075,42,20,22,0,0,0,42,20,22
02,11,082,24,13,11,13,7,6,11,6,5
02,11,090,30,19,11,16,8,8,14,11,3
02,11,091,49,34,15,14,8,6,35,26,9
02,11,100,7,4,3,0,0,0,7,4,3
02,11,102,4,2,2,4,2,2,0,0,0
02,11,106,4,4,0,0,0,0,4,4,0
02,11,107,27,14,13,27,14,13,0,0,0
02,11,110,3,2,1,0,0,0,3,2,1
02,11,114,1455,764,691,107,52,55,1348,712,636
02,11,116,3,2,1,0,0,0,3,2,1
02,11,123,451,267,184,166,113,53,285,154,131
02,12,001,20,20,0,20,20,0,0,0,0
02,12,002,118,97,21,118,97,21,0,0,0
02,12,003,4,4,0,4,4,0,0,0,0
02,12,004,97,90,7,97,90,7,0,0,0
02,12,005,12,12,0,12,12,0,0,0,0
02,12,006,8210,6201,2009,8210,6201,2009,0,0,0
02,12,007,29,27,2,29,27,2,0,0,0
02,12,008,45,40,5,45,40,5,0,0,0
02,12,009,3,2,1,3,2,1,0,0,0
02,12,010,60,52,8,60,52,8,0,0,0
02,12,011,100,88,12,100,88,12,0,0,0
02,12,012,7,5,2,7,5,2,0,0,0
02,12,013,74,60,14,74,60,14,0,0,0
02,12,014,4812,3352,1460,4812,3352,1460,0,0,0
02,12,015,63,52,11,63,52,11,0,0,0
02,12,016,843,662,181,843,662,181,0,0,0
02,12,018,37,37,0,37,37,0,0,0,0
02,12,019,2,1,1,2,1,1,0,0,0
02,12,020,61,58,3,61,58,3,0,0,0
02,12,021,53,43,10,53,43,10,0,0,0
02,12,022,94,86,8,94,86,8,0,0,0
02,12,023,9,5,4,9,5,4,0,0,0
02,12,028,4,1,3,4,1,3,0,0,0
02,12,030,1,1,0,1,1,0,0,0,0
02,12,031,3785,1832,1953,3785,1832,1953,0,0,0
02,12,040,4,4,0,4,4,0,0,0,0
02,12,044,1,1,0,1,1,0,0,0,0
02,12,046,3,2,1,3,2,1,0,0,0
02,12,048,4,3,1,4,3,1,0,0,0
02,12,053,3,2,1,3,2,1,0,0,0
02,12,059,59071,28863,30208,59071,28863,30208,0,0,0
02,12,062,1,1,0,1,1,0,0,0,0
02,12,072,163,107,56,163,107,56,0,0,0
02,12,073,11,10,1,11,10,1,0,0,0
02,12,074,29,22,7,29,22,7,0,0,0
02,12,082,2,1,1,2,1,1,0,0,0
02,12,090,44,29,15,44,29,15,0,0,0
02,12,091,119,78,41,119,78,41,0,0,0
02,12,098,1,0,1,1,0,1,0,0,0
02,12,107,39,25,14,39,25,14,0,0,0
02,12,110,39,26,13,39,26,13,0,0,0
02,12,114,50,28,22,50,28,22,0,0,0
02,12,123,207,143,64,207,143,64,0,0,0
03,01,001,979,679,300,603,394,209,376,285,91
03,01,002,3223,2248,975,1606,1156,450,1617,1092,525
03,01,003,10,9,1,4,3,1,6,6,0
03,01,004,10415,5687,4728,8088,4281,3807,2327,1406,921
03,01,005,682,428,254,213,146,67,469,282,187
03,01,006,85356,51614,33742,42248,25999,16249,43108,25615,17493
03,01,007,873,658,215,494,382,112,379,276,103
03,01,008,382,252,130,154,101,53,228,151,77
03,01,009,11,10,1,6,6,0,5,4,1
03,01,010,193,135,58,105,82,23,88,53,35
03,01,011,2047,1504,543,993,755,238,1054,749,305
03,01,012,124,90,34,67,47,20,57,43,14
03,01,013,2409,1799,610,1226,908,318,1183,891,292
03,01,014,3359,2095,1264,2189,1447,742,1170,648,522
03,01,015,1486,993,493,720,481,239,766,512,254
03,01,016,1983196,1039016,944180,1504630,787201,717429,478566,251815,226751
03,01,017,13,9,4,6,5,1,7,4,3
03,01,018,4,4,0,3,3,0,1,1,0
03,01,019,26,15,11,4,2,2,22,13,9
03,01,020,2842,1986,856,1679,1178,501,1163,808,355
03,01,021,1718,1195,523,936,649,287,782,546,236
03,01,022,3757,2118,1639,2064,1130,934,1693,988,705
03,01,023,1,1,0,1,1,0,0,0,0
03,01,027,3,1,2,0,0,0,3,1,2
03,01,028,92,50,42,89,49,40,3,1,2
03,01,030,2,1,1,0,0,0,2,1,1
03,01,031,1,1,0,1,1,0,0,0,0
03,01,032,1,1,0,1,1,0,0,0,0
03,01,033,4,3,1,0,0,0,4,3,1
03,01,040,72,41,31,47,29,18,25,12,13
03,01,041,1,1,0,1,1,0,0,0,0
03,01,043,1,1,0,1,1,0,0,0,0
03,01,048,1,1,0,1,1,0,0,0,0
03,01,053,430,213,217,430,213,217,0,0,0
03,01,054,2,2,0,1,1,0,1,1,0
03,01,059,1,1,0,1,1,0,0,0,0
03,01,061,1,1,0,1,1,0,0,0,0
03,01,071,1,1,0,1,1,0,0,0,0
03,01,072,10,10,0,10,10,0,0,0,0
03,01,073,4,2,2,4,2,2,0,0,0
03,01,075,4,4,0,0,0,0,4,4,0
03,01,082,11,8,3,7,4,3,4,4,0
03,01,086,1,1,0,0,0,0,1,1,0
03,01,087,1,1,0,1,1,0,0,0,0
03,01,090,21,18,3,12,11,1,9,7,2
03,01,091,2,2,0,0,0,0,2,2,0
03,01,100,1,1,0,1,1,0,0,0,0
03,01,108,1,1,0,1,1,0,0,0,0
03,01,111,1,1,0,1,1,0,0,0,0
03,01,114,2,2,0,1,1,0,1,1,0
03,01,115,3,3,0,2,2,0,1,1,0
03,01,116,12,6,6,12,6,6,0,0,0
03,01,123,218,153,65,122,90,32,96,63,33
03,02,001,342,255,87,200,152,48,142,103,39
03,02,002,1867,1255,612,644,457,187,1223,798,425
03,02,003,21,16,5,10,9,1,11,7,4
03,02,004,1433,1098,335,852,722,130,581,376,205
03,02,005,1094,592,502,126,92,34,968,500,468
03,02,006,137126,83171,53955,17517,11292,6225,119609,71879,47730
03,02,007,507,366,141,194,136,58,313,230,83
03,02,008,394,294,100,97,74,23,297,220,77
03,02,009,11,8,3,4,3,1,7,5,2
03,02,010,121,80,41,52,29,23,69,51,18
03,02,011,977,734,243,333,256,77,644,478,166
03,02,012,59,46,13,38,27,11,21,19,2
03,02,013,1438,1026,412,522,383,139,916,643,273
03,02,014,770,496,274,234,141,93,536,355,181
03,02,015,1039,680,359,253,172,81,786,508,278
03,02,016,2944830,1557756,1387074,1850723,978980,871743,1094107,578776,515331
03,02,017,1,1,0,1,1,0,0,0,0
03,02,018,24,16,8,15,12,3,9,4,5
03,02,019,122,55,67,35,13,22,87,42,45
03,02,020,1085,863,222,288,243,45,797,620,177
03,02,021,776,564,212,243,176,67,533,388,145
03,02,022,867,596,271,241,149,92,626,447,179
03,02,024,2,2,0,0,0,0,2,2,0
03,02,028,29,11,18,9,2,7,20,9,11
03,02,040,491,252,239,105,57,48,386,195,191
03,02,043,6,2,4,1,1,0,5,1,4
03,02,053,13,9,4,7,3,4,6,6,0
03,02,059,9,3,6,3,2,1,6,1,5
03,02,072,6,5,1,6,5,1,0,0,0
03,02,073,5,1,4,0,0,0,5,1,4
03,02,075,528,272,256,2,1,1,526,271,255
03,02,082,1,1,0,1,1,0,0,0,0
03,02,084,1,1,0,0,0,0,1,1,0
03,02,090,11,11,0,11,11,0,0,0,0
03,02,091,4,4,0,4,4,0,0,0,0
03,02,111,6,3,3,0,0,0,6,3,3
03,02,115,3,3,0,2,2,0,1,1,0
03,02,116,1,1,0,1,1,0,0,0,0
03,02,123,57,40,17,28,22,6,29,18,11
03,03,001,49,36,13,1,0,1,48,36,12
03,03,002,570,343,227,53,36,17,517,307,210
03,03,003,8,4,4,0,0,0,8,4,4
03,03,004,718,538,180,27,18,9,691,520,171
03,03,005,198,105,93,3,3,0,195,102,93
03,03,006,46762,29434,17328,12764,8088,4676,33998,21346,12652
03,03,007,69,34,35,0,0,0,69,34,35
03,03,008,228,168,60,8,5,3,220,163,57
03,03,009,9,4,5,9,4,5,0,0,0
03,03,010,93,77,16,35,28,7,58,49,9
03,03,011,233,133,100,11,5,6,222,128,94
03,03,012,6,4,2,0,0,0,6,4,2
03,03,013,600,458,142,17,9,8,583,449,134
03,03,014,398,257,141,140,100,40,258,157,101
03,03,015,298,196,102,43,32,11,255,164,91
03,03,016,702916,367025,335891,494350,257366,236984,208566,109659,98907
03,03,017,1,0,1,1,0,1,0,0,0
03,03,018,5,3,2,0,0,0,5,3,2
03,03,019,4,2,2,0,0,0,4,2,2
03,03,020,169,117,52,3,1,2,166,116,50
03,03,021,159,93,66,1,0,1,158,93,65
03,03,022,813,437,376,466,249,217,347,188,159
03,03,028,12,5,7,12,5,7,0,0,0
03,03,040,24,12,12,10,2,8,14,10,4
03,03,053,123,104,19,13,8,5,110,96,14
03,03,059,2,2,0,0,0,0,2,2,0
03,03,073,4,4,0,0,0,0,4,4,0
03,03,091,6,5,1,0,0,0,6,5,1
03,03,115,1,1,0,0,0,0,1,1,0
03,03,123,43,22,21,27,14,13,16,8,8
03,04,001,307,213,94,85,57,28,222,156,66
03,04,002,2278,1510,768,511,377,134,1767,1133,634
03,04,003,36,35,1,0,0,0,36,35,1
03,04,004,1699,1068,631,508,281,227,1191,787,404
03,04,005,1006,549,457,60,39,21,946,510,436
03,04,006,155097,95603,59494,26788,17144,9644,128309,78459,49850
03,04,007,475,333,142,127,103,24,348,230,118
03,04,008,379,282,97,48,29,19,331,253,78
03,04,009,7,5,2,2,2,0,5,3,2
03,04,010,428,265,163,289,166,123,139,99,40
03,04,011,1414,904,510,285,201,84,1129,703,426
03,04,012,81,64,17,33,27,6,48,37,11
03,04,013,1850,1159,691,379,262,117,1471,897,574
03,04,014,2432,1582,850,537,346,191,1895,1236,659
03,04,015,1078,693,385,291,219,72,787,474,313
03,04,016,1787678,931872,855806,998580,518478,480102,789098,413394,375704
03,04,017,1,1,0,0,0,0,1,1,0
03,04,018,6,6,0,2,2,0,4,4,0
03,04,019,18,14,4,1,0,1,17,14,3
03,04,020,2130,1390,740,210,165,45,1920,1225,695
03,04,021,857,571,286,210,149,61,647,422,225
03,04,022,2496,1537,959,1233,691,542,1263,846,417
03,04,028,161,77,84,149,71,78,12,6,6
03,04,030,1,1,0,0,0,0,1,1,0
03,04,031,10,8,2,3,1,2,7,7,0
03,04,037,4,3,1,0,0,0,4,3,1
03,04,040,190,97,93,148,74,74,42,23,19
03,04,043,1,1,0,0,0,0,1,1,0
03,04,053,161,86,75,160,86,74,1,0,1
03,04,054,19,13,6,14,11,3,5,2,3
03,04,055,2,1,1,0,0,0,2,1,1
03,04,072,12,8,4,6,4,2,6,4,2
03,04,073,2,2,0,0,0,0,2,2,0
03,04,075,1,0,1,0,0,0,1,0,1
03,04,082,2,2,0,1,1,0,1,1,0
03,04,089,1,1,0,0,0,0,1,1,0
03,04,090,47,34,13,12,7,5,35,27,8
03,04,091,17,13,4,13,9,4,4,4,0
03,04,092,3,2,1,0,0,0,3,2,1
03,04,095,1,1,0,0,0,0,1,1,0
03,04,102,1,1,0,1,1,0,0,0,0
03,04,108,1,1,0,0,0,0,1,1,0
03,04,118,2,1,1,0,0,0,2,1,1
03,04,123,308,168,140,31,18,13,277,150,127
03,05,001,50,39,11,44,36,8,6,3,3
03,05,002,540,395,145,384,302,82,156,93,63
03,05,003,3,3,0,3,3,0,0,0,0
03,05,004,420,238,182,356,198,158,64,40,24
03,05,005,444,359,85,378,325,53,66,34,32
03,05,006,68685,41747,26938,34801,21330,13471,33884,20417,13467
03,05,007,62,49,13,53,41,12,9,8,1
03,05,008,143,110,33,93,68,25,50,42,8
03,05,009,1,1,0,1,1,0,0,0,0
03,05,010,301,229,72,86,68,18,215,161,54
03,05,011,171,101,70,134,79,55,37,22,15
03,05,012,5,2,3,5,2,3,0,0,0
03,05,013,228,132,96,73,52,21,155,80,75
03,05,014,815,559,256,304,236,68,511,323,188
03,05,015,266,191,75,212,159,53,54,32,22
03,05,016,1406013,719444,686569,1149443,586420,563023,256570,133024,123546
03,05,017,8,4,4,1,1,0,7,3,4
03,05,018,19,19,0,19,19,0,0,0,0
03,05,019,6,3,3,0,0,0,6,3,3
03,05,020,118,78,40,80,55,25,38,23,15
03,05,021,170,131,39,150,122,28,20,9,11
03,05,022,1681,964,717,1566,882,684,115,82,33
03,05,028,96,48,48,96,48,48,0,0,0
03,05,040,32,14,18,11,6,5,21,8,13
03,05,042,1,1,0,1,1,0,0,0,0
03,05,043,1,1,0,1,1,0,0,0,0
03,05,048,2,2,0,2,2,0,0,0,0
03,05,053,167,88,79,163,86,77,4,2,2
03,05,054,7,4,3,7,4,3,0,0,0
03,05,071,1,1,0,1,1,0,0,0,0
03,05,072,3,3,0,3,3,0,0,0,0
03,05,075,1,0,1,0,0,0,1,0,1
03,05,090,15,11,4,8,8,0,7,3,4
03,05,091,44,29,15,40,26,14,4,3,1
03,05,094,2,1,1,0,0,0,2,1,1
03,05,108,8,3,5,8,3,5,0,0,0
03,05,113,11,11,0,11,11,0,0,0,0
03,05,116,23,12,11,23,12,11,0,0,0
03,05,123,173,105,68,101,64,37,72,41,31
03,06,001,2,0,2,1,0,1,1,0,1
03,06,002,518,355,163,341,257,84,177,98,79
03,06,004,85,42,43,49,28,21,36,14,22
03,06,005,168,77,91,160,75,85,8,2,6
03,06,006,19159,12136,7023,14307,9157,5150,4852,2979,1873
03,06,007,76,47,29,76,47,29,0,0,0
03,06,008,56,49,7,29,26,3,27,23,4
03,06,010,185,138,47,62,59,3,123,79,44
03,06,011,41,26,15,37,24,13,4,2,2
03,06,013,30,20,10,14,8,6,16,12,4
03,06,014,433,308,125,259,199,60,174,109,65
03,06,015,149,95,54,75,48,27,74,47,27
03,06,016,565741,293145,272596,490347,254225,236122,75394,38920,36474
03,06,017,1,1,0,1,1,0,0,0,0
03,06,020,15,9,6,15,9,6,0,0,0
03,06,021,6,5,1,3,2,1,3,3,0
03,06,022,573,321,252,541,298,243,32,23,9
03,06,028,1,0,1,0,0,0,1,0,1
03,06,032,4,4,0,1,1,0,3,3,0
03,06,040,22,11,11,22,11,11,0,0,0
03,06,044,1,1,0,1,1,0,0,0,0
03,06,053,41,22,19,28,14,14,13,8,5
03,06,059,1,0,1,1,0,1,0,0,0
03,06,082,2,2,0,2,2,0,0,0,0
03,06,090,5,3,2,5,3,2,0,0,0
03,06,123,153,85,68,25,20,5,128,65,63
03,07,001,40,27,13,15,9,6,25,18,7
03,07,002,1167,703,464,354,265,89,813,438,375
03,07,004,150,88,62,30,17,13,120,71,49
03,07,005,178,89,89,10,5,5,168,84,84
03,07,006,115235,67658,47577,41078,25596,15482,74157,42062,32095
03,07,007,36,23,13,3,3,0,33,20,13
03,07,008,128,81,47,36,36,0,92,45,47
03,07,009,1,1,0,0,0,0,1,1,0
03,07,010,326,221,105,96,82,14,230,139,91
03,07,011,716,373,343,12,8,4,704,365,339
03,07,012,4,2,2,0,0,0,4,2,2
03,07,013,197,104,93,7,2,5,190,102,88
03,07,014,1973,1286,687,863,591,272,1110,695,415
03,07,015,377,228,149,92,72,20,285,156,129
03,07,016,992201,523718,468483,709901,375706,334195,282300,148012,134288
03,07,017,1,1,0,1,1,0,0,0,0
03,07,018,1,1,0,0,0,0,1,1,0
03,07,019,18,11,7,0,0,0,18,11,7
03,07,020,1016,550,466,23,15,8,993,535,458
03,07,021,218,122,96,11,5,6,207,117,90
03,07,022,1765,1084,681,1106,685,421,659,399,260
03,07,024,7,4,3,0,0,0,7,4,3
03,07,028,14,12,2,1,1,0,13,11,2
03,07,030,5,3,2,0,0,0,5,3,2
03,07,037,1,1,0,0,0,0,1,1,0
03,07,040,46,24,22,6,5,1,40,19,21
03,07,044,6,3,3,0,0,0,6,3,3
03,07,053,35,29,6,35,29,6,0,0,0
03,07,072,1,1,0,0,0,0,1,1,0
03,07,073,1,1,0,0,0,0,1,1,0
03,07,075,6,4,2,0,0,0,6,4,2
03,07,090,5,1,4,0,0,0,5,1,4
03,07,091,2,1,1,1,1,0,1,0,1
03,07,114,9,6,3,6,6,0,3,0,3
03,07,116,7,3,4,0,0,0,7,3,4
03,07,123,215,118,97,14,7,7,201,111,90
03,08,001,3,2,1,2,1,1,1,1,0
03,08,002,446,250,196,44,34,10,402,216,186
03,08,004,24,15,9,4,2,2,20,13,7
03,08,005,43,19,24,1,0,1,42,19,23
03,08,006,35716,23546,12170,10786,7814,2972,24930,15732,9198
03,08,007,79,44,35,78,44,34,1,0,1
03,08,008,64,42,22,0,0,0,64,42,22
03,08,010,56,51,5,37,37,0,19,14,5
03,08,011,30,11,19,13,0,13,17,11,6
03,08,013,38,27,11,25,18,7,13,9,4
03,08,014,375,270,105,173,132,41,202,138,64
03,08,015,65,44,21,36,25,11,29,19,10
03,08,016,500719,265583,235136,375626,199739,175887,125093,65844,59249
03,08,017,3,3,0,3,3,0,0,0,0
03,08,020,31,18,13,8,7,1,23,11,12
03,08,021,11,5,6,11,5,6,0,0,0
03,08,022,215,141,74,83,61,22,132,80,52
03,08,028,13,8,5,13,8,5,0,0,0
03,08,037,5,5,0,5,5,0,0,0,0
03,08,040,17,10,7,1,1,0,16,9,7
03,08,123,88,43,45,1,1,0,87,42,45
03,09,001,98,57,41,30,17,13,68,40,28
03,09,002,3587,2431,1156,683,464,219,2904,1967,937
03,09,003,1,0,1,1,0,1,0,0,0
03,09,004,549,318,231,92,58,34,457,260,197
03,09,005,1070,543,527,35,22,13,1035,521,514
03,09,006,522341,334984,187357,61801,38781,23020,460540,296203,164337
03,09,007,142,102,40,46,33,13,96,69,27
03,09,008,290,211,79,39,30,9,251,181,70
03,09,009,13,2,11,1,1,0,12,1,11
03,09,010,1015,739,276,243,164,79,772,575,197
03,09,011,1147,688,459,256,161,95,891,527,364
03,09,012,15,9,6,11,8,3,4,1,3
03,09,013,664,406,258,131,80,51,533,326,207
03,09,014,4286,2970,1316,551,371,180,3735,2599,1136
03,09,015,1587,1040,547,408,263,145,1179,777,402
03,09,016,2486057,1311546,1174511,1273014,671015,601999,1213043,640531,572512
03,09,017,32,21,11,6,6,0,26,15,11
03,09,019,72,38,34,12,8,4,60,30,30
03,09,020,792,513,279,190,143,47,602,370,232
03,09,021,399,252,147,243,149,94,156,103,53
03,09,022,8025,5480,2545,1200,729,471,6825,4751,2074
03,09,025,1,1,0,0,0,0,1,1,0
03,09,028,63,40,23,32,17,15,31,23,8
03,09,031,1,1,0,1,1,0,0,0,0
03,09,037,3,2,1,0,0,0,3,2,1
03,09,040,150,69,81,28,8,20,122,61,61
03,09,043,1,1,0,0,0,0,1,1,0
03,09,053,94,46,48,94,46,48,0,0,0
03,09,055,1,1,0,0,0,0,1,1,0
03,09,072,9,6,3,9,6,3,0,0,0
03,09,075,5,2,3,0,0,0,5,2,3
03,09,082,2,2,0,1,1,0,1,1,0
03,09,090,14,8,6,6,3,3,8,5,3
03,09,091,5,4,1,0,0,0,5,4,1
03,09,114,6,5,1,0,0,0,6,5,1
03,09,116,2,0,2,0,0,0,2,0,2
03,09,123,292,178,114,14,8,6,278,170,108
03,10,001,15,14,1,1,0,1,14,14,0
03,10,002,187,118,69,73,44,29,114,74,40
03,10,004,23,19,4,6,5,1,17,14,3
03,10,005,143,76,67,1,0,1,142,76,66
03,10,006,23286,13749,9537,7716,4573,3143,15570,9176,6394
03,10,007,12,9,3,3,2,1,9,7,2
03,10,008,31,31,0,0,0,0,31,31,0
03,10,010,2,1,1,0,0,0,2,1,1
03,10,011,32,22,10,1,1,0,31,21,10
03,10,013,64,36,28,17,6,11,47,30,17
03,10,014,178,105,73,52,26,26,126,79,47
03,10,015,72,49,23,20,11,9,52,38,14
03,10,016,870533,459713,410820,708233,374600,333633,162300,85113,77187
03,10,017,8,4,4,7,4,3,1,0,1
03,10,020,42,31,11,0,0,0,42,31,11
03,10,021,32,20,12,7,3,4,25,17,8
03,10,022,174,131,43,66,42,24,108,89,19
03,10,040,12,6,6,5,2,3,7,4,3
03,10,115,1,1,0,0,0,0,1,1,0
03,10,123,7,4,3,6,3,3,1,1,0
03,11,001,303,230,73,141,111,30,162,119,43
03,11,002,1898,1330,568,1126,814,312,772,516,256
03,11,003,14,11,3,8,8,0,6,3,3
03,11,004,1116,784,332,705,492,213,411,292,119
03,11,005,272,190,82,124,93,31,148,97,51
03,11,006,205242,114259,90983,72273,40799,31474,132969,73460,59509
03,11,007,588,459,129,304,229,75,284,230,54
03,11,008,56,34,22,39,24,15,17,10,7
03,11,009,4,4,0,2,2,0,2,2,0
03,11,010,64,32,32,27,13,14,37,19,18
03,11,011,1214,933,281,446,339,107,768,594,174
03,11,012,76,56,20,55,38,17,21,18,3
03,11,013,1472,1037,435,262,181,81,1210,856,354
03,11,014,1570,1235,335,986,839,147,584,396,188
03,11,015,901,652,249,186,137,49,715,515,200
03,11,016,1527488,802397,725091,1216566,638422,578144,310922,163975,146947
03,11,017,9,5,4,8,4,4,1,1,0
03,11,018,8,4,4,5,2,3,3,2,1
03,11,020,1210,955,255,410,328,82,800,627,173
03,11,021,928,676,252,351,256,95,577,420,157
03,11,022,348,232,116,203,139,64,145,93,52
03,11,028,5,2,3,0,0,0,5,2,3
03,11,031,2,1,1,2,1,1,0,0,0
03,11,037,3,2,1,0,0,0,3,2,1
03,11,040,82,52,30,43,23,20,39,29,10
03,11,043,3,3,0,3,3,0,0,0,0
03,11,044,313,157,156,313,157,156,0,0,0
03,11,045,1,1,0,0,0,0,1,1,0
03,11,054,1,1,0,1,1,0,0,0,0
03,11,068,1,1,0,0,0,0,1,1,0
03,11,071,1,1,0,0,0,0,1,1,0
03,11,072,6,5,1,4,4,0,2,1,1
03,11,073,1,1,0,0,0,0,1,1,0
03,11,074,1,1,0,0,0,0,1,1,0
03,11,075,30,14,16,6,3,3,24,11,13
03,11,090,8,6,2,3,3,0,5,3,2
03,11,091,3,3,0,2,2,0,1,1,0
03,11,117,1,1,0,0,0,0,1,1,0
03,11,123,864,457,407,778,403,375,86,54,32
03,12,001,1,1,0,1,1,0,0,0,0
03,12,002,100,72,28,21,11,10,79,61,18
03,12,003,2,2,0,2,2,0,0,0,0
03,12,004,37,26,11,17,14,3,20,12,8
03,12,005,24,22,2,18,18,0,6,4,2
03,12,006,44597,24607,19990,14876,8531,6345,29721,16076,13645
03,12,007,8,7,1,7,6,1,1,1,0
03,12,008,3,1,2,3,1,2,0,0,0
03,12,009,4,2,2,4,2,2,0,0,0
03,12,010,13,12,1,11,11,0,2,1,1
03,12,011,109,60,49,13,0,13,96,60,36
03,12,013,136,76,60,12,11,1,124,65,59
03,12,014,101,60,41,30,17,13,71,43,28
03,12,015,212,152,60,78,68,10,134,84,50
03,12,016,731836,385917,345919,563602,297228,266374,168234,88689,79545
03,12,020,33,26,7,14,12,2,19,14,5
03,12,021,8,5,3,4,4,0,4,1,3
03,12,022,175,120,55,127,85,42,48,35,13
03,12,040,77,41,36,72,40,32,5,1,4
03,12,123,17,8,9,17,8,9,0,0,0
03,13,001,134,103,31,0,0,0,134,103,31
03,13,002,428,310,118,19,17,2,409,293,116
03,13,003,1,1,0,0,0,0,1,1,0
03,13,004,216,150,66,4,4,0,212,146,66
03,13,005,96,63,33,1,1,0,95,62,33
03,13,006,38901,22036,16865,6010,3528,2482,32891,18508,14383
03,13,007,95,73,22,4,2,2,91,71,20
03,13,008,11,7,4,2,2,0,9,5,4
03,13,010,37,25,12,0,0,0,37,25,12
03,13,011,323,254,69,0,0,0,323,254,69
03,13,012,35,20,15,0,0,0,35,20,15
03,13,013,238,189,49,3,2,1,235,187,48
03,13,014,188,113,75,26,14,12,162,99,63
03,13,015,208,145,63,5,3,2,203,142,61
03,13,016,509236,268598,240638,351172,185327,165845,158064,83271,74793
03,13,019,5,2,3,0,0,0,5,2,3
03,13,020,330,249,81,5,4,1,325,245,80
03,13,021,188,135,53,2,1,1,186,134,52
03,13,022,155,87,68,46,25,21,109,62,47
03,13,023,1,1,0,0,0,0,1,1,0
03,13,028,18,10,8,18,10,8,0,0,0
03,13,030,15,7,8,0,0,0,15,7,8
03,13,040,6,4,2,2,2,0,4,2,2
03,13,071,4,2,2,0,0,0,4,2,2
03,13,082,5,3,2,0,0,0,5,3,2
03,13,090,10,4,6,0,0,0,10,4,6
03,13,115,1,1,0,0,0,0,1,1,0
03,13,123,7,4,3,2,1,1,5,3,2
03,14,001,363,230,133,336,215,121,27,15,12
03,14,002,1567,992,575,1040,686,354,527,306,221
03,14,003,3,1,2,2,1,1,1,0,1
03,14,004,503,317,186,418,267,151,85,50,35
03,14,005,773,434,339,286,183,103,487,251,236
03,14,006,86725,49868,36857,25035,15725,9310,61690,34143,27547
03,14,007,597,414,183,549,383,166,48,31,17
03,14,008,84,47,37,66,35,31,18,12,6
03,14,009,7,3,4,0,0,0,7,3,4
03,14,010,109,54,55,85,44,41,24,10,14
03,14,011,1203,853,350,980,707,273,223,146,77
03,14,012,47,34,13,46,33,13,1,1,0
03,14,013,1702,1141,561,1494,1025,469,208,116,92
03,14,014,712,467,245,244,174,70,468,293,175
03,14,015,950,606,344,605,400,205,345,206,139
03,14,016,1084974,575306,509668,798063,422638,375425,286911,152668,134243
03,14,017,9,5,4,1,1,0,8,4,4
03,14,018,3,1,2,0,0,0,3,1,2
03,14,019,15,8,7,4,3,1,11,5,6
03,14,020,1303,933,370,1150,829,321,153,104,49
03,14,021,1022,677,345,843,562,281,179,115,64
03,14,022,456,304,152,182,124,58,274,180,94
03,14,028,1,0,1,0,0,0,1,0,1
03,14,030,1,0,1,1,0,1,0,0,0
03,14,033,1,1,0,0,0,0,1,1,0
03,14,037,3,1,2,2,1,1,1,0,1
03,14,038,1,1,0,1,1,0,0,0,0
03,14,040,39,21,18,21,11,10,18,10,8
03,14,055,1,1,0,0,0,0,1,1,0
03,14,071,6,2,4,6,2,4,0,0,0
03,14,075,4,2,2,2,1,1,2,1,1
03,14,090,31,31,0,31,31,0,0,0,0
03,14,091,5,4,1,1,1,0,4,3,1
03,14,101,1,1,0,1,1,0,0,0,0
03,14,115,4,2,2,4,2,2,0,0,0
03,14,123,70,47,23,42,32,10,28,15,13
03,15,001,2,1,1,1,1,0,1,0,1
03,15,002,84,59,25,60,42,18,24,17,7
03,15,004,41,25,16,35,22,13,6,3,3
03,15,005,29,15,14,0,0,0,29,15,14
03,15,006,24709,13474,11235,15983,8628,7355,8726,4846,3880
03,15,007,4,1,3,1,0,1,3,1,2
03,15,008,3,3,0,0,0,0,3,3,0
03,15,010,3,1,2,0,0,0,3,1,2
03,15,011,5,0,5,5,0,5,0,0,0
03,15,013,44,19,25,0,0,0,44,19,25
03,15,014,86,59,27,18,7,11,68,52,16
03,15,015,17,11,6,9,5,4,8,6,2
03,15,016,663645,352729,310916,530195,282044,248151,133450,70685,62765
03,15,017,8,2,6,0,0,0,8,2,6
03,15,020,5,2,3,0,0,0,5,2,3
03,15,021,3,0,3,3,0,3,0,0,0
03,15,022,59,39,20,10,10,0,49,29,20
03,15,040,4,0,4,4,0,4,0,0,0
03,15,123,7,6,1,5,4,1,2,2,0
03,16,001,15,11,4,9,7,2,6,4,2
03,16,002,594,422,172,285,205,80,309,217,92
03,16,003,4,2,2,0,0,0,4,2,2
03,16,004,184,136,48,54,35,19,130,101,29
03,16,005,228,119,109,44,26,18,184,93,91
03,16,006,80694,48131,32563,36532,21396,15136,44162,26735,17427
03,16,007,37,28,9,25,21,4,12,7,5
03,16,008,23,22,1,0,0,0,23,22,1
03,16,010,133,96,37,51,44,7,82,52,30
03,16,011,172,95,77,85,48,37,87,47,40
03,16,013,208,129,79,79,51,28,129,78,51
03,16,014,630,461,169,288,227,61,342,234,108
03,16,015,432,347,85,185,162,23,247,185,62
03,16,016,1911026,1016130,894896,1377283,734112,643171,533743,282018,251725
03,16,019,161,90,71,0,0,0,161,90,71
03,16,020,115,73,42,33,22,11,82,51,31
03,16,021,118,76,42,44,33,11,74,43,31
03,16,022,5307,2874,2433,334,195,139,4973,2679,2294
03,16,028,3,1,2,1,1,0,2,0,2
03,16,030,11,6,5,0,0,0,11,6,5
03,16,040,14,7,7,1,1,0,13,6,7
03,16,053,8,3,5,7,3,4,1,0,1
03,16,075,27,14,13,0,0,0,27,14,13
03,16,091,5,4,1,5,4,1,0,0,0
03,16,123,24,12,12,9,5,4,15,7,8
03,17,001,277,195,82,66,48,18,211,147,64
03,17,002,1601,1009,592,421,305,116,1180,704,476
03,17,003,1,1,0,0,0,0,1,1,0
03,17,004,421,262,159,90,69,21,331,193,138
03,17,005,592,324,268,23,15,8,569,309,260
03,17,006,161497,90129,71368,59397,31796,27601,102100,58333,43767
03,17,007,341,222,119,32,30,2,309,192,117
03,17,008,136,83,53,4,2,2,132,81,51
03,17,009,8,5,3,8,5,3,0,0,0
03,17,010,198,167,31,130,124,6,68,43,25
03,17,011,835,588,247,146,100,46,689,488,201
03,17,012,52,32,20,3,3,0,49,29,20
03,17,013,799,551,248,166,119,47,633,432,201
03,17,014,1472,1005,467,662,496,166,810,509,301
03,17,015,1208,902,306,579,524,55,629,378,251
03,17,016,1666280,886849,779431,1137893,608621,529272,528387,278228,250159
03,17,017,13,8,5,0,0,0,13,8,5
03,17,018,1,1,0,0,0,0,1,1,0
03,17,019,15,7,8,0,0,0,15,7,8
03,17,020,1103,745,358,112,81,31,991,664,327
03,17,021,683,439,244,110,80,30,573,359,214
03,17,022,794,506,288,208,120,88,586,386,200
03,17,024,13,6,7,13,6,7,0,0,0
03,17,025,1,1,0,0,0,0,1,1,0
03,17,028,5,4,1,1,0,1,4,4,0
03,17,030,7,3,4,0,0,0,7,3,4
03,17,040,116,64,52,11,5,6,105,59,46
03,17,072,24,11,13,0,0,0,24,11,13
03,17,075,6276,3183,3093,112,60,52,6164,3123,3041
03,17,090,16,6,10,4,0,4,12,6,6
03,17,091,12,9,3,8,7,1,4,2,2
03,17,103,5,3,2,5,3,2,0,0,0
03,17,115,2,2,0,0,0,0,2,2,0
03,17,123,130,68,62,20,14,6,110,54,56
04,01,001,273,195,78,23,17,6,250,178,72
04,01,002,5491,3236,2255,409,263,146,5082,2973,2109
04,01,003,12,8,4,0,0,0,12,8,4
04,01,004,923,542,381,73,43,30,850,499,351
04,01,005,3461,1940,1521,367,232,135,3094,1708,1386
04,01,006,608218,350636,257582,59471,38753,20718,548747,311883,236864
04,01,007,479,282,197,9,6,3,470,276,194
04,01,008,1677,961,716,16,13,3,1661,948,713
04,01,009,74,39,35,2,1,1,72,38,34
04,01,010,1248,955,293,318,215,103,930,740,190
04,01,011,2356,1375,981,88,53,35,2268,1322,946
04,01,012,363,236,127,0,0,0,363,236,127
04,01,013,1308,789,519,107,57,50,1201,732,469
04,01,014,5390,3516,1874,946,600,346,4444,2916,1528
04,01,015,1508,971,537,156,104,52,1352,867,485
04,01,016,251224,131729,119495,29215,15850,13365,222009,115879,106130
04,01,017,22,21,1,0,0,0,22,21,1
04,01,018,21,11,10,6,1,5,15,10,5
04,01,019,118,55,63,1,0,1,117,55,62
04,01,020,5716,3042,2674,67,38,29,5649,3004,2645
04,01,021,1380,816,564,72,37,35,1308,779,529
04,01,022,7254,4428,2826,617,425,192,6637,4003,2634
04,01,024,5,3,2,0,0,0,5,3,2
04,01,025,1,0,1,0,0,0,1,0,1
04,01,026,2,0,2,0,0,0,2,0,2
04,01,027,5,3,2,0,0,0,5,3,2
04,01,028,32,16,16,0,0,0,32,16,16
04,01,030,2,1,1,0,0,0,2,1,1
04,01,031,32,23,9,5,3,2,27,20,7
04,01,032,3,2,1,0,0,0,3,2,1
04,01,037,1,1,0,0,0,0,1,1,0
04,01,040,356,177,179,9,4,5,347,173,174
04,01,044,4,4,0,4,4,0,0,0,0
04,01,048,2,2,0,0,0,0,2,2,0
04,01,051,1,0,1,0,0,0,1,0,1
04,01,054,1,1,0,0,0,0,1,1,0
04,01,055,1,0,1,0,0,0,1,0,1
04,01,059,79,40,39,0,0,0,79,40,39
04,01,072,18,8,10,1,1,0,17,7,10
04,01,073,309,122,187,22,13,9,287,109,178
04,01,074,6,2,4,0,0,0,6,2,4
04,01,075,82,35,47,0,0,0,82,35,47
04,01,082,18,8,10,0,0,0,18,8,10
04,01,087,32,16,16,10,4,6,22,12,10
04,01,090,26,18,8,1,1,0,25,17,8
04,01,091,11,8,3,2,2,0,9,6,3
04,01,092,2,1,1,0,0,0,2,1,1
04,01,093,20,8,12,2,1,1,18,7,11
04,01,098,10,4,6,0,0,0,10,4,6
04,01,106,3,3,0,0,0,0,3,3,0
04,01,111,20,20,0,0,0,0,20,20,0
04,01,113,7,4,3,7,4,3,0,0,0
04,01,114,73,36,37,0,0,0,73,36,37
04,01,115,7,5,2,0,0,0,7,5,2
04,01,116,15,8,7,0,0,0,15,8,7
04,01,118,1,1,0,0,0,0,1,1,0
04,01,123,932,575,357,94,71,23,838,504,334
05,01,001,17,6,11,10,4,6,7,2,5
05,01,002,1869,998,871,1825,966,859,44,32,12
05,01,003,1,1,0,1,1,0,0,0,0
05,01,004,48,37,11,48,37,11,0,0,0
05,01,005,290,160,130,288,159,129,2,1,1
05,01,006,281782,144471,137311,260436,132142,128294,21346,12329,9017
05,01,007,5,4,1,3,3,0,2,1,1
05,01,008,39,32,7,39,32,7,0,0,0
05,01,010,86,67,19,58,39,19,28,28,0
05,01,011,86,63,23,71,53,18,15,10,5
05,01,012,1,1,0,1,1,0,0,0,0
05,01,013,36,23,13,25,15,10,11,8,3
05,01,014,4608,2762,1846,4064,2404,1660,544,358,186
05,01,015,96,63,33,86,55,31,10,8,2
05,01,016,1051,598,453,471,295,176,580,303,277
05,01,017,1,1,0,1,1,0,0,0,0
05,01,018,69,66,3,69,66,3,0,0,0
05,01,019,14,12,2,8,7,1,6,5,1
05,01,020,42,35,7,31,29,2,11,6,5
05,01,021,39,34,5,32,30,2,7,4,3
05,01,022,666,400,266,405,244,161,261,156,105
05,01,028,49,26,23,41,21,20,8,5,3
05,01,031,913,426,487,908,423,485,5,3,2
05,01,040,47,38,9,43,38,5,4,0,4
05,01,049,1,0,1,1,0,1,0,0,0
05,01,050,1,1,0,1,1,0,0,0,0
05,01,053,59,31,28,59,31,28,0,0,0
05,01,059,221,110,111,221,110,111,0,0,0
05,01,062,1,1,0,1,1,0,0,0,0
05,01,072,17,16,1,17,16,1,0,0,0
05,01,073,10,10,0,10,10,0,0,0,0
05,01,090,4,3,1,4,3,1,0,0,0
05,01,091,83,64,19,79,62,17,4,2,2
05,01,093,892,458,434,892,458,434,0,0,0
05,01,103,14,9,5,14,9,5,0,0,0
05,01,114,306,154,152,305,153,152,1,1,0
05,01,115,5,5,0,5,5,0,0,0,0
05,01,123,1544,830,714,1522,813,709,22,17,5
05,02,001,30,25,5,14,10,4,16,15,1
05,02,002,201,142,59,102,81,21,99,61,38
05,02,004,87,82,5,26,25,1,61,57,4
05,02,005,26,23,3,7,7,0,19,16,3
05,02,006,358634,176169,182465,312807,149806,163001,45827,26363,19464
05,02,007,34,32,2,7,7,0,27,25,2
05,02,008,25,22,3,19,18,1,6,4,2
05,02,009,1,1,0,0,0,0,1,1,0
05,02,010,68,52,16,51,41,10,17,11,6
05,02,011,141,101,40,37,26,11,104,75,29
05,02,012,11,10,1,5,5,0,6,5,1
05,02,013,86,62,24,30,24,6,56,38,18
05,02,014,5036,3660,1376,3134,2341,793,1902,1319,583
05,02,015,35,27,8,12,11,1,23,16,7
05,02,016,556,432,124,177,156,21,379,276,103
05,02,018,90,89,1,78,77,1,12,12,0
05,02,019,64,33,31,29,16,13,35,17,18
05,02,020,88,76,12,11,11,0,77,65,12
05,02,021,34,24,10,2,2,0,32,22,10
05,02,022,785,530,255,223,162,61,562,368,194
05,02,023,4,3,1,2,2,0,2,1,1
05,02,028,7,4,3,4,2,2,3,2,1
05,02,031,3906,1828,2078,2657,1199,1458,1249,629,620
05,02,032,8,2,6,0,0,0,8,2,6
05,02,040,14,6,8,8,4,4,6,2,4
05,02,044,4,2,2,0,0,0,4,2,2
05,02,059,3,2,1,0,0,0,3,2,1
05,02,069,1,1,0,1,1,0,0,0,0
05,02,072,15,14,1,15,14,1,0,0,0
05,02,073,10,9,1,3,3,0,7,6,1
05,02,090,19,9,10,10,6,4,9,3,6
05,02,091,43,43,0,35,35,0,8,8,0
05,02,092,1,1,0,0,0,0,1,1,0
05,02,114,63,32,31,61,31,30,2,1,1
05,02,123,229,197,32,89,74,15,140,123,17
05,03,001,1,1,0,1,1,0,0,0,0
05,03,002,78,49,29,59,34,25,19,15,4
05,03,004,1,1,0,1,1,0,0,0,0
05,03,005,5,2,3,0,0,0,5,2,3
05,03,006,224960,105662,119298,222424,103926,118498,2536,1736,800
05,03,007,10,9,1,9,8,1,1,1,0
05,03,008,12,11,1,11,10,1,1,1,0
05,03,010,34,24,10,20,15,5,14,9,5
05,03,011,6,5,1,6,5,1,0,0,0
05,03,012,1,1,0,1,1,0,0,0,0
05,03,013,103,49,54,102,48,54,1,1,0
05,03,014,1950,1524,426,1864,1443,421,86,81,5
05,03,015,6,5,1,6,5,1,0,0,0
05,03,016,74,47,27,43,30,13,31,17,14
05,03,017,1,1,0,1,1,0,0,0,0
05,03,021,4,4,0,3,3,0,1,1,0
05,03,022,140,106,34,105,80,25,35,26,9
05,03,028,1,0,1,1,0,1,0,0,0
05,03,031,11,5,6,11,5,6,0,0,0
05,03,040,6,3,3,6,3,3,0,0,0
05,03,098,8,3,5,8,3,5,0,0,0
05,03,123,27,23,4,25,21,4,2,2,0
05,04,001,21,15,6,10,8,2,11,7,4
05,04,002,726,510,216,383,269,114,343,241,102
05,04,003,7,7,0,7,7,0,0,0,0
05,04,004,134,101,33,46,38,8,88,63,25
05,04,005,135,113,22,10,5,5,125,108,17
05,04,006,592848,286429,306419,538861,254185,284676,53987,32244,21743
05,04,007,52,45,7,8,7,1,44,38,6
05,04,008,86,77,9,78,72,6,8,5,3
05,04,009,1,0,1,0,0,0,1,0,1
05,04,010,165,117,48,43,34,9,122,83,39
05,04,011,139,81,58,50,20,30,89,61,28
05,04,012,13,10,3,5,4,1,8,6,2
05,04,013,163,134,29,22,15,7,141,119,22
05,04,014,5824,4250,1574,4100,2814,1286,1724,1436,288
05,04,015,550,456,94,135,109,26,415,347,68
05,04,016,1175,771,404,285,173,112,890,598,292
05,04,018,169,164,5,24,21,3,145,143,2
05,04,019,37,28,9,20,11,9,17,17,0
05,04,020,141,106,35,16,12,4,125,94,31
05,04,021,204,166,38,86,64,22,118,102,16
05,04,022,1359,975,384,332,246,86,1027,729,298
05,04,028,1,1,0,1,1,0,0,0,0
05,04,030,14,8,6,13,7,6,1,1,0
05,04,031,9,3,6,4,2,2,5,1,4
05,04,040,55,33,22,32,20,12,23,13,10
05,04,048,12,10,2,0,0,0,12,10,2
05,04,062,7,7,0,0,0,0,7,7,0
05,04,072,40,32,8,22,19,3,18,13,5
05,04,075,1,1,0,1,1,0,0,0,0
05,04,090,90,75,15,60,48,12,30,27,3
05,04,091,98,81,17,18,15,3,80,66,14
05,04,123,471,362,109,229,174,55,242,188,54
05,05,001,407,295,112,25,12,13,382,283,99
05,05,002,6183,3359,2824,721,383,338,5462,2976,2486
05,05,003,7,5,2,5,3,2,2,2,0
05,05,004,2260,1352,908,1279,616,663,981,736,245
05,05,005,677,414,263,86,47,39,591,367,224
05,05,006,1107611,585869,521742,527681,275580,252101,579930,310289,269641
05,05,007,321,221,100,13,9,4,308,212,96
05,05,008,731,411,320,229,130,99,502,281,221
05,05,009,23,13,10,3,1,2,20,12,8
05,05,010,774,461,313,32,20,12,742,441,301
05,05,011,1185,760,425,168,104,64,1017,656,361
05,05,012,108,79,29,2,2,0,106,77,29
05,05,013,1261,816,445,39,20,19,1222,796,426
05,05,014,43122,22609,20513,23376,11568,11808,19746,11041,8705
05,05,015,1043,676,367,216,130,86,827,546,281
05,05,016,47187,24615,22572,9879,5267,4612,37308,19348,17960
05,05,017,99,14,85,1,1,0,98,13,85
05,05,018,31,23,8,4,3,1,27,20,7
05,05,019,642,347,295,382,216,166,260,131,129
05,05,020,1168,747,421,79,46,33,1089,701,388
05,05,021,961,576,385,92,50,42,869,526,343
05,05,022,56298,30041,26257,33720,17810,15910,22578,12231,10347
05,05,023,10,7,3,7,5,2,3,2,1
05,05,024,114,62,52,13,6,7,101,56,45
05,05,025,71,57,14,0,0,0,71,57,14
05,05,026,5,5,0,0,0,0,5,5,0
05,05,027,17,15,2,0,0,0,17,15,2
05,05,028,18,12,6,2,2,0,16,10,6
05,05,029,759,422,337,759,422,337,0,0,0
05,05,030,13,7,6,0,0,0,13,7,6
05,05,031,171,87,84,84,43,41,87,44,43
05,05,032,10,5,5,0,0,0,10,5,5
05,05,033,2,2,0,0,0,0,2,2,0
05,05,034,2,2,0,0,0,0,2,2,0
05,05,036,9,7,2,0,0,0,9,7,2
05,05,040,566,267,299,70,33,37,496,234,262
05,05,042,14,7,7,0,0,0,14,7,7
05,05,043,3,3,0,0,0,0,3,3,0
05,05,044,4,1,3,1,1,0,3,0,3
05,05,048,4,4,0,0,0,0,4,4,0
05,05,051,5,2,3,0,0,0,5,2,3
05,05,053,222,113,109,222,113,109,0,0,0
05,05,054,6,3,3,1,1,0,5,2,3
05,05,055,2,1,1,0,0,0,2,1,1
05,05,059,21,10,11,8,3,5,13,7,6
05,05,064,2,2,0,0,0,0,2,2,0
05,05,066,17,13,4,0,0,0,17,13,4
05,05,071,5,2,3,0,0,0,5,2,3
05,05,072,59,44,15,0,0,0,59,44,15
05,05,073,144,118,26,88,85,3,56,33,23
05,05,075,22,13,9,2,2,0,20,11,9
05,05,078,3,1,2,0,0,0,3,1,2
05,05,081,2,2,0,0,0,0,2,2,0
05,05,082,13,8,5,0,0,0,13,8,5
05,05,084,3,2,1,0,0,0,3,2,1
05,05,085,5,3,2,0,0,0,5,3,2
05,05,087,1,1,0,0,0,0,1,1,0
05,05,090,56,37,19,15,5,10,41,32,9
05,05,091,33,22,11,22,13,9,11,9,2
05,05,095,1,1,0,0,0,0,1,1,0
05,05,098,2,1,1,0,0,0,2,1,1
05,05,104,31,18,13,0,0,0,31,18,13
05,05,106,11,6,5,0,0,0,11,6,5
05,05,111,8,7,1,0,0,0,8,7,1
05,05,113,3,1,2,3,1,2,0,0,0
05,05,114,6020,3603,2417,3497,2170,1327,2523,1433,1090
05,05,115,8,3,5,0,0,0,8,3,5
05,05,116,1,1,0,0,0,0,1,1,0
05,05,119,1,1,0,0,0,0,1,1,0
05,05,123,1545,869,676,575,382,193,970,487,483
05,06,001,7,4,3,4,1,3,3,3,0
05,06,002,328,224,104,215,148,67,113,76,37
05,06,004,626,331,295,616,326,290,10,5,5
05,06,005,481,250,231,451,241,210,30,9,21
05,06,006,682201,321868,360333,598207,275927,322280,83994,45941,38053
05,06,007,5,4,1,1,1,0,4,3,1
05,06,008,308,165,143,307,164,143,1,1,0
05,06,010,35,25,10,29,22,7,6,3,3
05,06,011,119,46,73,69,29,40,50,17,33
05,06,012,18,11,7,4,2,2,14,9,5
05,06,013,99,64,35,39,27,12,60,37,23
05,06,014,5943,4119,1824,4984,3454,1530,959,665,294
05,06,015,61,44,17,39,33,6,22,11,11
05,06,016,1618,843,775,335,191,144,1283,652,631
05,06,017,4,4,0,3,3,0,1,1,0
05,06,018,1,1,0,0,0,0,1,1,0
05,06,019,24,15,9,3,3,0,21,12,9
05,06,020,106,66,40,24,24,0,82,42,40
05,06,021,13,6,7,4,3,1,9,3,6
05,06,022,4147,2491,1656,1019,672,347,3128,1819,1309
05,06,031,15,8,7,0,0,0,15,8,7
05,06,040,19,11,8,15,9,6,4,2,2
05,06,044,4,4,0,0,0,0,4,4,0
05,06,053,464,232,232,464,232,232,0,0,0
05,06,062,1,0,1,0,0,0,1,0,1
05,06,072,28,15,13,26,13,13,2,2,0
05,06,090,3,1,2,0,0,0,3,1,2
05,06,091,27,13,14,26,12,14,1,1,0
05,06,114,12,5,7,0,0,0,12,5,7
05,06,123,361,191,170,319,169,150,42,22,20
05,07,001,44,36,8,27,21,6,17,15,2
05,07,002,298,195,103,157,99,58,141,96,45
05,07,003,2,1,1,0,0,0,2,1,1
05,07,004,235,185,50,160,136,24,75,49,26
05,07,005,21,13,8,2,2,0,19,11,8
05,07,006,452128,221459,230669,397014,191559,205455,55114,29900,25214
05,07,007,35,27,8,22,17,5,13,10,3
05,07,008,37,29,8,12,10,2,25,19,6
05,07,010,50,30,20,20,13,7,30,17,13
05,07,011,140,102,38,76,62,14,64,40,24
05,07,012,9,6,3,2,2,0,7,4,3
05,07,013,127,89,38,45,34,11,82,55,27
05,07,014,3858,2495,1363,2111,1255,856,1747,1240,507
05,07,015,171,106,65,125,75,50,46,31,15
05,07,016,579,373,206,306,217,89,273,156,117
05,07,018,2,2,0,1,1,0,1,1,0
05,07,020,98,74,24,41,33,8,57,41,16
05,07,021,56,43,13,21,18,3,35,25,10
05,07,022,1361,789,572,216,142,74,1145,647,498
05,07,028,13,11,2,5,4,1,8,7,1
05,07,031,1029,513,516,672,347,325,357,166,191
05,07,040,1,0,1,1,0,1,0,0,0
05,07,044,1,1,0,1,1,0,0,0,0
05,07,053,2,2,0,2,2,0,0,0,0
05,07,059,14,11,3,11,10,1,3,1,2
05,07,068,1,1,0,1,1,0,0,0,0
05,07,073,20,16,4,20,16,4,0,0,0
05,07,075,1,1,0,1,1,0,0,0,0
05,07,082,1,1,0,0,0,0,1,1,0
05,07,090,12,8,4,10,6,4,2,2,0
05,07,091,2,1,1,2,1,1,0,0,0
05,07,113,6,6,0,6,6,0,0,0,0
05,07,114,12,6,6,1,0,1,11,6,5
05,07,115,266,142,124,261,139,122,5,3,2
05,07,116,4,3,1,4,3,1,0,0,0
05,07,123,1653,838,815,1100,577,523,553,261,292
05,08,001,25,19,6,24,19,5,1,0,1
05,08,002,65,52,13,64,51,13,1,1,0
05,08,004,22,22,0,22,22,0,0,0,0
05,08,005,8,6,2,8,6,2,0,0,0
05,08,006,246317,116003,130314,238940,111983,126957,7377,4020,3357
05,08,007,3,3,0,3,3,0,0,0,0
05,08,010,5,5,0,5,5,0,0,0,0
05,08,011,22,20,2,22,20,2,0,0,0
05,08,012,1,1,0,1,1,0,0,0,0
05,08,013,34,32,2,29,28,1,5,4,1
05,08,014,2304,1937,367,2036,1745,291,268,192,76
05,08,015,16,15,1,16,15,1,0,0,0
05,08,016,240,136,104,207,115,92,33,21,12
05,08,019,12,5,7,12,5,7,0,0,0
05,08,020,24,20,4,23,19,4,1,1,0
05,08,021,24,20,4,21,17,4,3,3,0
05,08,022,253,167,86,178,118,60,75,49,26
05,08,028,3,1,2,3,1,2,0,0,0
05,08,031,39,20,19,0,0,0,39,20,19
05,08,040,1,1,0,1,1,0,0,0,0
05,08,044,1,1,0,1,1,0,0,0,0
05,08,090,6,6,0,6,6,0,0,0,0
05,08,123,37,18,19,37,18,19,0,0,0
05,09,001,20,16,4,2,1,1,18,15,3
05,09,002,315,196,119,203,119,84,112,77,35
05,09,003,3,2,1,0,0,0,3,2,1
05,09,004,26,13,13,0,0,0,26,13,13
05,09,005,21,17,4,12,9,3,9,8,1
05,09,006,622225,288194,334031,572357,260513,311844,49868,27681,22187
05,09,007,11,8,3,2,1,1,9,7,2
05,09,008,19,19,0,4,4,0,15,15,0
05,09,009,4,2,2,0,0,0,4,2,2
05,09,010,35,25,10,13,8,5,22,17,5
05,09,011,66,37,29,12,4,8,54,33,21
05,09,012,21,18,3,4,3,1,17,15,2
05,09,013,153,104,49,20,12,8,133,92,41
05,09,014,3914,2933,981,2223,1672,551,1691,1261,430
05,09,015,122,90,32,21,15,6,101,75,26
05,09,016,567,298,269,198,96,102,369,202,167
05,09,017,1,1,0,0,0,0,1,1,0
05,09,018,2,1,1,0,0,0,2,1,1
05,09,019,6,3,3,0,0,0,6,3,3
05,09,020,73,54,19,5,2,3,68,52,16
05,09,021,97,59,38,29,17,12,68,42,26
05,09,022,2452,1491,961,715,522,193,1737,969,768
05,09,025,1,1,0,0,0,0,1,1,0
05,09,028,12,7,5,11,7,4,1,0,1
05,09,031,31,15,16,31,15,16,0,0,0
05,09,035,1,0,1,0,0,0,1,0,1
05,09,040,44,20,24,36,13,23,8,7,1
05,09,054,1,1,0,0,0,0,1,1,0
05,09,055,3,1,2,3,1,2,0,0,0
05,09,059,4,2,2,0,0,0,4,2,2
05,09,064,1,1,0,0,0,0,1,1,0
05,09,071,4,2,2,0,0,0,4,2,2
05,09,072,59,56,3,0,0,0,59,56,3
05,09,081,1,1,0,0,0,0,1,1,0
05,09,090,16,10,6,8,4,4,8,6,2
05,09,091,5,5,0,0,0,0,5,5,0
05,09,106,1,1,0,0,0,0,1,1,0
05,09,111,3,3,0,0,0,0,3,3,0
05,09,114,101,59,42,92,55,37,9,4,5
05,09,115,9,4,5,9,4,5,0,0,0
05,09,123,117,78,39,52,31,21,65,47,18
05,10,001,1,1,0,1,1,0,0,0,0
05,10,002,525,277,248,165,95,70,360,182,178
05,10,004,30,18,12,1,1,0,29,17,12
05,10,005,11,6,5,1,1,0,10,5,5
05,10,006,219354,108140,111214,187990,91240,96750,31364,16900,14464
05,10,007,3,3,0,3,3,0,0,0,0
05,10,010,25,15,10,20,12,8,5,3,2
05,10,011,13,8,5,5,5,0,8,3,5
05,10,013,7,4,3,4,1,3,3,3,0
05,10,014,1352,820,532,959,551,408,393,269,124
05,10,015,15,9,6,3,3,0,12,6,6
05,10,016,569,317,252,235,140,95,334,177,157
05,10,018,13,4,9,13,4,9,0,0,0
05,10,019,6,3,3,1,0,1,5,3,2
05,10,020,5,4,1,3,2,1,2,2,0
05,10,021,24,13,11,1,0,1,23,13,10
05,10,022,2375,1321,1054,1195,660,535,1180,661,519
05,10,028,6,3,3,1,1,0,5,2,3
05,10,031,30,18,12,27,17,10,3,1,2
05,10,040,56,26,30,56,26,30,0,0,0
05,10,053,24,15,9,24,15,9,0,0,0
05,10,082,1,1,0,1,1,0,0,0,0
05,10,090,6,2,4,6,2,4,0,0,0
05,10,091,14,14,0,14,14,0,0,0,0
05,10,123,77,42,35,35,21,14,42,21,21
05,11,001,60,40,20,19,12,7,41,28,13
05,11,002,3656,1962,1694,2948,1574,1374,708,388,320
05,11,004,133,70,63,117,59,58,16,11,5
05,11,005,145,80,65,98,53,45,47,27,20
05,11,006,666255,348375,317880,466309,241919,224390,199946,106456,93490
05,11,007,34,22,12,22,12,10,12,10,2
05,11,008,172,88,84,74,37,37,98,51,47
05,11,009,7,3,4,4,2,2,3,1,2
05,11,010,79,52,27,31,19,12,48,33,15
05,11,011,186,71,115,77,34,43,109,37,72
05,11,012,26,22,4,2,2,0,24,20,4
05,11,013,156,100,56,33,19,14,123,81,42
05,11,014,5744,3378,2366,4205,2464,1741,1539,914,625
05,11,015,130,91,39,50,38,12,80,53,27
05,11,016,19507,10194,9313,12986,6795,6191,6521,3399,3122
05,11,017,3,3,0,0,0,0,3,3,0
05,11,018,1,1,0,0,0,0,1,1,0
05,11,019,139,73,66,16,9,7,123,64,59
05,11,020,81,51,30,20,11,9,61,40,21
05,11,021,109,65,44,43,25,18,66,40,26
05,11,022,64456,34483,29973,5428,3078,2350,59028,31405,27623
05,11,023,7,4,3,7,4,3,0,0,0
05,11,024,43,19,24,0,0,0,43,19,24
05,11,028,41,27,14,33,20,13,8,7,1
05,11,030,3,2,1,1,1,0,2,1,1
05,11,031,56,29,27,43,22,21,13,7,6
05,11,040,102,46,56,41,16,25,61,30,31
05,11,048,1,1,0,0,0,0,1,1,0
05,11,053,734,387,347,734,387,347,0,0,0
05,11,054,1,0,1,1,0,1,0,0,0
05,11,068,13,13,0,13,13,0,0,0,0
05,11,072,143,97,46,138,94,44,5,3,2
05,11,075,57,27,30,50,24,26,7,3,4
05,11,090,10,6,4,3,3,0,7,3,4
05,11,091,4,1,3,0,0,0,4,1,3
05,11,114,193,100,93,45,26,19,148,74,74
05,11,123,422,271,151,268,184,84,154,87,67
05,12,001,26,17,9,18,15,3,8,2,6
05,12,002,106035,54854,51181,77720,40304,37416,28315,14550,13765
05,12,004,896,448,448,878,439,439,18,9,9
05,12,005,506,250,256,371,183,188,135,67,68
05,12,006,816875,430900,385975,543296,283987,259309,273579,146913,126666
05,12,007,18,12,6,13,8,5,5,4,1
05,12,008,213,119,94,197,107,90,16,12,4
05,12,009,10,8,2,5,4,1,5,4,1
05,12,010,147,78,69,88,47,41,59,31,28
05,12,011,204,111,93,62,29,33,142,82,60
05,12,012,1,1,0,1,1,0,0,0,0
05,12,013,75,43,32,34,21,13,41,22,19
05,12,014,4059,2129,1930,2865,1524,1341,1194,605,589
05,12,015,756,415,341,663,370,293,93,45,48
05,12,016,158489,82305,76184,135666,70428,65238,22823,11877,10946
05,12,017,8,7,1,4,4,0,4,3,1
05,12,019,3361,1722,1639,3206,1646,1560,155,76,79
05,12,020,75,42,33,30,20,10,45,22,23
05,12,021,39,24,15,14,9,5,25,15,10
05,12,022,140839,74461,66378,65009,34227,30782,75830,40234,35596
05,12,028,210,96,114,162,72,90,48,24,24
05,12,031,7,2,5,7,2,5,0,0,0
05,12,040,119,57,62,74,38,36,45,19,26
05,12,044,3,2,1,3,2,1,0,0,0
05,12,053,564,294,270,563,293,270,1,1,0
05,12,062,5,3,2,5,3,2,0,0,0
05,12,072,6,3,3,6,3,3,0,0,0
05,12,075,1080,563,517,1027,540,487,53,23,30
05,12,089,2,1,1,2,1,1,0,0,0
05,12,090,30,13,17,11,6,5,19,7,12
05,12,096,1,1,0,1,1,0,0,0,0
05,12,114,1,1,0,0,0,0,1,1,0
05,12,115,12,5,7,0,0,0,12,5,7
05,12,116,1,1,0,0,0,0,1,1,0
05,12,123,941,496,445,599,320,279,342,176,166
05,13,001,195,150,45,9,4,5,186,146,40
05,13,002,2911,1649,1262,268,90,178,2643,1559,1084
05,13,004,207,129,78,18,12,6,189,117,72
05,13,005,447,256,191,245,134,111,202,122,80
05,13,006,1195223,640958,554265,836108,446537,389571,359115,194421,164694
05,13,007,95,65,30,0,0,0,95,65,30
05,13,008,2533,1288,1245,2470,1257,1213,63,31,32
05,13,009,7,2,5,0,0,0,7,2,5
05,13,010,143,85,58,7,7,0,136,78,58
05,13,011,563,347,216,21,14,7,542,333,209
05,13,012,60,51,9,0,0,0,60,51,9
05,13,013,469,286,183,8,5,3,461,281,180
05,13,014,3333,2039,1294,2138,1288,850,1195,751,444
05,13,015,487,350,137,7,4,3,480,346,134
05,13,016,15472,8737,6735,5887,3145,2742,9585,5592,3993
05,13,017,303,224,79,15,10,5,288,214,74
05,13,018,2,0,2,2,0,2,0,0,0
05,13,019,961,487,474,628,322,306,333,165,168
05,13,020,314,215,99,2,2,0,312,213,99
05,13,021,278,175,103,12,5,7,266,170,96
05,13,022,221950,117897,104053,152094,80727,71367,69856,37170,32686
05,13,023,1,1,0,0,0,0,1,1,0
05,13,028,23,14,9,13,10,3,10,4,6
05,13,030,4,3,1,0,0,0,4,3,1
05,13,032,1,1,0,0,0,0,1,1,0
05,13,037,1,1,0,0,0,0,1,1,0
05,13,040,77,50,27,31,21,10,46,29,17
05,13,041,2,1,1,0,0,0,2,1,1
05,13,048,2,1,1,0,0,0,2,1,1
05,13,053,883,422,461,883,422,461,0,0,0
05,13,055,3,2,1,0,0,0,3,2,1
05,13,065,1,1,0,0,0,0,1,1,0
05,13,071,1,1,0,0,0,0,1,1,0
05,13,072,14,8,6,0,0,0,14,8,6
05,13,073,3,2,1,0,0,0,3,2,1
05,13,075,17,11,6,0,0,0,17,11,6
05,13,082,1,1,0,0,0,0,1,1,0
05,13,090,8,5,3,0,0,0,8,5,3
05,13,091,15,9,6,0,0,0,15,9,6
05,13,094,1,1,0,0,0,0,1,1,0
05,13,114,4,1,3,0,0,0,4,1,3
05,13,116,3,1,2,0,0,0,3,1,2
05,13,117,1,1,0,0,0,0,1,1,0
05,13,123,168,93,75,46,22,24,122,71,51
06,01,001,231,179,52,185,151,34,46,28,18
06,01,002,1729,1114,615,922,661,261,807,453,354
06,01,003,6,5,1,2,2,0,4,3,1
06,01,004,351,272,79,118,89,29,233,183,50
06,01,005,259,151,108,145,96,49,114,55,59
06,01,006,404670,221517,183153,230546,127196,103350,174124,94321,79803
06,01,007,238,174,64,172,134,38,66,40,26
06,01,008,428,234,194,75,61,14,353,173,180
06,01,009,28,13,15,20,8,12,8,5,3
06,01,010,288,198,90,160,105,55,128,93,35
06,01,011,1106,744,362,821,600,221,285,144,141
06,01,012,44,24,20,28,17,11,16,7,9
06,01,013,1232,838,394,988,707,281,244,131,113
06,01,014,2925,1972,953,1870,1278,592,1055,694,361
06,01,015,806,504,302,424,283,141,382,221,161
06,01,016,48767,25898,22869,20881,11543,9338,27886,14355,13531
06,01,017,8,5,3,1,1,0,7,4,3
06,01,018,40,24,16,0,0,0,40,24,16
06,01,019,36,20,16,7,5,2,29,15,14
06,01,020,2735,1571,1164,1355,879,476,1380,692,688
06,01,021,743,481,262,523,370,153,220,111,109
06,01,022,1198,708,490,572,345,227,626,363,263
06,01,028,6,3,3,0,0,0,6,3,3
06,01,029,1,1,0,1,1,0,0,0,0
06,01,030,39,3,36,35,0,35,4,3,1
06,01,031,14,8,6,0,0,0,14,8,6
06,01,035,2,2,0,0,0,0,2,2,0
06,01,040,108,58,50,6,3,3,102,55,47
06,01,048,3,1,2,0,0,0,3,1,2
06,01,054,15,7,8,0,0,0,15,7,8
06,01,059,18,9,9,9,5,4,9,4,5
06,01,062,4,1,3,4,1,3,0,0,0
06,01,065,3,2,1,0,0,0,3,2,1
06,01,071,3,1,2,3,1,2,0,0,0
06,01,072,8,5,3,0,0,0,8,5,3
06,01,073,38,38,0,38,38,0,0,0,0
06,01,075,62,33,29,8,5,3,54,28,26
06,01,082,22,11,11,11,7,4,11,4,7
06,01,090,32,16,16,4,2,2,28,14,14
06,01,091,47,25,22,31,17,14,16,8,8
06,01,092,9,4,5,9,4,5,0,0,0
06,01,109,5,2,3,0,0,0,5,2,3
06,01,114,2,2,0,2,2,0,0,0,0
06,01,116,4,3,1,0,0,0,4,3,1
06,01,123,98,58,40,40,25,15,58,33,25
06,02,001,389,271,118,5,5,0,384,266,118
06,02,002,2458,1577,881,409,265,144,2049,1312,737
06,02,003,2,2,0,0,0,0,2,2,0
06,02,004,559,353,206,32,16,16,527,337,190
06,02,005,697,395,302,30,16,14,667,379,288
06,02,006,864899,463183,401716,578768,309152,269616,286131,154031,132100
06,02,007,599,427,172,7,5,2,592,422,170
06,02,008,170,86,84,38,21,17,132,65,67
06,02,009,15,9,6,1,1,0,14,8,6
06,02,010,422,323,99,235,216,19,187,107,80
06,02,011,1676,1187,489,68,36,32,1608,1151,457
06,02,012,70,49,21,1,1,0,69,48,21
06,02,013,1914,1257,657,92,46,46,1822,1211,611
06,02,014,1013,721,292,471,367,104,542,354,188
06,02,015,1142,727,415,112,59,53,1030,668,362
06,02,016,133363,69128,64235,76223,39233,36990,57140,29895,27245
06,02,017,3,2,1,0,0,0,3,2,1
06,02,018,34,34,0,34,34,0,0,0,0
06,02,019,23,13,10,5,4,1,18,9,9
06,02,020,1906,1339,567,56,27,29,1850,1312,538
06,02,021,1423,925,498,100,50,50,1323,875,448
06,02,022,1141,698,443,529,283,246,612,415,197
06,02,028,99,50,49,97,49,48,2,1,1
06,02,031,4,2,2,0,0,0,4,2,2
06,02,037,6,4,2,0,0,0,6,4,2
06,02,040,44,26,18,11,4,7,33,22,11
06,02,043,2,2,0,0,0,0,2,2,0
06,02,053,3,1,2,0,0,0,3,1,2
06,02,055,2,2,0,0,0,0,2,2,0
06,02,072,6,3,3,0,0,0,6,3,3
06,02,073,15,6,9,0,0,0,15,6,9
06,02,075,8,3,5,0,0,0,8,3,5
06,02,078,1,1,0,0,0,0,1,1,0
06,02,082,2,1,1,0,0,0,2,1,1
06,02,090,5,4,1,0,0,0,5,4,1
06,02,114,54,27,27,0,0,0,54,27,27
06,02,116,4,2,2,0,0,0,4,2,2
06,02,123,238,137,101,59,42,17,179,95,84
06,03,001,32,29,3,31,29,2,1,0,1
06,03,002,2144,1806,338,1132,1056,76,1012,750,262
06,03,004,106,54,52,3,1,2,103,53,50
06,03,005,489,239,250,1,1,0,488,238,250
06,03,006,910847,489431,421416,598244,320244,278000,312603,169187,143416
06,03,007,15,8,7,0,0,0,15,8,7
06,03,008,145,116,29,17,17,0,128,99,29
06,03,010,564,522,42,385,379,6,179,143,36
06,03,011,81,39,42,4,4,0,77,35,42
06,03,012,3,3,0,0,0,0,3,3,0
06,03,013,154,84,70,12,7,5,142,77,65
06,03,014,935,653,282,449,350,99,486,303,183
06,03,015,247,179,68,69,63,6,178,116,62
06,03,016,107169,55752,51417,35824,18457,17367,71345,37295,34050
06,03,017,101,75,26,51,50,1,50,25,25
06,03,018,8,6,2,0,0,0,8,6,2
06,03,019,52,25,27,1,1,0,51,24,27
06,03,020,74,50,24,1,1,0,73,49,24
06,03,021,32,16,16,0,0,0,32,16,16
06,03,022,18170,10190,7980,12228,6770,5458,5942,3420,2522
06,03,024,11,6,5,0,0,0,11,6,5
06,03,025,3,2,1,0,0,0,3,2,1
06,03,028,27,16,11,27,16,11,0,0,0
06,03,040,26,12,14,13,7,6,13,5,8
06,03,053,5,5,0,5,5,0,0,0,0
06,03,075,54,26,28,3,0,3,51,26,25
06,03,090,11,5,6,8,3,5,3,2,1
06,03,091,22,13,9,22,13,9,0,0,0
06,03,097,6,6,0,6,6,0,0,0,0
06,03,123,97,76,21,72,60,12,25,16,9
06,04,001,25,22,3,5,2,3,20,20,0
06,04,002,421,304,117,174,141,33,247,163,84
06,04,004,16,11,5,6,4,2,10,7,3
06,04,005,212,126,86,23,16,7,189,110,79
06,04,006,655072,352772,302300,484929,260157,224772,170143,92615,77528
06,04,007,25,19,6,2,2,0,23,17,6
06,04,008,65,40,25,7,5,2,58,35,23
06,04,009,1,0,1,1,0,1,0,0,0
06,04,010,200,172,28,126,119,7,74,53,21
06,04,011,88,54,34,9,5,4,79,49,30
06,04,012,46,36,10,15,15,0,31,21,10
06,04,013,102,69,33,9,4,5,93,65,28
06,04,014,870,691,179,569,487,82,301,204,97
06,04,015,81,56,25,3,2,1,78,54,24
06,04,016,166586,86941,79645,123350,64307,59043,43236,22634,20602
06,04,017,8,7,1,1,0,1,7,7,0
06,04,019,61,32,29,5,3,2,56,29,27
06,04,020,201,131,70,3,1,2,198,130,68
06,04,021,96,84,12,7,5,2,89,79,10
06,04,022,651,427,224,368,268,100,283,159,124
06,04,040,6,6,0,1,1,0,5,5,0
06,04,045,6,3,3,0,0,0,6,3,3
06,04,048,2,2,0,0,0,0,2,2,0
06,04,059,2,2,0,0,0,0,2,2,0
06,04,068,61,39,22,61,39,22,0,0,0
06,04,075,492,253,239,232,124,108,260,129,131
06,04,082,2,0,2,0,0,0,2,0,2
06,04,090,6,4,2,0,0,0,6,4,2
06,04,091,7,3,4,7,3,4,0,0,0
06,04,113,5,3,2,5,3,2,0,0,0
06,04,123,38,19,19,25,13,12,13,6,7
06,05,001,6,3,3,6,3,3,0,0,0
06,05,002,235,188,47,48,37,11,187,151,36
06,05,004,9,4,5,7,3,4,2,1,1
06,05,005,181,100,81,35,19,16,146,81,65
06,05,006,825825,447397,378428,662187,359114,303073,163638,88283,75355
06,05,010,251,232,19,39,25,14,212,207,5
06,05,011,27,8,19,7,1,6,20,7,13
06,05,013,25,14,11,2,0,2,23,14,9
06,05,014,293,210,83,71,48,23,222,162,60
06,05,015,25,15,10,15,9,6,10,6,4
06,05,016,117566,61354,56212,98969,51659,47310,18597,9695,8902
06,05,017,5,2,3,0,0,0,5,2,3
06,05,018,10,10,0,0,0,0,10,10,0
06,05,019,11,6,5,0,0,0,11,6,5
06,05,020,19,13,6,9,7,2,10,6,4
06,05,021,68,46,22,19,15,4,49,31,18
06,05,022,695,423,272,528,326,202,167,97,70
06,05,040,6,4,2,1,1,0,5,3,2
06,05,075,414,210,204,328,168,160,86,42,44
06,05,090,7,6,1,2,2,0,5,4,1
06,05,123,453,268,185,376,191,185,77,77,0
06,06,001,10,8,2,3,3,0,7,5,2
06,06,002,721,403,318,206,149,57,515,254,261
06,06,004,22,15,7,5,3,2,17,12,5
06,06,005,334,171,163,34,22,12,300,149,151
06,06,006,1074454,577904,496550,810801,435420,375381,263653,142484,121169
06,06,007,31,19,12,1,1,0,30,18,12
06,06,008,246,156,90,54,49,5,192,107,85
06,06,009,23,1,22,0,0,0,23,1,22
06,06,010,540,461,79,352,323,29,188,138,50
06,06,011,188,99,89,73,46,27,115,53,62
06,06,013,170,92,78,20,9,11,150,83,67
06,06,014,1310,897,413,464,340,124,846,557,289
06,06,015,553,353,200,443,282,161,110,71,39
06,06,016,182631,95883,86748,114733,60348,54385,67898,35535,32363
06,06,017,12,8,4,12,8,4,0,0,0
06,06,018,1,0,1,0,0,0,1,0,1
06,06,019,1392,721,671,608,322,286,784,399,385
06,06,020,116,78,38,8,5,3,108,73,35
06,06,021,107,56,51,10,4,6,97,52,45
06,06,022,2828,1645,1183,2254,1313,941,574,332,242
06,06,024,5,5,0,0,0,0,5,5,0
06,06,028,19,9,10,14,8,6,5,1,4
06,06,031,1,1,0,1,1,0,0,0,0
06,06,040,34,19,15,19,12,7,15,7,8
06,06,044,2,1,1,0,0,0,2,1,1
06,06,048,6,2,4,6,2,4,0,0,0
06,06,053,1,1,0,0,0,0,1,1,0
06,06,075,8269,4269,4000,6192,3202,2990,2077,1067,1010
06,06,087,1,1,0,1,1,0,0,0,0
06,06,090,15,9,6,0,0,0,15,9,6
06,06,091,1,1,0,1,1,0,0,0,0
06,06,102,5,5,0,5,5,0,0,0,0
06,06,116,3,1,2,0,0,0,3,1,2
06,06,123,132,74,58,21,11,10,111,63,48
06,07,001,25,18,7,18,12,6,7,6,1
06,07,002,3356,2217,1139,1634,1132,502,1722,1085,637
06,07,004,12,9,3,8,5,3,4,4,0
06,07,005,136,79,57,107,66,41,29,13,16
06,07,006,872378,477550,394828,547327,297989,249338,325051,179561,145490
06,07,007,28,13,15,9,4,5,19,9,10
06,07,008,44,22,22,23,9,14,21,13,8
06,07,009,3,1,2,1,0,1,2,1,1
06,07,010,638,455,183,213,163,50,425,292,133
06,07,011,211,97,114,49,22,27,162,75,87
06,07,013,185,100,85,78,45,33,107,55,52
06,07,014,1183,801,382,312,230,82,871,571,300
06,07,015,710,581,129,312,280,32,398,301,97
06,07,016,75241,39477,35764,20508,10765,9743,54733,28712,26021
06,07,017,3,1,2,0,0,0,3,1,2
06,07,018,7,6,1,7,6,1,0,0,0
06,07,019,862,461,401,797,425,372,65,36,29
06,07,020,238,125,113,89,46,43,149,79,70
06,07,021,240,123,117,116,64,52,124,59,65
06,07,022,11243,6352,4891,3597,1929,1668,7646,4423,3223
06,07,025,9,7,2,0,0,0,9,7,2
06,07,027,1,1,0,1,1,0,0,0,0
06,07,028,89,48,41,0,0,0,89,48,41
06,07,030,4,1,3,0,0,0,4,1,3
06,07,032,17,9,8,0,0,0,17,9,8
06,07,040,9,5,4,2,2,0,7,3,4
06,07,048,3,2,1,0,0,0,3,2,1
06,07,055,2,1,1,2,1,1,0,0,0
06,07,072,3,1,2,3,1,2,0,0,0
06,07,075,297,147,150,42,19,23,255,128,127
06,07,090,81,43,38,36,18,18,45,25,20
06,07,091,8,4,4,8,4,4,0,0,0
06,07,114,23,16,7,10,7,3,13,9,4
06,07,123,160,87,73,60,29,31,100,58,42
06,08,001,78,55,23,76,53,23,2,2,0
06,08,002,1650,1025,625,1001,656,345,649,369,280
06,08,004,96,61,35,77,55,22,19,6,13
06,08,005,41,22,19,16,8,8,25,14,11
06,08,006,1239315,674195,565120,946323,515038,431285,292992,159157,133835
06,08,007,24,18,6,13,9,4,11,9,2
06,08,008,39,25,14,4,2,2,35,23,12
06,08,009,4,2,2,1,1,0,3,1,2
06,08,010,1199,881,318,796,593,203,403,288,115
06,08,011,182,100,82,65,42,23,117,58,59
06,08,013,160,97,63,64,44,20,96,53,43
06,08,014,893,596,297,537,377,160,356,219,137
06,08,015,349,231,118,199,140,59,150,91,59
06,08,016,29844,15457,14387,5979,3131,2848,23865,12326,11539
06,08,017,4,1,3,3,1,2,1,0,1
06,08,018,9,5,4,0,0,0,9,5,4
06,08,019,486,255,231,227,120,107,259,135,124
06,08,020,100,67,33,84,54,30,16,13,3
06,08,021,96,58,38,40,30,10,56,28,28
06,08,022,1924,1119,805,1031,607,424,893,512,381
06,08,023,2,1,1,2,1,1,0,0,0
06,08,028,134,80,54,129,79,50,5,1,4
06,08,030,6,6,0,6,6,0,0,0,0
06,08,040,15,9,6,12,7,5,3,2,1
06,08,059,1,1,0,1,1,0,0,0,0
06,08,064,3,1,2,0,0,0,3,1,2
06,08,073,3,2,1,3,2,1,0,0,0
06,08,075,2194,1144,1050,894,481,413,1300,663,637
06,08,090,166,110,56,109,73,36,57,37,20
06,08,091,4,2,2,4,2,2,0,0,0
06,08,123,154,97,57,104,69,35,50,28,22
06,09,001,1,1,0,1,1,0,0,0,0
06,09,002,533,313,220,322,176,146,211,137,74
06,09,004,24,11,13,17,9,8,7,2,5
06,09,005,76,44,32,18,13,5,58,31,27
06,09,006,1148337,620010,528327,922192,498130,424062,226145,121880,104265
06,09,007,7,2,5,0,0,0,7,2,5
06,09,008,39,34,5,35,30,5,4,4,0
06,09,010,267,220,47,210,174,36,57,46,11
06,09,011,46,22,24,22,10,12,24,12,12
06,09,013,60,45,15,15,8,7,45,37,8
06,09,014,507,396,111,299,262,37,208,134,74
06,09,015,57,43,14,24,20,4,33,23,10
06,09,016,39314,20818,18496,24708,13154,11554,14606,7664,6942
06,09,017,7,6,1,4,4,0,3,2,1
06,09,018,3,3,0,3,3,0,0,0,0
06,09,020,41,23,18,5,3,2,36,20,16
06,09,021,85,42,43,66,33,33,19,9,10
06,09,022,322,186,136,241,134,107,81,52,29
06,09,024,1,1,0,1,1,0,0,0,0
06,09,040,7,5,2,3,3,0,4,2,2
06,09,072,3,3,0,3,3,0,0,0,0
06,09,075,10,7,3,1,1,0,9,6,3
06,09,090,13,8,5,13,8,5,0,0,0
06,09,115,1,0,1,1,0,1,0,0,0
06,09,123,66,39,27,46,25,21,20,14,6
06,10,001,3,1,2,2,0,2,1,1,0
06,10,002,215,139,76,134,80,54,81,59,22
06,10,004,468,231,237,466,230,236,2,1,1
06,10,005,214,104,110,115,55,60,99,49,50
06,10,006,453039,242079,210960,350389,187236,163153,102650,54843,47807
06,10,007,4,1,3,2,0,2,2,1,1
06,10,008,26,19,7,26,19,7,0,0,0
06,10,010,185,144,41,122,102,20,63,42,21
06,10,011,523,272,251,523,272,251,0,0,0
06,10,013,1049,529,520,1017,513,504,32,16,16
06,10,014,208,148,60,99,78,21,109,70,39
06,10,015,248,152,96,237,145,92,11,7,4
06,10,016,344002,180907,163095,306676,161289,145387,37326,19618,17708
06,10,018,15,15,0,15,15,0,0,0,0
06,10,019,357,179,178,236,118,118,121,61,60
06,10,020,57,23,34,38,13,25,19,10,9
06,10,021,7,2,5,1,0,1,6,2,4
06,10,022,1084,613,471,923,504,419,161,109,52
06,10,023,3,2,1,3,2,1,0,0,0
06,10,028,3,2,1,3,2,1,0,0,0
06,10,030,2,0,2,2,0,2,0,0,0
06,10,040,8,6,2,7,6,1,1,0,1
06,10,044,55,26,29,0,0,0,55,26,29
06,10,072,23,12,11,23,12,11,0,0,0
06,10,075,3114,1619,1495,1712,896,816,1402,723,679
06,10,090,152,81,71,141,75,66,11,6,5
06,10,091,5,2,3,5,2,3,0,0,0
06,10,114,3,2,1,3,2,1,0,0,0
06,10,123,1086,552,534,1081,550,531,5,2,3
06,11,001,13,8,5,13,8,5,0,0,0
06,11,002,403,291,112,214,165,49,189,126,63
06,11,004,69,33,36,69,33,36,0,0,0
06,11,005,195,115,80,25,24,1,170,91,79
06,11,006,373183,200289,172894,203573,109207,94366,169610,91082,78528
06,11,007,33,23,10,23,17,6,10,6,4
06,11,008,24,18,6,24,18,6,0,0,0
06,11,009,3,1,2,0,0,0,3,1,2
06,11,010,248,171,77,129,103,26,119,68,51
06,11,011,152,90,62,85,62,23,67,28,39
06,11,012,1,0,1,0,0,0,1,0,1
06,11,013,130,71,59,37,23,14,93,48,45
06,11,014,239,163,76,41,28,13,198,135,63
06,11,015,137,82,55,108,63,45,29,19,10
06,11,016,736336,388949,347387,614371,324684,289687,121965,64265,57700
06,11,017,3,3,0,0,0,0,3,3,0
06,11,019,369,193,176,285,147,138,84,46,38
06,11,020,122,72,50,96,53,43,26,19,7
06,11,021,116,83,33,93,69,24,23,14,9
06,11,022,803,464,339,629,358,271,174,106,68
06,11,023,1,1,0,1,1,0,0,0,0
06,11,028,13,8,5,1,1,0,12,7,5
06,11,030,22,4,18,1,0,1,21,4,17
06,11,040,26,13,13,8,5,3,18,8,10
06,11,053,1,1,0,1,1,0,0,0,0
06,11,072,5,2,3,0,0,0,5,2,3
06,11,075,3535,1835,1700,3018,1565,1453,517,270,247
06,11,090,68,40,28,46,29,17,22,11,11
06,11,092,4,3,1,4,3,1,0,0,0
06,11,093,1,0,1,0,0,0,1,0,1
06,11,123,394,219,175,289,153,136,105,66,39
06,12,001,416,312,104,384,289,95,32,23,9
06,12,002,1627,1098,529,1123,772,351,504,326,178
06,12,003,1,1,0,1,1,0,0,0,0
06,12,004,252,173,79,226,158,68,26,15,11
06,12,005,577,338,239,226,159,67,351,179,172
06,12,006,1429078,771836,657242,1066942,575291,491651,362136,196545,165591
06,12,007,293,213,80,272,196,76,21,17,4
06,12,008,38,26,12,10,10,0,28,16,12
06,12,009,13,5,8,13,5,8,0,0,0
06,12,010,482,345,137,253,179,74,229,166,63
06,12,011,1001,632,369,573,424,149,428,208,220
06,12,012,48,29,19,36,23,13,12,6,6
06,12,013,945,645,300,854,595,259,91,50,41
06,12,014,1703,1092,611,656,394,262,1047,698,349
06,12,015,889,615,274,659,469,190,230,146,84
06,12,016,88194,46667,41527,59552,31469,28083,28642,15198,13444
06,12,017,5,4,1,2,1,1,3,3,0
06,12,018,4,2,2,4,2,2,0,0,0
06,12,019,997,519,478,667,354,313,330,165,165
06,12,020,806,606,200,649,525,124,157,81,76
06,12,021,632,433,199,601,413,188,31,20,11
06,12,022,967,583,384,601,357,244,366,226,140
06,12,025,2,1,1,2,1,1,0,0,0
06,12,028,16,9,7,5,3,2,11,6,5
06,12,030,4,2,2,4,2,2,0,0,0
06,12,040,45,25,20,24,14,10,21,11,10
06,12,043,1,1,0,1,1,0,0,0,0
06,12,054,21,9,12,21,9,12,0,0,0
06,12,055,2,2,0,2,2,0,0,0,0
06,12,059,2,1,1,2,1,1,0,0,0
06,12,061,3,1,2,3,1,2,0,0,0
06,12,071,8,6,2,8,6,2,0,0,0
06,12,072,1,1,0,1,1,0,0,0,0
06,12,075,4845,2543,2302,1685,883,802,3160,1660,1500
06,12,082,1,1,0,1,1,0,0,0,0
06,12,090,48,37,11,48,37,11,0,0,0
06,12,091,14,10,4,7,4,3,7,6,1
06,12,099,1,1,0,1,1,0,0,0,0
06,12,108,1,1,0,1,1,0,0,0,0
06,12,109,1,1,0,1,1,0,0,0,0
06,12,113,1,1,0,1,1,0,0,0,0
06,12,116,3,1,2,3,1,2,0,0,0
06,12,123,3129,1692,1437,2874,1548,1326,255,144,111
06,13,001,31,24,7,11,8,3,20,16,4
06,13,002,365,254,111,107,68,39,258,186,72
06,13,003,2,2,0,2,2,0,0,0,0
06,13,005,352,192,160,22,12,10,330,180,150
06,13,006,1402338,746140,656198,1144589,607490,537099,257749,138650,119099
06,13,007,5,3,2,0,0,0,5,3,2
06,13,008,9,4,5,0,0,0,9,4,5
06,13,009,1,0,1,1,0,1,0,0,0
06,13,010,112,91,21,28,23,5,84,68,16
06,13,011,39,22,17,1,0,1,38,22,16
06,13,012,8,8,0,0,0,0,8,8,0
06,13,013,71,39,32,2,1,1,69,38,31
06,13,014,397,277,120,109,78,31,288,199,89
06,13,015,266,192,74,81,43,38,185,149,36
06,13,016,17167,8959,8208,8623,4497,4126,8544,4462,4082
06,13,017,6,4,2,6,4,2,0,0,0
06,13,019,230,110,120,17,8,9,213,102,111
06,13,020,30,16,14,4,2,2,26,14,12
06,13,021,16,12,4,12,10,2,4,2,2
06,13,022,493,293,200,291,168,123,202,125,77
06,13,031,1,0,1,1,0,1,0,0,0
06,13,040,8,5,3,4,2,2,4,3,1
06,13,043,2,2,0,0,0,0,2,2,0
06,13,051,1,1,0,0,0,0,1,1,0
06,13,055,1,1,0,0,0,0,1,1,0
06,13,068,6,6,0,0,0,0,6,6,0
06,13,075,3020,1561,1459,689,354,335,2331,1207,1124
06,13,078,5,5,0,0,0,0,5,5,0
06,13,082,5,5,0,5,5,0,0,0,0
06,13,090,5,0,5,5,0,5,0,0,0
06,13,110,1,1,0,0,0,0,1,1,0
06,13,120,1,1,0,0,0,0,1,1,0
06,13,123,28,23,5,19,14,5,9,9,0
06,14,001,39,27,12,29,22,7,10,5,5
06,14,002,750,474,276,508,316,192,242,158,84
06,14,004,9,6,3,3,2,1,6,4,2
06,14,005,267,144,123,26,13,13,241,131,110
06,14,006,892874,484141,408733,601685,327224,274461,291189,156917,134272
06,14,007,17,13,4,0,0,0,17,13,4
06,14,008,51,24,27,6,3,3,45,21,24
06,14,009,12,9,3,9,9,0,3,0,3
06,14,010,98,83,15,70,68,2,28,15,13
06,14,011,75,33,42,10,3,7,65,30,35
06,14,012,1,1,0,0,0,0,1,1,0
06,14,013,109,58,51,11,5,6,98,53,45
06,14,014,881,613,268,252,197,55,629,416,213
06,14,015,115,77,38,29,23,6,86,54,32
06,14,016,43850,22750,21100,7478,3898,3580,36372,18852,17520
06,14,017,11,7,4,0,0,0,11,7,4
06,14,018,1,0,1,0,0,0,1,0,1
06,14,019,22,14,8,2,2,0,20,12,8
06,14,020,159,79,80,2,1,1,157,78,79
06,14,021,26,13,13,13,6,7,13,7,6
06,14,022,500,301,199,210,140,70,290,161,129
06,14,028,8,8,0,0,0,0,8,8,0
06,14,030,2,2,0,1,1,0,1,1,0
06,14,040,148,83,65,143,79,64,5,4,1
06,14,075,20,8,12,5,2,3,15,6,9
06,14,090,4,4,0,0,0,0,4,4,0
06,14,091,1,1,0,1,1,0,0,0,0
06,14,096,4,3,1,0,0,0,4,3,1
06,14,116,3,2,1,0,0,0,3,2,1
06,14,123,71,60,11,31,29,2,40,31,9
06,15,001,98,52,46,93,50,43,5,2,3
06,15,002,4314,2468,1846,3170,1827,1343,1144,641,503
06,15,004,17,7,10,0,0,0,17,7,10
06,15,005,76,35,41,23,8,15,53,27,26
06,15,006,863200,467034,396166,680153,366585,313568,183047,100449,82598
06,15,007,11,6,5,1,1,0,10,5,5
06,15,008,180,105,75,21,15,6,159,90,69
06,15,010,973,625,348,117,96,21,856,529,327
06,15,011,117,57,60,6,2,4,111,55,56
06,15,013,78,48,30,25,15,10,53,33,20
06,15,014,663,433,230,127,94,33,536,339,197
06,15,015,535,337,198,207,127,80,328,210,118
06,15,016,8430,4384,4046,464,250,214,7966,4134,3832
06,15,017,4,2,2,1,0,1,3,2,1
06,15,019,15,5,10,2,0,2,13,5,8
06,15,020,44,22,22,4,1,3,40,21,19
06,15,021,213,146,67,114,88,26,99,58,41
06,15,022,752,496,256,322,219,103,430,277,153
06,15,023,3,3,0,3,3,0,0,0,0
06,15,028,10,6,4,0,0,0,10,6,4
06,15,031,4,2,2,0,0,0,4,2,2
06,15,040,3,2,1,3,2,1,0,0,0
06,15,071,28,16,12,0,0,0,28,16,12
06,15,072,32,22,10,0,0,0,32,22,10
06,15,075,20,11,9,0,0,0,20,11,9
06,15,090,50,35,15,8,7,1,42,28,14
06,15,091,1,0,1,0,0,0,1,0,1
06,15,098,1,1,0,1,1,0,0,0,0
06,15,099,27,14,13,27,14,13,0,0,0
06,15,123,173,101,72,83,53,30,90,48,42
06,16,001,16,6,10,14,6,8,2,0,2
06,16,002,157,88,69,69,22,47,88,66,22
06,16,004,3,3,0,3,3,0,0,0,0
06,16,005,232,121,111,32,14,18,200,107,93
06,16,006,808633,421506,387127,701756,364746,337010,106877,56760,50117
06,16,007,3,1,2,3,1,2,0,0,0
06,16,010,21,16,5,17,13,4,4,3,1
06,16,011,5,2,3,5,2,3,0,0,0
06,16,013,50,21,29,13,1,12,37,20,17
06,16,014,92,76,16,27,23,4,65,53,12
06,16,015,49,26,23,22,13,9,27,13,14
06,16,016,2733,1378,1355,653,324,329,2080,1054,1026
06,16,017,1,1,0,1,1,0,0,0,0
06,16,018,16,16,0,15,15,0,1,1,0
06,16,019,6,2,4,1,0,1,5,2,3
06,16,020,16,3,13,13,1,12,3,2,1
06,16,021,27,15,12,26,14,12,1,1,0
06,16,022,249,177,72,192,127,65,57,50,7
06,16,030,3,3,0,3,3,0,0,0,0
06,16,040,11,6,5,11,6,5,0,0,0
06,16,045,1,1,0,1,1,0,0,0,0
06,16,075,189,103,86,0,0,0,189,103,86
06,16,090,7,7,0,7,7,0,0,0,0
06,16,123,1,0,1,1,0,1,0,0,0
06,17,001,42,19,23,35,15,20,7,4,3
06,17,002,1002,623,379,646,408,238,356,215,141
06,17,004,8,5,3,2,2,0,6,3,3
06,17,005,192,100,92,33,16,17,159,84,75
06,17,006,755496,397612,357884,626878,328097,298781,128618,69515,59103
06,17,007,3,2,1,0,0,0,3,2,1
06,17,008,9,6,3,0,0,0,9,6,3
06,17,010,137,84,53,74,41,33,63,43,20
06,17,011,112,67,45,32,17,15,80,50,30
06,17,013,64,38,26,19,9,10,45,29,16
06,17,014,317,214,103,158,113,45,159,101,58
06,17,015,252,155,97,112,69,43,140,86,54
06,17,016,6759,3514,3245,536,274,262,6223,3240,2983
06,17,017,15,15,0,15,15,0,0,0,0
06,17,019,88,45,43,70,34,36,18,11,7
06,17,020,66,40,26,20,11,9,46,29,17
06,17,021,276,163,113,211,131,80,65,32,33
06,17,022,401,265,136,294,188,106,107,77,30
06,17,030,2,1,1,2,1,1,0,0,0
06,17,040,35,20,15,5,1,4,30,19,11
06,17,072,2,1,1,0,0,0,2,1,1
06,17,075,2,1,1,0,0,0,2,1,1
06,17,090,25,13,12,8,4,4,17,9,8
06,17,091,11,5,6,11,5,6,0,0,0
06,17,123,35,26,9,16,10,6,19,16,3
06,18,001,444,242,202,399,213,186,45,29,16
06,18,002,7016,4120,2896,5072,3032,2040,1944,1088,856
06,18,003,12,9,3,12,9,3,0,0,0
06,18,004,330,237,93,301,218,83,29,19,10
06,18,005,416,221,195,293,151,142,123,70,53
06,18,006,1444376,770777,673599,1097554,584585,512969,346822,186192,160630
06,18,007,497,267,230,296,164,132,201,103,98
06,18,008,826,421,405,598,304,294,228,117,111
06,18,009,51,29,22,25,14,11,26,15,11
06,18,010,1358,1000,358,801,614,187,557,386,171
06,18,011,2036,1169,867,1270,747,523,766,422,344
06,18,012,85,51,34,76,46,30,9,5,4
06,18,013,1021,565,456,642,369,273,379,196,183
06,18,014,2787,1969,818,1802,1312,490,985,657,328
06,18,015,2073,1457,616,1400,1008,392,673,449,224
06,18,016,16699,8701,7998,5392,2842,2550,11307,5859,5448
06,18,017,1,0,1,1,0,1,0,0,0
06,18,018,18,15,3,18,15,3,0,0,0
06,18,019,203,99,104,88,42,46,115,57,58
06,18,020,2003,1159,844,1431,846,585,572,313,259
06,18,021,1278,796,482,821,540,281,457,256,201
06,18,022,175355,92331,83024,171988,90496,81492,3367,1835,1532
06,18,023,5,5,0,5,5,0,0,0,0
06,18,025,6,5,1,6,5,1,0,0,0
06,18,026,2,2,0,2,2,0,0,0,0
06,18,027,1,0,1,1,0,1,0,0,0
06,18,028,107,101,6,107,101,6,0,0,0
06,18,030,47,22,25,29,14,15,18,8,10
06,18,031,5,2,3,5,2,3,0,0,0
06,18,032,4,2,2,0,0,0,4,2,2
06,18,040,531,283,248,483,255,228,48,28,20
06,18,043,11,8,3,11,8,3,0,0,0
06,18,051,1,1,0,1,1,0,0,0,0
06,18,054,7,4,3,4,2,2,3,2,1
06,18,055,4,0,4,3,0,3,1,0,1
06,18,056,1,0,1,1,0,1,0,0,0
06,18,061,2,2,0,2,2,0,0,0,0
06,18,062,2,1,1,2,1,1,0,0,0
06,18,064,1,1,0,1,1,0,0,0,0
06,18,071,1,1,0,1,1,0,0,0,0
06,18,072,2,0,2,0,0,0,2,0,2
06,18,075,152,79,73,17,9,8,135,70,65
06,18,077,4,3,1,4,3,1,0,0,0
06,18,079,2,1,1,2,1,1,0,0,0
06,18,081,2,1,1,2,1,1,0,0,0
06,18,082,1,1,0,1,1,0,0,0,0
06,18,085,2,0,2,2,0,2,0,0,0
06,18,090,132,76,56,110,60,50,22,16,6
06,18,091,10,6,4,5,3,2,5,3,2
06,18,093,2,2,0,2,2,0,0,0,0
06,18,095,1,1,0,1,1,0,0,0,0
06,18,098,6,5,1,6,5,1,0,0,0
06,18,101,1,1,0,1,1,0,0,0,0
06,18,105,1,1,0,1,1,0,0,0,0
06,18,106,1,0,1,1,0,1,0,0,0
06,18,111,6,3,3,6,3,3,0,0,0
06,18,113,1,0,1,1,0,1,0,0,0
06,18,116,14,6,8,10,4,6,4,2,2
06,18,118,1,1,0,1,1,0,0,0,0
06,18,123,325,189,136,168,100,68,157,89,68
06,19,001,149,91,58,28,8,20,121,83,38
06,19,002,10103,5532,4571,650,327,323,9453,5205,4248
06,19,003,6,3,3,0,0,0,6,3,3
06,19,004,262,144,118,0,0,0,262,144,118
06,19,005,788,413,375,2,1,1,786,412,374
06,19,006,2042829,1111725,931104,929549,500263,429286,1113280,611462,501818
06,19,007,229,125,104,5,3,2,224,122,102
06,19,008,1378,714,664,0,0,0,1378,714,664
06,19,009,52,27,25,5,3,2,47,24,23
06,19,010,3816,2344,1472,24,20,4,3792,2324,1468
06,19,011,6324,3259,3065,59,19,40,6265,3240,3025
06,19,012,23,21,2,1,1,0,22,20,2
06,19,013,1275,680,595,11,7,4,1264,673,591
06,19,014,3146,1977,1169,81,60,21,3065,1917,1148
06,19,015,2398,1498,900,64,30,34,2334,1468,866
06,19,016,69975,36425,33550,6779,3570,3209,63196,32855,30341
06,19,017,7,5,2,5,3,2,2,2,0
06,19,018,12,10,2,7,7,0,5,3,2
06,19,019,300,146,154,0,0,0,300,146,154
06,19,020,1474,786,688,48,27,21,1426,759,667
06,19,021,767,417,350,5,3,2,762,414,348
06,19,022,41911,22767,19144,31347,16702,14645,10564,6065,4499
06,19,023,7,4,3,0,0,0,7,4,3
06,19,024,704,356,348,0,0,0,704,356,348
06,19,028,119,65,54,14,8,6,105,57,48
06,19,030,71,37,34,0,0,0,71,37,34
06,19,031,2,2,0,2,2,0,0,0,0
06,19,032,19,10,9,0,0,0,19,10,9
06,19,040,220,110,110,18,7,11,202,103,99
06,19,043,1,1,0,0,0,0,1,1,0
06,19,044,6,1,5,0,0,0,6,1,5
06,19,053,4,2,2,0,0,0,4,2,2
06,19,054,4,2,2,0,0,0,4,2,2
06,19,072,34,21,13,0,0,0,34,21,13
06,19,075,288,146,142,2,0,2,286,146,140
06,19,082,11,4,7,0,0,0,11,4,7
06,19,090,4667,2572,2095,4517,2493,2024,150,79,71
06,19,091,1,1,0,0,0,0,1,1,0
06,19,098,55,25,30,0,0,0,55,25,30
06,19,116,13,9,4,0,0,0,13,9,4
06,19,123,1136,586,550,19,6,13,1117,580,537
07,01,001,431,306,125,29,19,10,402,287,115
07,01,002,21604,11921,9683,1413,845,568,20191,11076,9115
07,01,003,13,13,0,0,0,0,13,13,0
07,01,004,814,480,334,34,19,15,780,461,319
07,01,005,10776,5532,5244,21,13,8,10755,5519,5236
07,01,006,2509819,1383107,1126712,245916,135754,110162,2263903,1247353,1016550
07,01,007,1262,660,602,13,9,4,1249,651,598
07,01,008,3302,1695,1607,525,273,252,2777,1422,1355
07,01,009,125,62,63,0,0,0,125,62,63
07,01,010,24151,14947,9204,6903,4013,2890,17248,10934,6314
07,01,011,7529,3688,3841,53,30,23,7476,3658,3818
07,01,012,236,174,62,31,26,5,205,148,57
07,01,013,4283,2339,1944,506,283,223,3777,2056,1721
07,01,014,6113,3923,2190,470,320,150,5643,3603,2040
07,01,015,2406,1573,833,106,86,20,2300,1487,813
07,01,016,176637,90852,85785,5080,2648,2432,171557,88204,83353
07,01,017,21,11,10,1,1,0,20,10,10
07,01,018,71,58,13,42,42,0,29,16,13
07,01,019,13324,6693,6631,31,18,13,13293,6675,6618
07,01,020,13905,7181,6724,60,40,20,13845,7141,6704
07,01,021,2161,1128,1033,39,22,17,2122,1106,1016
07,01,022,55956,32078,23878,3479,1924,1555,52477,30154,22323
07,01,023,6,5,1,0,0,0,6,5,1
07,01,024,61,33,28,11,6,5,50,27,23
07,01,025,5,3,2,0,0,0,5,3,2
07,01,026,1,1,0,0,0,0,1,1,0
07,01,027,10,7,3,0,0,0,10,7,3
07,01,028,311,165,146,31,20,11,280,145,135
07,01,030,38,22,16,0,0,0,38,22,16
07,01,032,6,6,0,3,3,0,3,3,0
07,01,038,1,1,0,0,0,0,1,1,0
07,01,039,4,1,3,0,0,0,4,1,3
07,01,040,630,335,295,36,27,9,594,308,286
07,01,042,6,5,1,0,0,0,6,5,1
07,01,043,3,1,2,0,0,0,3,1,2
07,01,044,26,13,13,5,2,3,21,11,10
07,01,046,1,1,0,0,0,0,1,1,0
07,01,051,8,6,2,0,0,0,8,6,2
07,01,054,15,4,11,0,0,0,15,4,11
07,01,055,10,6,4,0,0,0,10,6,4
07,01,056,1,1,0,0,0,0,1,1,0
07,01,062,6,3,3,0,0,0,6,3,3
07,01,066,5,3,2,0,0,0,5,3,2
07,01,071,27,16,11,0,0,0,27,16,11
07,01,072,202,94,108,0,0,0,202,94,108
07,01,073,9,5,4,0,0,0,9,5,4
07,01,075,1675,853,822,22,13,9,1653,840,813
07,01,079,6,4,2,0,0,0,6,4,2
07,01,081,8,7,1,0,0,0,8,7,1
07,01,082,29,14,15,0,0,0,29,14,15
07,01,084,5,1,4,0,0,0,5,1,4
07,01,088,8,6,2,2,1,1,6,5,1
07,01,089,11,6,5,0,0,0,11,6,5
07,01,090,266,149,117,41,23,18,225,126,99
07,01,091,19,8,11,0,0,0,19,8,11
07,01,093,1,1,0,0,0,0,1,1,0
07,01,098,16,10,6,0,0,0,16,10,6
07,01,104,8,5,3,0,0,0,8,5,3
07,01,106,16,12,4,0,0,0,16,12,4
07,01,107,2,0,2,0,0,0,2,0,2
07,01,111,40,27,13,0,0,0,40,27,13
07,01,113,15,10,5,0,0,0,15,10,5
07,01,114,204,78,126,0,0,0,204,78,126
07,01,115,6,3,3,0,0,0,6,3,3
07,01,116,11,6,5,0,0,0,11,6,5
07,01,120,1,1,0,0,0,0,1,1,0
07,01,123,2191,1330,861,460,261,199,1731,1069,662
07,02,001,316,193,123,0,0,0,316,193,123
07,02,002,14971,8467,6504,150,88,62,14821,8379,6442
07,02,003,1,0,1,0,0,0,1,0,1
07,02,004,302,178,124,29,17,12,273,161,112
07,02,005,866,447,419,0,0,0,866,447,419
07,02,006,627715,345185,282530,44578,24582,19996,583137,320603,262534
07,02,007,95,57,38,2,1,1,93,56,37
07,02,008,205,118,87,7,3,4,198,115,83
07,02,009,25,11,14,4,3,1,21,8,13
07,02,010,3540,2352,1188,498,316,182,3042,2036,1006
07,02,011,1682,617,1065,21,7,14,1661,610,1051
07,02,012,285,174,111,0,0,0,285,174,111
07,02,013,905,502,403,19,11,8,886,491,395
07,02,014,1416,927,489,47,27,20,1369,900,469
07,02,015,457,273,184,35,18,17,422,255,167
07,02,016,37684,19439,18245,604,312,292,37080,19127,17953
07,02,017,17,9,8,0,0,0,17,9,8
07,02,018,8,3,5,0,0,0,8,3,5
07,02,019,1593,823,770,6,3,3,1587,820,767
07,02,020,997,507,490,2,0,2,995,507,488
07,02,021,379,217,162,8,4,4,371,213,158
07,02,022,85489,46032,39457,523,299,224,84966,45733,39233
07,02,023,2,0,2,0,0,0,2,0,2
07,02,024,28,16,12,0,0,0,28,16,12
07,02,025,1,0,1,0,0,0,1,0,1
07,02,026,4,2,2,0,0,0,4,2,2
07,02,027,4,4,0,0,0,0,4,4,0
07,02,028,47,28,19,0,0,0,47,28,19
07,02,030,2,2,0,0,0,0,2,2,0
07,02,031,3,2,1,0,0,0,3,2,1
07,02,039,1,0,1,0,0,0,1,0,1
07,02,040,197,90,107,5,1,4,192,89,103
07,02,043,1,0,1,0,0,0,1,0,1
07,02,044,1,0,1,0,0,0,1,0,1
07,02,045,2,1,1,0,0,0,2,1,1
07,02,054,3,0,3,0,0,0,3,0,3
07,02,055,8,1,7,0,0,0,8,1,7
07,02,059,14,8,6,0,0,0,14,8,6
07,02,064,2,1,1,0,0,0,2,1,1
07,02,068,3,3,0,0,0,0,3,3,0
07,02,071,6,4,2,0,0,0,6,4,2
07,02,072,59,32,27,13,7,6,46,25,21
07,02,073,33,20,13,0,0,0,33,20,13
07,02,075,177,91,86,0,0,0,177,91,86
07,02,079,2,2,0,0,0,0,2,2,0
07,02,081,3,1,2,0,0,0,3,1,2
07,02,082,36,14,22,0,0,0,36,14,22
07,02,084,1,0,1,0,0,0,1,0,1
07,02,090,50,24,26,0,0,0,50,24,26
07,02,091,10,5,5,0,0,0,10,5,5
07,02,093,4,4,0,0,0,0,4,4,0
07,02,094,1,0,1,0,0,0,1,0,1
07,02,095,18,7,11,0,0,0,18,7,11
07,02,098,12,9,3,0,0,0,12,9,3
07,02,104,1,1,0,0,0,0,1,1,0
07,02,106,2,0,2,0,0,0,2,0,2
07,02,111,13,5,8,0,0,0,13,5,8
07,02,112,1,0,1,0,0,0,1,0,1
07,02,113,3,2,1,0,0,0,3,2,1
07,02,114,1046,552,494,0,0,0,1046,552,494
07,02,115,3,3,0,0,0,0,3,3,0
07,02,116,5,1,4,0,0,0,5,1,4
07,02,122,4,4,0,0,0,0,4,4,0
07,02,123,764,412,352,34,25,9,730,387,343
07,03,001,101,59,42,22,12,10,79,47,32
07,03,002,14670,8015,6655,337,179,158,14333,7836,6497
07,03,003,7,4,3,7,4,3,0,0,0
07,03,004,273,171,102,8,6,2,265,165,100
07,03,005,230,119,111,14,8,6,216,111,105
07,03,006,1439994,779801,660193,134385,72644,61741,1305609,707157,598452
07,03,007,169,89,80,7,3,4,162,86,76
07,03,008,1773,884,889,6,3,3,1767,881,886
07,03,009,26,10,16,0,0,0,26,10,16
07,03,010,2633,1553,1080,71,39,32,2562,1514,1048
07,03,011,5909,2941,2968,38,10,28,5871,2931,2940
07,03,012,25,14,11,0,0,0,25,14,11
07,03,013,950,502,448,73,42,31,877,460,417
07,03,014,1141,703,438,80,51,29,1061,652,409
07,03,015,768,461,307,36,25,11,732,436,296
07,03,016,27663,14442,13221,1125,587,538,26538,13855,12683
07,03,017,40,30,10,1,1,0,39,29,10
07,03,018,22,10,12,0,0,0,22,10,12
07,03,019,720,365,355,35,18,17,685,347,338
07,03,020,2028,1057,971,30,18,12,1998,1039,959
07,03,021,855,439,416,29,16,13,826,423,403
07,03,022,267281,144006,123275,5168,2846,2322,262113,141160,120953
07,03,023,1,1,0,0,0,0,1,1,0
07,03,024,62,34,28,7,4,3,55,30,25
07,03,028,115,56,59,1,0,1,114,56,58
07,03,030,7,4,3,0,0,0,7,4,3
07,03,031,3,1,2,0,0,0,3,1,2
07,03,040,98,52,46,4,4,0,94,48,46
07,03,044,10,6,4,0,0,0,10,6,4
07,03,045,5,4,1,0,0,0,5,4,1
07,03,049,2,0,2,0,0,0,2,0,2
07,03,051,2,0,2,0,0,0,2,0,2
07,03,062,1,0,1,0,0,0,1,0,1
07,03,071,7,4,3,4,4,0,3,0,3
07,03,072,22,10,12,0,0,0,22,10,12
07,03,075,29,17,12,0,0,0,29,17,12
07,03,082,2,0,2,0,0,0,2,0,2
07,03,090,22,13,9,7,6,1,15,7,8
07,03,091,2,0,2,0,0,0,2,0,2
07,03,095,4,0,4,0,0,0,4,0,4
07,03,098,8,2,6,0,0,0,8,2,6
07,03,111,16,0,16,0,0,0,16,0,16
07,03,114,3,1,2,0,0,0,3,1,2
07,03,115,1,1,0,0,0,0,1,1,0
07,03,123,361,197,164,52,28,24,309,169,140
07,04,001,347,209,138,27,13,14,320,196,124
07,04,002,34112,18441,15671,762,400,362,33350,18041,15309
07,04,003,18,14,4,0,0,0,18,14,4
07,04,004,467,246,221,14,7,7,453,239,214
07,04,005,3052,1587,1465,20,9,11,3032,1578,1454
07,04,006,1212312,660126,552186,13433,7552,5881,1198879,652574,546305
07,04,007,1375,672,703,85,44,41,1290,628,662
07,04,008,2972,1513,1459,153,79,74,2819,1434,1385
07,04,009,249,118,131,13,4,9,236,114,122
07,04,010,5691,3812,1879,607,412,195,5084,3400,1684
07,04,011,16511,8557,7954,663,322,341,15848,8235,7613
07,04,012,84,39,45,7,3,4,77,36,41
07,04,013,2713,1435,1278,140,81,59,2573,1354,1219
07,04,014,1937,1191,746,26,14,12,1911,1177,734
07,04,015,2747,1739,1008,80,46,34,2667,1693,974
07,04,016,94527,48588,45939,1042,515,527,93485,48073,45412
07,04,017,21,11,10,0,0,0,21,11,10
07,04,018,8,3,5,0,0,0,8,3,5
07,04,019,2289,1158,1131,92,58,34,2197,1100,1097
07,04,020,12122,6167,5955,611,309,302,11511,5858,5653
07,04,021,3812,2007,1805,147,76,71,3665,1931,1734
07,04,022,64072,35300,28772,214,123,91,63858,35177,28681
07,04,023,1,0,1,0,0,0,1,0,1
07,04,024,4,0,4,0,0,0,4,0,4
07,04,027,2,0,2,0,0,0,2,0,2
07,04,028,33,20,13,0,0,0,33,20,13
07,04,030,74,37,37,5,3,2,69,34,35
07,04,031,66,36,30,0,0,0,66,36,30
07,04,032,8,3,5,0,0,0,8,3,5
07,04,038,1,0,1,0,0,0,1,0,1
07,04,040,439,228,211,14,7,7,425,221,204
07,04,043,5,2,3,5,2,3,0,0,0
07,04,044,100,44,56,3,1,2,97,43,54
07,04,051,6,2,4,0,0,0,6,2,4
07,04,053,1,1,0,0,0,0,1,1,0
07,04,054,1,0,1,0,0,0,1,0,1
07,04,059,26,11,15,0,0,0,26,11,15
07,04,062,11,3,8,5,2,3,6,1,5
07,04,072,51,25,26,0,0,0,51,25,26
07,04,073,6,4,2,0,0,0,6,4,2
07,04,075,487,243,244,9,6,3,478,237,241
07,04,082,19,7,12,0,0,0,19,7,12
07,04,090,26,16,10,0,0,0,26,16,10
07,04,091,6,3,3,0,0,0,6,3,3
07,04,093,24,12,12,0,0,0,24,12,12
07,04,095,6,3,3,0,0,0,6,3,3
07,04,098,17,10,7,0,0,0,17,10,7
07,04,110,4,1,3,0,0,0,4,1,3
07,04,111,4,1,3,0,0,0,4,1,3
07,04,114,57,32,25,0,0,0,57,32,25
07,04,116,46,22,24,0,0,0,46,22,24
07,04,123,614,375,239,46,31,15,568,344,224
07,05,001,286,175,111,0,0,0,286,175,111
07,05,002,3980,2094,1886,0,0,0,3980,2094,1886
07,05,003,15,7,8,0,0,0,15,7,8
07,05,004,317,208,109,0,0,0,317,208,109
07,05,005,377,202,175,0,0,0,377,202,175
07,05,006,145724,81824,63900,0,0,0,145724,81824,63900
07,05,007,539,303,236,0,0,0,539,303,236
07,05,008,493,252,241,0,0,0,493,252,241
07,05,009,111,55,56,0,0,0,111,55,56
07,05,010,619,385,234,0,0,0,619,385,234
07,05,011,4039,2149,1890,0,0,0,4039,2149,1890
07,05,012,98,50,48,0,0,0,98,50,48
07,05,013,1262,695,567,0,0,0,1262,695,567
07,05,014,1769,1015,754,0,0,0,1769,1015,754
07,05,015,1666,970,696,0,0,0,1666,970,696
07,05,016,7173,3779,3394,0,0,0,7173,3779,3394
07,05,017,13,9,4,0,0,0,13,9,4
07,05,018,18,12,6,0,0,0,18,12,6
07,05,019,237,118,119,0,0,0,237,118,119
07,05,020,3768,1983,1785,0,0,0,3768,1983,1785
07,05,021,1901,1026,875,0,0,0,1901,1026,875
07,05,022,3779,2153,1626,0,0,0,3779,2153,1626
07,05,024,5,4,1,0,0,0,5,4,1
07,05,025,1,0,1,0,0,0,1,0,1
07,05,027,20,7,13,0,0,0,20,7,13
07,05,028,7,3,4,0,0,0,7,3,4
07,05,030,41,30,11,0,0,0,41,30,11
07,05,037,3,3,0,0,0,0,3,3,0
07,05,039,2,2,0,0,0,0,2,2,0
07,05,040,199,99,100,0,0,0,199,99,100
07,05,042,4,2,2,0,0,0,4,2,2
07,05,043,11,2,9,0,0,0,11,2,9
07,05,044,40,26,14,0,0,0,40,26,14
07,05,047,2,1,1,0,0,0,2,1,1
07,05,052,8,5,3,0,0,0,8,5,3
07,05,054,8,3,5,0,0,0,8,3,5
07,05,055,18,8,10,0,0,0,18,8,10
07,05,062,2,1,1,0,0,0,2,1,1
07,05,065,2,2,0,0,0,0,2,2,0
07,05,070,2,1,1,0,0,0,2,1,1
07,05,071,10,4,6,0,0,0,10,4,6
07,05,072,65,31,34,0,0,0,65,31,34
07,05,073,30,14,16,0,0,0,30,14,16
07,05,074,12,6,6,0,0,0,12,6,6
07,05,075,3,3,0,0,0,0,3,3,0
07,05,082,49,24,25,0,0,0,49,24,25
07,05,086,4,3,1,0,0,0,4,3,1
07,05,090,72,34,38,0,0,0,72,34,38
07,05,091,6,6,0,0,0,0,6,6,0
07,05,092,1,1,0,0,0,0,1,1,0
07,05,095,21,11,10,0,0,0,21,11,10
07,05,106,3,1,2,0,0,0,3,1,2
07,05,111,6,3,3,0,0,0,6,3,3
07,05,113,5,2,3,0,0,0,5,2,3
07,05,114,10,4,6,0,0,0,10,4,6
07,05,115,1,0,1,0,0,0,1,0,1
07,05,116,12,5,7,0,0,0,12,5,7
07,05,117,1,0,1,0,0,0,1,0,1
07,05,118,1,1,0,0,0,0,1,1,0
07,05,123,241,140,101,0,0,0,241,140,101
07,06,001,102,66,36,0,0,0,102,66,36
07,06,002,7208,5002,2206,0,0,0,7208,5002,2206
07,06,004,168,123,45,0,0,0,168,123,45
07,06,005,781,398,383,0,0,0,781,398,383
07,06,006,411805,224743,187062,0,0,0,411805,224743,187062
07,06,007,532,247,285,0,0,0,532,247,285
07,06,008,352,223,129,0,0,0,352,223,129
07,06,009,97,53,44,0,0,0,97,53,44
07,06,010,900,657,243,0,0,0,900,657,243
07,06,011,2082,875,1207,0,0,0,2082,875,1207
07,06,012,57,33,24,0,0,0,57,33,24
07,06,013,967,498,469,0,0,0,967,498,469
07,06,014,1368,903,465,0,0,0,1368,903,465
07,06,015,527,323,204,0,0,0,527,323,204
07,06,016,37067,18867,18200,0,0,0,37067,18867,18200
07,06,017,41,40,1,0,0,0,41,40,1
07,06,018,4,0,4,0,0,0,4,0,4
07,06,019,2114,1046,1068,0,0,0,2114,1046,1068
07,06,020,2903,1489,1414,0,0,0,2903,1489,1414
07,06,021,1472,567,905,0,0,0,1472,567,905
07,06,022,174887,94186,80701,0,0,0,174887,94186,80701
07,06,024,1,1,0,0,0,0,1,1,0
07,06,028,47,27,20,0,0,0,47,27,20
07,06,030,31,15,16,0,0,0,31,15,16
07,06,040,202,110,92,0,0,0,202,110,92
07,06,044,12,4,8,0,0,0,12,4,8
07,06,051,3,1,2,0,0,0,3,1,2
07,06,054,3,2,1,0,0,0,3,2,1
07,06,055,2,0,2,0,0,0,2,0,2
07,06,068,1,1,0,0,0,0,1,1,0
07,06,072,4,1,3,0,0,0,4,1,3
07,06,073,12,5,7,0,0,0,12,5,7
07,06,075,349,176,173,0,0,0,349,176,173
07,06,078,2,2,0,0,0,0,2,2,0
07,06,079,2,2,0,0,0,0,2,2,0
07,06,082,10,4,6,0,0,0,10,4,6
07,06,090,3,1,2,0,0,0,3,1,2
07,06,093,5,5,0,0,0,0,5,5,0
07,06,095,2,2,0,0,0,0,2,2,0
07,06,098,1,0,1,0,0,0,1,0,1
07,06,109,6,3,3,0,0,0,6,3,3
07,06,114,5,3,2,0,0,0,5,3,2
07,06,116,16,9,7,0,0,0,16,9,7
07,06,123,232,118,114,0,0,0,232,118,114
07,07,001,514,310,204,77,45,32,437,265,172
07,07,002,15670,8655,7015,704,448,256,14966,8207,6759
07,07,003,23,18,5,0,0,0,23,18,5
07,07,004,1074,609,465,17,14,3,1057,595,462
07,07,005,25199,12992,12207,6,1,5,25193,12991,12202
07,07,006,1563007,865010,697997,72932,41651,31281,1490075,823359,666716
07,07,007,1680,822,858,4,1,3,1676,821,855
07,07,008,2824,1423,1401,1,1,0,2823,1422,1401
07,07,009,248,118,130,0,0,0,248,118,130
07,07,010,12171,7855,4316,1204,757,447,10967,7098,3869
07,07,011,14893,7334,7559,121,62,59,14772,7272,7500
07,07,012,120,79,41,0,0,0,120,79,41
07,07,013,3918,2032,1886,2,2,0,3916,2030,1886
07,07,014,6744,4376,2368,329,222,107,6415,4154,2261
07,07,015,2622,1665,957,114,79,35,2508,1586,922
07,07,016,403328,207961,195367,9899,5276,4623,393429,202685,190744
07,07,017,55,36,19,1,1,0,54,35,19
07,07,018,62,36,26,11,10,1,51,26,25
07,07,019,8297,4168,4129,84,37,47,8213,4131,4082
07,07,020,11480,5931,5549,34,20,14,11446,5911,5535
07,07,021,3542,1779,1763,2,2,0,3540,1777,1763
07,07,022,46052,26995,19057,1005,600,405,45047,26395,18652
07,07,023,3,1,2,0,0,0,3,1,2
07,07,024,589,298,291,107,54,53,482,244,238
07,07,027,1,0,1,0,0,0,1,0,1
07,07,028,205,113,92,1,1,0,204,112,92
07,07,030,66,30,36,10,4,6,56,26,30
07,07,031,17,10,7,0,0,0,17,10,7
07,07,032,4,3,1,0,0,0,4,3,1
07,07,037,1,0,1,0,0,0,1,0,1
07,07,039,7,6,1,0,0,0,7,6,1
07,07,040,600,322,278,9,5,4,591,317,274
07,07,041,1,0,1,0,0,0,1,0,1
07,07,043,1,0,1,0,0,0,1,0,1
07,07,044,70,52,18,0,0,0,70,52,18
07,07,046,5,3,2,0,0,0,5,3,2
07,07,051,4,2,2,0,0,0,4,2,2
07,07,054,35,14,21,0,0,0,35,14,21
07,07,055,12,5,7,0,0,0,12,5,7
07,07,062,3,2,1,0,0,0,3,2,1
07,07,071,33,17,16,0,0,0,33,17,16
07,07,072,105,47,58,0,0,0,105,47,58
07,07,073,9,1,8,0,0,0,9,1,8
07,07,075,1935,995,940,5,4,1,1930,991,939
07,07,080,1,0,1,0,0,0,1,0,1
07,07,082,54,29,25,0,0,0,54,29,25
07,07,083,4,4,0,0,0,0,4,4,0
07,07,088,23,12,11,0,0,0,23,12,11
07,07,090,275,146,129,62,33,29,213,113,100
07,07,091,25,13,12,1,1,0,24,12,12
07,07,095,8,6,2,0,0,0,8,6,2
07,07,098,28,16,12,0,0,0,28,16,12
07,07,111,5,2,3,0,0,0,5,2,3
07,07,113,14,8,6,0,0,0,14,8,6
07,07,114,20,16,4,0,0,0,20,16,4
07,07,115,3,3,0,0,0,0,3,3,0
07,07,116,41,22,19,0,0,0,41,22,19
07,07,117,10,4,6,0,0,0,10,4,6
07,07,123,1168,678,490,52,35,17,1116,643,473
07,08,001,2576,1610,966,163,73,90,2413,1537,876
07,08,002,28343,15432,12911,2210,1153,1057,26133,14279,11854
07,08,003,111,78,33,5,2,3,106,76,30
07,08,004,2331,1466,865,115,69,46,2216,1397,819
07,08,005,1705,936,769,69,39,30,1636,897,739
07,08,006,1526130,855989,670141,208408,114221,94187,1317722,741768,575954
07,08,007,2799,1614,1185,131,61,70,2668,1553,1115
07,08,008,3091,1623,1468,688,354,334,2403,1269,1134
07,08,009,300,150,150,26,11,15,274,139,135
07,08,010,12082,7765,4317,1348,881,467,10734,6884,3850
07,08,011,17129,9266,7863,1074,524,550,16055,8742,7313
07,08,012,814,479,335,69,29,40,745,450,295
07,08,013,6696,3887,2809,426,224,202,6270,3663,2607
07,08,014,12304,7680,4624,1149,657,492,11155,7023,4132
07,08,015,7573,4629,2944,639,363,276,6934,4266,2668
07,08,016,68491,35413,33078,4551,2306,2245,63940,33107,30833
07,08,017,30,18,12,6,5,1,24,13,11
07,08,018,93,55,38,9,4,5,84,51,33
07,08,019,2347,1201,1146,184,84,100,2163,1117,1046
07,08,020,24202,12902,11300,1329,656,673,22873,12246,10627
07,08,021,8463,4784,3679,383,189,194,8080,4595,3485
07,08,022,21414,13260,8154,1757,1022,735,19657,12238,7419
07,08,023,21,8,13,0,0,0,21,8,13
07,08,024,40,18,22,0,0,0,40,18,22
07,08,025,19,17,2,0,0,0,19,17,2
07,08,026,14,10,4,0,0,0,14,10,4
07,08,027,40,19,21,3,0,3,37,19,18
07,08,028,182,101,81,11,7,4,171,94,77
07,08,030,56,27,29,2,0,2,54,27,27
07,08,031,19,9,10,0,0,0,19,9,10
07,08,032,3,1,2,0,0,0,3,1,2
07,08,033,17,12,5,0,0,0,17,12,5
07,08,034,3,3,0,0,0,0,3,3,0
07,08,035,1,1,0,0,0,0,1,1,0
07,08,036,1,1,0,0,0,0,1,1,0
07,08,037,35,14,21,5,2,3,30,12,18
07,08,038,6,5,1,0,0,0,6,5,1
07,08,039,10,4,6,0,0,0,10,4,6
07,08,040,969,504,465,221,107,114,748,397,351
07,08,041,2,1,1,0,0,0,2,1,1
07,08,042,17,8,9,0,0,0,17,8,9
07,08,043,19,16,3,8,5,3,11,11,0
07,08,044,38,19,19,0,0,0,38,19,19
07,08,047,32,17,15,12,5,7,20,12,8
07,08,051,19,11,8,0,0,0,19,11,8
07,08,053,14,8,6,0,0,0,14,8,6
07,08,054,30,12,18,7,3,4,23,9,14
07,08,055,52,27,25,2,0,2,50,27,23
07,08,056,13,6,7,1,0,1,12,6,6
07,08,059,4,2,2,0,0,0,4,2,2
07,08,062,5,4,1,1,1,0,4,3,1
07,08,064,5,5,0,0,0,0,5,5,0
07,08,066,1,1,0,0,0,0,1,1,0
07,08,068,1,0,1,0,0,0,1,0,1
07,08,071,158,112,46,10,2,8,148,110,38
07,08,072,443,209,234,33,16,17,410,193,217
07,08,073,48,32,16,0,0,0,48,32,16
07,08,074,13,7,6,0,0,0,13,7,6
07,08,075,316,166,150,12,7,5,304,159,145
07,08,076,1,1,0,0,0,0,1,1,0
07,08,078,7,4,3,0,0,0,7,4,3
07,08,080,1,1,0,0,0,0,1,1,0
07,08,081,14,7,7,0,0,0,14,7,7
07,08,082,288,177,111,28,10,18,260,167,93
07,08,084,2,1,1,0,0,0,2,1,1
07,08,085,8,5,3,0,0,0,8,5,3
07,08,087,2,2,0,0,0,0,2,2,0
07,08,088,23,16,7,0,0,0,23,16,7
07,08,089,6,4,2,0,0,0,6,4,2
07,08,090,196,105,91,19,10,9,177,95,82
07,08,091,11,6,5,2,1,1,9,5,4
07,08,093,18,13,5,0,0,0,18,13,5
07,08,094,4,4,0,0,0,0,4,4,0
07,08,095,79,49,30,0,0,0,79,49,30
07,08,098,14,3,11,6,1,5,8,2,6
07,08,099,1,1,0,0,0,0,1,1,0
07,08,104,3,3,0,0,0,0,3,3,0
07,08,106,9,5,4,0,0,0,9,5,4
07,08,107,3,0,3,0,0,0,3,0,3
07,08,109,11,6,5,0,0,0,11,6,5
07,08,110,8,5,3,0,0,0,8,5,3
07,08,111,36,18,18,5,2,3,31,16,15
07,08,113,38,23,15,0,0,0,38,23,15
07,08,114,67,35,32,10,5,5,57,30,27
07,08,115,25,21,4,0,0,0,25,21,4
07,08,116,22,12,10,1,0,1,21,12,9
07,08,117,9,5,4,0,0,0,9,5,4
07,08,118,1,1,0,0,0,0,1,1,0
07,08,122,11,9,2,0,0,0,11,9,2
07,08,123,2433,1419,1014,316,168,148,2117,1251,866
07,09,001,1656,945,711,51,32,19,1605,913,692
07,09,002,67856,37084,30772,2774,1465,1309,65082,35619,29463
07,09,003,34,20,14,0,0,0,34,20,14
07,09,004,1228,711,517,89,60,29,1139,651,488
07,09,005,2159,1111,1048,82,47,35,2077,1064,1013
07,09,006,1774337,990466,783871,140059,78902,61157,1634278,911564,722714
07,09,007,2074,1090,984,63,38,25,2011,1052,959
07,09,008,6313,3473,2840,401,206,195,5912,3267,2645
07,09,009,586,270,316,40,21,19,546,249,297
07,09,010,23544,15263,8281,2327,1421,906,21217,13842,7375
07,09,011,22235,10527,11708,1238,630,608,20997,9897,11100
07,09,012,301,168,133,6,3,3,295,165,130
07,09,013,4778,2526,2252,287,138,149,4491,2388,2103
07,09,014,11575,7279,4296,941,588,353,10634,6691,3943
07,09,015,10412,6716,3696,804,470,334,9608,6246,3362
07,09,016,136410,69711,66699,6697,3556,3141,129713,66155,63558
07,09,017,50,29,21,0,0,0,50,29,21
07,09,018,78,48,30,6,3,3,72,45,27
07,09,019,11920,6004,5916,430,225,205,11490,5779,5711
07,09,020,21021,10722,10299,370,199,171,20651,10523,10128
07,09,021,5482,2955,2527,336,188,148,5146,2767,2379
07,09,022,155403,89107,66296,3304,1854,1450,152099,87253,64846
07,09,023,19,11,8,0,0,0,19,11,8
07,09,024,272,126,146,0,0,0,272,126,146
07,09,026,6,2,4,0,0,0,6,2,4
07,09,027,17,6,11,2,2,0,15,4,11
07,09,028,247,134,113,11,5,6,236,129,107
07,09,029,3,2,1,0,0,0,3,2,1
07,09,030,100,53,47,11,6,5,89,47,42
07,09,031,10,5,5,0,0,0,10,5,5
07,09,032,2,1,1,0,0,0,2,1,1
07,09,034,2,1,1,1,1,0,1,0,1
07,09,035,5,4,1,0,0,0,5,4,1
07,09,037,4,2,2,0,0,0,4,2,2
07,09,040,1777,846,931,116,51,65,1661,795,866
07,09,043,23,9,14,0,0,0,23,9,14
07,09,044,53,29,24,1,1,0,52,28,24
07,09,045,9,3,6,0,0,0,9,3,6
07,09,048,5,3,2,3,2,1,2,1,1
07,09,051,3,3,0,2,2,0,1,1,0
07,09,053,74,34,40,6,4,2,68,30,38
07,09,054,57,21,36,7,3,4,50,18,32
07,09,055,34,12,22,6,2,4,28,10,18
07,09,056,9,6,3,0,0,0,9,6,3
07,09,059,13,6,7,0,0,0,13,6,7
07,09,062,17,9,8,0,0,0,17,9,8
07,09,064,1,1,0,1,1,0,0,0,0
07,09,065,2,1,1,0,0,0,2,1,1
07,09,067,5,4,1,0,0,0,5,4,1
07,09,068,5,2,3,0,0,0,5,2,3
07,09,071,20,9,11,0,0,0,20,9,11
07,09,072,427,213,214,47,29,18,380,184,196
07,09,073,67,45,22,6,3,3,61,42,19
07,09,074,5,3,2,0,0,0,5,3,2
07,09,075,1341,670,671,11,5,6,1330,665,665
07,09,079,3,3,0,3,3,0,0,0,0
07,09,081,3,3,0,2,2,0,1,1,0
07,09,082,85,45,40,17,15,2,68,30,38
07,09,085,12,8,4,0,0,0,12,8,4
07,09,086,1,1,0,0,0,0,1,1,0
07,09,087,1,1,0,0,0,0,1,1,0
07,09,088,5,3,2,0,0,0,5,3,2
07,09,090,218,111,107,53,31,22,165,80,85
07,09,091,47,19,28,3,2,1,44,17,27
07,09,092,1,1,0,0,0,0,1,1,0
07,09,093,9,7,2,0,0,0,9,7,2
07,09,095,14,10,4,0,0,0,14,10,4
07,09,098,256,135,121,0,0,0,256,135,121
07,09,099,1,1,0,0,0,0,1,1,0
07,09,106,1,0,1,0,0,0,1,0,1
07,09,108,1,0,1,0,0,0,1,0,1
07,09,109,8,5,3,0,0,0,8,5,3
07,09,110,4,0,4,0,0,0,4,0,4
07,09,111,17,5,12,0,0,0,17,5,12
07,09,113,12,7,5,0,0,0,12,7,5
07,09,114,181,88,93,4,2,2,177,86,91
07,09,115,14,10,4,1,1,0,13,9,4
07,09,116,37,18,19,0,0,0,37,18,19
07,09,118,1,1,0,1,1,0,0,0,0
07,09,123,2005,1042,963,141,80,61,1864,962,902
08,01,001,406,314,92,227,185,42,179,129,50
08,01,002,1787,1224,563,1154,812,342,633,412,221
08,01,003,7,7,0,1,1,0,6,6,0
08,01,004,1073,773,300,707,503,204,366,270,96
08,01,005,511,306,205,223,151,72,288,155,133
08,01,006,1040563,558010,482553,718681,383209,335472,321882,174801,147081
08,01,007,494,401,93,309,251,58,185,150,35
08,01,008,465,252,213,445,238,207,20,14,6
08,01,009,10,7,3,7,4,3,3,3,0
08,01,010,1081,736,345,285,182,103,796,554,242
08,01,011,5751,3271,2480,4896,2767,2129,855,504,351
08,01,012,78,61,17,47,35,12,31,26,5
08,01,013,1064,751,313,618,448,170,446,303,143
08,01,014,2515,1848,667,1502,1198,304,1013,650,363
08,01,015,1708,1069,639,1320,829,491,388,240,148
08,01,016,667516,351817,315699,552639,290881,261758,114877,60936,53941
08,01,017,197,99,98,157,77,80,40,22,18
08,01,018,41,37,4,35,34,1,6,3,3
08,01,019,13074,6894,6180,5938,3114,2824,7136,3780,3356
08,01,020,1147,912,235,558,444,114,589,468,121
08,01,021,1083,777,306,641,441,200,442,336,106
08,01,022,4495,2447,2048,3344,1794,1550,1151,653,498
08,01,023,103,50,53,103,50,53,0,0,0
08,01,024,8,4,4,2,1,1,6,3,3
08,01,025,2,2,0,0,0,0,2,2,0
08,01,028,125,63,62,125,63,62,0,0,0
08,01,030,35846,18691,17155,35446,18470,16976,400,221,179
08,01,040,248,150,98,191,117,74,57,33,24
08,01,041,2,1,1,1,1,0,1,0,1
08,01,043,7,4,3,7,4,3,0,0,0
08,01,044,37,18,19,11,7,4,26,11,15
08,01,046,31,16,15,31,16,15,0,0,0
08,01,053,8,6,2,2,2,0,6,4,2
08,01,055,3,3,0,3,3,0,0,0,0
08,01,065,6,5,1,2,1,1,4,4,0
08,01,072,54,31,23,54,31,23,0,0,0
08,01,073,3,1,2,3,1,2,0,0,0
08,01,075,3323,1736,1587,2827,1483,1344,496,253,243
08,01,078,5,5,0,0,0,0,5,5,0
08,01,080,141,141,0,0,0,0,141,141,0
08,01,087,1,1,0,1,1,0,0,0,0
08,01,089,1,1,0,0,0,0,1,1,0
08,01,090,67,53,14,64,50,14,3,3,0
08,01,091,51,36,15,38,29,9,13,7,6
08,01,093,8,8,0,6,6,0,2,2,0
08,01,095,1,1,0,1,1,0,0,0,0
08,01,102,23,21,2,5,3,2,18,18,0
08,01,112,13,5,8,0,0,0,13,5,8
08,01,113,6,6,0,0,0,0,6,6,0
08,01,115,3,3,0,3,3,0,0,0,0
08,01,116,37,24,13,2,1,1,35,23,12
08,01,123,4194,2279,1915,3404,1768,1636,790,511,279
08,02,001,9,9,0,0,0,0,9,9,0
08,02,002,250,185,65,60,46,14,190,139,51
08,02,004,6,3,3,0,0,0,6,3,3
08,02,005,190,102,88,120,66,54,70,36,34
08,02,006,1224571,647150,577421,978910,516295,462615,245661,130855,114806
08,02,007,4,3,1,1,1,0,3,2,1
08,02,008,1,1,0,0,0,0,1,1,0
08,02,010,1381,754,627,723,398,325,658,356,302
08,02,011,136,73,63,70,37,33,66,36,30
08,02,013,49,32,17,9,5,4,40,27,13
08,02,014,118,83,35,27,18,9,91,65,26
08,02,015,320,161,159,84,44,40,236,117,119
08,02,016,270996,142401,128595,223242,117158,106084,47754,25243,22511
08,02,017,104,56,48,86,44,42,18,12,6
08,02,018,2,1,1,1,1,0,1,0,1
08,02,019,7947,4173,3774,1030,549,481,6917,3624,3293
08,02,020,30,21,9,4,3,1,26,18,8
08,02,021,4,2,2,0,0,0,4,2,2
08,02,022,3407,1839,1568,2317,1208,1109,1090,631,459
08,02,023,81,33,48,76,32,44,5,1,4
08,02,030,7367,3839,3528,6957,3610,3347,410,229,181
08,02,040,135,76,59,35,21,14,100,55,45
08,02,075,11,6,5,4,2,2,7,4,3
08,02,090,1,1,0,1,1,0,0,0,0
08,02,091,2,2,0,1,1,0,1,1,0
08,02,123,883,480,403,709,381,328,174,99,75
08,03,001,101,78,23,11,10,1,90,68,22
08,03,002,2363,1693,670,428,313,115,1935,1380,555
08,03,003,2,2,0,1,1,0,1,1,0
08,03,004,440,386,54,4,4,0,436,382,54
08,03,005,713,382,331,318,174,144,395,208,187
08,03,006,1598480,844455,754025,1029151,542102,487049,569329,302353,266976
08,03,007,130,95,35,21,16,5,109,79,30
08,03,008,29,18,11,0,0,0,29,18,11
08,03,009,6,3,3,1,1,0,5,2,3
08,03,010,273,237,36,76,76,0,197,161,36
08,03,011,718,426,292,82,51,31,636,375,261
08,03,012,33,22,11,1,1,0,32,21,11
08,03,013,691,468,223,55,37,18,636,431,205
08,03,014,227,159,68,34,24,10,193,135,58
08,03,015,374,236,138,68,52,16,306,184,122
08,03,016,33092,18192,14900,24328,13158,11170,8764,5034,3730
08,03,017,11,5,6,5,1,4,6,4,2
08,03,018,75,62,13,50,42,8,25,20,5
08,03,019,19469,10096,9373,17566,9120,8446,1903,976,927
08,03,020,453,320,133,62,39,23,391,281,110
08,03,021,383,242,141,66,36,30,317,206,111
08,03,022,10528,5461,5067,1965,1059,906,8563,4402,4161
08,03,028,80,47,33,35,18,17,45,29,16
08,03,030,135,76,59,114,64,50,21,12,9
08,03,032,1,0,1,1,0,1,0,0,0
08,03,037,3,2,1,3,2,1,0,0,0
08,03,040,37,20,17,15,9,6,22,11,11
08,03,043,1,1,0,0,0,0,1,1,0
08,03,044,1,1,0,0,0,0,1,1,0
08,03,046,8,3,5,8,3,5,0,0,0
08,03,053,1,1,0,1,1,0,0,0,0
08,03,055,1,1,0,0,0,0,1,1,0
08,03,073,2,2,0,0,0,0,2,2,0
08,03,075,2784,1468,1316,2621,1380,1241,163,88,75
08,03,082,1,1,0,0,0,0,1,1,0
08,03,090,2,2,0,0,0,0,2,2,0
08,03,091,5,3,2,2,2,0,3,1,2
08,03,093,2,1,1,0,0,0,2,1,1
08,03,113,2,2,0,0,0,0,2,2,0
08,03,123,2614,1406,1208,2142,1108,1034,472,298,174
08,04,001,5,2,3,1,1,0,4,1,3
08,04,002,118,90,28,82,74,8,36,16,20
08,04,005,148,75,73,12,7,5,136,68,68
08,04,006,1907011,978876,928135,1386311,709979,676332,520700,268897,251803
08,04,007,1,1,0,0,0,0,1,1,0
08,04,009,1,0,1,1,0,1,0,0,0
08,04,010,42,33,9,26,26,0,16,7,9
08,04,011,18,6,12,13,5,8,5,1,4
08,04,013,9,4,5,3,2,1,6,2,4
08,04,014,14,9,5,1,1,0,13,8,5
08,04,015,2,2,0,1,1,0,1,1,0
08,04,016,495,218,277,353,151,202,142,67,75
08,04,017,18,14,4,12,8,4,6,6,0
08,04,018,4,3,1,4,3,1,0,0,0
08,04,019,1020,537,483,7,3,4,1013,534,479
08,04,021,4,3,1,3,2,1,1,1,0
08,04,022,14917,7875,7042,833,405,428,14084,7470,6614
08,04,028,8,5,3,0,0,0,8,5,3
08,04,030,12,10,2,3,3,0,9,7,2
08,04,040,14,11,3,6,4,2,8,7,1
08,04,123,17,7,10,10,6,4,7,1,6
08,05,001,8,4,4,4,1,3,4,3,1
08,05,002,373,223,150,87,60,27,286,163,123
08,05,004,17,13,4,2,2,0,15,11,4
08,05,005,119,65,54,28,17,11,91,48,43
08,05,006,1901545,977058,924487,1515862,774416,741446,385683,202642,183041
08,05,007,17,8,9,0,0,0,17,8,9
08,05,008,12,10,2,0,0,0,12,10,2
08,05,009,14,13,1,0,0,0,14,13,1
08,05,010,38,24,14,4,2,2,34,22,12
08,05,011,142,56,86,19,7,12,123,49,74
08,05,013,98,65,33,10,4,6,88,61,27
08,05,014,35,26,9,8,6,2,27,20,7
08,05,015,53,37,16,6,3,3,47,34,13
08,05,016,582,250,332,211,64,147,371,186,185
08,05,017,3,3,0,2,2,0,1,1,0
08,05,019,443,220,223,113,57,56,330,163,167
08,05,020,633,372,261,57,29,28,576,343,233
08,05,021,677,396,281,17,14,3,660,382,278
08,05,022,8482,4383,4099,2063,1045,1018,6419,3338,3081
08,05,028,2,1,1,2,1,1,0,0,0
08,05,030,4,3,1,2,2,0,2,1,1
08,05,040,157,95,62,52,32,20,105,63,42
08,05,105,1,1,0,0,0,0,1,1,0
08,05,116,1,0,1,0,0,0,1,0,1
08,05,123,233,200,33,24,12,12,209,188,21
08,06,001,112,81,31,64,47,17,48,34,14
08,06,002,887,592,295,582,385,197,305,207,98
08,06,003,2,1,1,1,0,1,1,1,0
08,06,004,736,605,131,123,63,60,613,542,71
08,06,005,715,353,362,577,283,294,138,70,68
08,06,006,2906173,1541575,1364598,2486757,1313092,1173665,419416,228483,190933
08,06,007,94,59,35,21,18,3,73,41,32
08,06,008,46,24,22,38,19,19,8,5,3
08,06,010,170,129,41,110,88,22,60,41,19
08,06,011,7773,3944,3829,7524,3816,3708,249,128,121
08,06,012,1,1,0,0,0,0,1,1,0
08,06,013,91,53,38,2,0,2,89,53,36
08,06,014,405,273,132,296,198,98,109,75,34
08,06,015,978,552,426,767,407,360,211,145,66
08,06,016,61128,31398,29730,53105,27236,25869,8023,4162,3861
08,06,017,47,23,24,46,23,23,1,0,1
08,06,018,26,11,15,26,11,15,0,0,0
08,06,019,8202,4230,3972,3476,1760,1716,4726,2470,2256
08,06,020,71,51,20,17,11,6,54,40,14
08,06,021,123,71,52,0,0,0,123,71,52
08,06,022,1642,1003,639,1210,739,471,432,264,168
08,06,028,6,4,2,6,4,2,0,0,0
08,06,030,2019,1092,927,2008,1088,920,11,4,7
08,06,040,57,32,25,39,18,21,18,14,4
08,06,043,1,1,0,0,0,0,1,1,0
08,06,044,2,0,2,0,0,0,2,0,2
08,06,053,29,15,14,29,15,14,0,0,0
08,06,054,1,1,0,0,0,0,1,1,0
08,06,072,41,22,19,41,22,19,0,0,0
08,06,075,20,12,8,20,12,8,0,0,0
08,06,078,1,1,0,0,0,0,1,1,0
08,06,098,2,2,0,2,2,0,0,0,0
08,06,123,991,541,450,766,411,355,225,130,95
08,07,001,14,5,9,7,0,7,7,5,2
08,07,002,170,92,78,95,54,41,75,38,37
08,07,004,10,6,4,1,1,0,9,5,4
08,07,005,178,93,85,44,23,21,134,70,64
08,07,006,2074972,1119686,955286,1672873,903941,768932,402099,215745,186354
08,07,007,15,9,6,3,0,3,12,9,3
08,07,009,1,1,0,0,0,0,1,1,0
08,07,010,34,18,16,0,0,0,34,18,16
08,07,011,82,40,42,21,8,13,61,32,29
08,07,012,9,5,4,0,0,0,9,5,4
08,07,013,98,57,41,18,10,8,80,47,33
08,07,014,38,27,11,6,4,2,32,23,9
08,07,015,17,10,7,10,5,5,7,5,2
08,07,016,19819,10376,9443,15312,8015,7297,4507,2361,2146
08,07,017,55,29,26,32,17,15,23,12,11
08,07,019,1310,673,637,491,267,224,819,406,413
08,07,020,41,28,13,8,4,4,33,24,9
08,07,021,51,31,20,12,8,4,39,23,16
08,07,022,3849,2033,1816,3176,1635,1541,673,398,275
08,07,024,12,8,4,0,0,0,12,8,4
08,07,025,1,1,0,0,0,0,1,1,0
08,07,028,11,6,5,11,6,5,0,0,0
08,07,030,116,74,42,20,10,10,96,64,32
08,07,040,34,21,13,31,18,13,3,3,0
08,07,082,4,3,1,0,0,0,4,3,1
08,07,123,201,93,108,11,8,3,190,85,105
08,08,002,8,3,5,6,1,5,2,2,0
08,08,005,2,0,2,2,0,2,0,0,0
08,08,006,981364,537130,444234,805672,442517,363155,175692,94613,81079
08,08,011,61,25,36,12,2,10,49,23,26
08,08,013,17,6,11,5,1,4,12,5,7
08,08,014,2,2,0,1,1,0,1,1,0
08,08,015,2,2,0,0,0,0,2,2,0
08,08,016,700,371,329,470,244,226,230,127,103
08,08,017,6,2,4,6,2,4,0,0,0
08,08,019,112,60,52,94,49,45,18,11,7
08,08,021,3,0,3,1,0,1,2,0,2
08,08,022,945,485,460,349,179,170,596,306,290
08,08,030,6,2,4,5,1,4,1,1,0
08,08,040,5,5,0,3,3,0,2,2,0
08,08,123,25,10,15,14,6,8,11,4,7
08,09,002,16,11,5,16,11,5,0,0,0
08,09,005,9,5,4,9,5,4,0,0,0
08,09,006,1201813,647849,553964,1036604,559794,476810,165209,88055,77154
08,09,011,17,7,10,8,3,5,9,4,5
08,09,012,1,1,0,0,0,0,1,1,0
08,09,013,12,8,4,0,0,0,12,8,4
08,09,016,42,22,20,0,0,0,42,22,20
08,09,019,114,56,58,110,53,57,4,3,1
08,09,022,7531,3981,3550,885,467,418,6646,3514,3132
08,09,030,17,10,7,9,5,4,8,5,3
08,09,040,10,8,2,6,4,2,4,4,0
08,09,123,83,40,43,73,33,40,10,7,3
08,10,001,2,0,2,2,0,2,0,0,0
08,10,002,261,195,66,54,35,19,207,160,47
08,10,005,135,76,59,42,21,21,93,55,38
08,10,006,1075669,569717,505952,876400,464059,412341,199269,105658,93611
08,10,007,4,2,2,0,0,0,4,2,2
08,10,008,1,0,1,1,0,1,0,0,0
08,10,010,11,11,0,6,6,0,5,5,0
08,10,011,95,39,56,18,5,13,77,34,43
08,10,013,56,32,24,6,6,0,50,26,24
08,10,014,8,7,1,0,0,0,8,7,1
08,10,015,17,10,7,14,9,5,3,1,2
08,10,016,672,320,352,65,34,31,607,286,321
08,10,017,2,0,2,1,0,1,1,0,1
08,10,019,993,537,456,11,5,6,982,532,450
08,10,020,36,27,9,9,9,0,27,18,9
08,10,021,89,63,26,69,48,21,20,15,5
08,10,022,38930,20231,18699,27676,14455,13221,11254,5776,5478
08,10,028,3,2,1,1,1,0,2,1,1
08,10,030,3,2,1,3,2,1,0,0,0
08,10,040,29,15,14,13,7,6,16,8,8
08,10,044,10,6,4,10,6,4,0,0,0
08,10,061,1,0,1,1,0,1,0,0,0
08,10,123,30,15,15,15,8,7,15,7,8
08,11,002,72,49,23,35,23,12,37,26,11
08,11,005,55,30,25,10,6,4,45,24,21
08,11,006,1315328,692519,622809,1180645,621258,559387,134683,71261,63422
08,11,007,2,1,1,1,1,0,1,0,1
08,11,008,8,8,0,8,8,0,0,0,0
08,11,010,2,1,1,2,1,1,0,0,0
08,11,011,68,24,44,15,8,7,53,16,37
08,11,013,26,11,15,7,2,5,19,9,10
08,11,014,13,11,2,10,8,2,3,3,0
08,11,015,1,0,1,0,0,0,1,0,1
08,11,016,412,228,184,118,68,50,294,160,134
08,11,017,1,1,0,1,1,0,0,0,0
08,11,019,139,70,69,28,13,15,111,57,54
08,11,020,8,2,6,0,0,0,8,2,6
08,11,021,32,16,16,0,0,0,32,16,16
08,11,022,766,403,363,240,132,108,526,271,255
08,11,030,118,58,60,114,56,58,4,2,2
08,11,040,3,1,2,3,1,2,0,0,0
08,11,123,9,5,4,8,5,3,1,0,1
08,12,001,234,157,77,14,9,5,220,148,72
08,12,002,22400,13589,8811,430,266,164,21970,13323,8647
08,12,003,4,2,2,0,0,0,4,2,2
08,12,004,271,187,84,15,12,3,256,175,81
08,12,005,7585,4015,3570,76,54,22,7509,3961,3548
08,12,006,4951413,2609499,2341914,2654958,1386872,1268086,2296455,1222627,1073828
08,12,007,506,351,155,5,3,2,501,348,153
08,12,008,556,294,262,1,1,0,555,293,262
08,12,009,22,11,11,0,0,0,22,11,11
08,12,010,1992,1258,734,167,100,67,1825,1158,667
08,12,011,5114,2582,2532,89,42,47,5025,2540,2485
08,12,012,23,16,7,1,1,0,22,15,7
08,12,013,3684,2340,1344,527,272,255,3157,2068,1089
08,12,014,2364,1481,883,80,55,25,2284,1426,858
08,12,015,857,565,292,75,56,19,782,509,273
08,12,016,30988,16121,14867,437,269,168,30551,15852,14699
08,12,017,100,59,41,1,0,1,99,59,40
08,12,018,21,18,3,1,1,0,20,17,3
08,12,019,85829,44101,41728,575,298,277,85254,43803,41451
08,12,020,1249,717,532,32,13,19,1217,704,513
08,12,021,1090,658,432,196,127,69,894,531,363
08,12,022,131614,68501,63113,1152,626,526,130462,67875,62587
08,12,024,41,20,21,0,0,0,41,20,21
08,12,028,106,66,40,0,0,0,106,66,40
08,12,030,168,99,69,53,33,20,115,66,49
08,12,040,337,157,180,3,2,1,334,155,179
08,12,043,2,2,0,0,0,0,2,2,0
08,12,044,143,63,80,0,0,0,143,63,80
08,12,046,10,5,5,3,1,2,7,4,3
08,12,053,68,34,34,68,34,34,0,0,0
08,12,055,1,0,1,0,0,0,1,0,1
08,12,059,1,0,1,0,0,0,1,0,1
08,12,061,16,15,1,0,0,0,16,15,1
08,12,068,15,10,5,0,0,0,15,10,5
08,12,072,6,4,2,0,0,0,6,4,2
08,12,075,87,48,39,0,0,0,87,48,39
08,12,093,2,1,1,0,0,0,2,1,1
08,12,098,5,4,1,0,0,0,5,4,1
08,12,105,1,1,0,0,0,0,1,1,0
08,12,113,2,1,1,0,0,0,2,1,1
08,12,114,57,33,24,0,0,0,57,33,24
08,12,116,5,2,3,0,0,0,5,2,3
08,12,123,2082,1116,966,45,20,25,2037,1096,941
08,13,001,16,7,9,12,5,7,4,2,2
08,13,002,269,172,97,148,100,48,121,72,49
08,13,005,363,211,152,17,10,7,346,201,145
08,13,006,2250126,1153655,1096471,1806617,922883,883734,443509,230772,212737
08,13,008,17,16,1,1,0,1,16,16,0
08,13,009,6,4,2,1,0,1,5,4,1
08,13,010,34,17,17,12,5,7,22,12,10
08,13,011,180,70,110,74,28,46,106,42,64
08,13,013,113,53,60,66,30,36,47,23,24
08,13,014,62,45,17,25,19,6,37,26,11
08,13,015,63,43,20,31,17,14,32,26,6
08,13,016,658,312,346,104,31,73,554,281,273
08,13,017,13,11,2,0,0,0,13,11,2
08,13,018,2,1,1,2,1,1,0,0,0
08,13,019,1130,554,576,12,2,10,1118,552,566
08,13,020,73,35,38,38,17,21,35,18,17
08,13,021,25,11,14,9,3,6,16,8,8
08,13,022,34458,17429,17029,7987,3986,4001,26471,13443,13028
08,13,023,1,0,1,1,0,1,0,0,0
08,13,028,26,16,10,26,16,10,0,0,0
08,13,030,13,6,7,11,5,6,2,1,1
08,13,040,3,3,0,1,1,0,2,2,0
08,13,072,2,2,0,0,0,0,2,2,0
08,13,093,4,4,0,4,4,0,0,0,0
08,13,123,131,76,55,51,32,19,80,44,36
08,14,001,14,11,3,2,2,0,12,9,3
08,14,002,357,234,123,195,137,58,162,97,65
08,14,004,5,2,3,0,0,0,5,2,3
08,14,005,199,95,104,48,26,22,151,69,82
08,14,006,2678528,1375487,1303041,2286578,1170350,1116228,391950,205137,186813
08,14,007,12,3,9,7,1,6,5,2,3
08,14,008,8,5,3,0,0,0,8,5,3
08,14,010,19,15,4,10,9,1,9,6,3
08,14,011,210,90,120,118,46,72,92,44,48
08,14,012,1,1,0,1,1,0,0,0,0
08,14,013,156,71,85,58,20,38,98,51,47
08,14,014,94,71,23,35,27,8,59,44,15
08,14,015,42,20,22,23,12,11,19,8,11
08,14,016,264,146,118,132,78,54,132,68,64
08,14,017,12,8,4,12,8,4,0,0,0
08,14,019,647,308,339,143,65,78,504,243,261
08,14,020,46,21,25,25,12,13,21,9,12
08,14,021,57,35,22,16,8,8,41,27,14
08,14,022,93509,47890,45619,10237,5140,5097,83272,42750,40522
08,14,028,3,1,2,2,1,1,1,0,1
08,14,030,10,5,5,5,2,3,5,3,2
08,14,040,23,11,12,19,8,11,4,3,1
08,14,048,2,2,0,2,2,0,0,0,0
08,14,072,1,1,0,0,0,0,1,1,0
08,14,075,769,400,369,0,0,0,769,400,369
08,14,082,5,4,1,0,0,0,5,4,1
08,14,123,65,30,35,53,21,32,12,9,3
08,15,001,434,294,140,26,18,8,408,276,132
08,15,002,4018,2466,1552,281,213,68,3737,2253,1484
08,15,003,8,6,2,4,2,2,4,4,0
08,15,004,513,372,141,12,5,7,501,367,134
08,15,005,1588,906,682,85,53,32,1503,853,650
08,15,006,2794734,1463893,1330841,1905815,992067,913748,888919,471826,417093
08,15,007,411,271,140,32,17,15,379,254,125
08,15,008,138,90,48,6,1,5,132,89,43
08,15,009,37,19,18,0,0,0,37,19,18
08,15,010,386,230,156,32,18,14,354,212,142
08,15,011,2183,1300,883,118,71,47,2065,1229,836
08,15,012,102,62,40,5,4,1,97,58,39
08,15,013,1987,1296,691,97,58,39,1890,1238,652
08,15,014,824,598,226,59,49,10,765,549,216
08,15,015,1244,834,410,105,73,32,1139,761,378
08,15,016,5718,3205,2513,410,230,180,5308,2975,2333
08,15,017,25,12,13,2,2,0,23,10,13
08,15,018,3,3,0,0,0,0,3,3,0
08,15,019,20292,10386,9906,739,389,350,19553,9997,9556
08,15,020,1645,1193,452,97,63,34,1548,1130,418
08,15,021,1226,753,473,79,47,32,1147,706,441
08,15,022,47881,25016,22865,1307,705,602,46574,24311,22263
08,15,028,9,2,7,1,1,0,8,1,7
08,15,030,28,15,13,6,2,4,22,13,9
08,15,031,2,2,0,0,0,0,2,2,0
08,15,037,7,4,3,0,0,0,7,4,3
08,15,040,133,70,63,15,7,8,118,63,55
08,15,044,4,3,1,0,0,0,4,3,1
08,15,045,6,3,3,0,0,0,6,3,3
08,15,054,2,0,2,0,0,0,2,0,2
08,15,055,2,1,1,0,0,0,2,1,1
08,15,072,5,2,3,0,0,0,5,2,3
08,15,073,2,2,0,0,0,0,2,2,0
08,15,075,105,58,47,0,0,0,105,58,47
08,15,082,9,3,6,0,0,0,9,3,6
08,15,101,1,1,0,1,1,0,0,0,0
08,15,107,5,3,2,0,0,0,5,3,2
08,15,113,5,2,3,0,0,0,5,2,3
08,15,116,1,1,0,0,0,0,1,1,0
08,15,123,782,513,269,89,76,13,693,437,256
08,16,001,152,135,17,112,106,6,40,29,11
08,16,002,1094,851,243,599,535,64,495,316,179
08,16,003,21,18,3,16,15,1,5,3,2
08,16,004,186,173,13,172,162,10,14,11,3
08,16,005,313,190,123,146,97,49,167,93,74
08,16,006,475950,260541,215409,402972,219889,183083,72978,40652,32326
08,16,007,218,174,44,135,115,20,83,59,24
08,16,008,47,44,3,39,39,0,8,5,3
08,16,009,6,4,2,1,1,0,5,3,2
08,16,010,86,57,29,23,23,0,63,34,29
08,16,011,526,382,144,257,209,48,269,173,96
08,16,012,12,11,1,10,9,1,2,2,0
08,16,013,431,303,128,159,116,43,272,187,85
08,16,014,168,124,44,85,76,9,83,48,35
08,16,015,318,246,72,126,118,8,192,128,64
08,16,016,2755,1698,1057,2288,1432,856,467,266,201
08,16,018,29,19,10,22,15,7,7,4,3
08,16,019,24525,13140,11385,24028,12840,11188,497,300,197
08,16,020,384,274,110,136,112,24,248,162,86
08,16,021,396,280,116,159,123,36,237,157,80
08,16,022,239,151,88,123,87,36,116,64,52
08,16,023,1,0,1,1,0,1,0,0,0
08,16,028,1,1,0,1,1,0,0,0,0
08,16,030,25,11,14,18,9,9,7,2,5
08,16,040,3,3,0,3,3,0,0,0,0
08,16,043,5,5,0,5,5,0,0,0,0
08,16,048,8,8,0,8,8,0,0,0,0
08,16,053,2,2,0,1,1,0,1,1,0
08,16,054,1,1,0,1,1,0,0,0,0
08,16,072,10,10,0,9,9,0,1,1,0
08,16,073,1,1,0,1,1,0,0,0,0
08,16,075,11,8,3,0,0,0,11,8,3
08,16,082,1,1,0,1,1,0,0,0,0
08,16,090,1,1,0,1,1,0,0,0,0
08,16,091,57,44,13,57,44,13,0,0,0
08,16,106,1,1,0,1,1,0,0,0,0
08,16,115,1,1,0,1,1,0,0,0,0
08,16,123,262,188,74,136,104,32,126,84,42
08,17,001,129,98,31,85,67,18,44,31,13
08,17,002,923,646,277,605,426,179,318,220,98
08,17,003,2,2,0,1,1,0,1,1,0
08,17,004,191,163,28,163,142,21,28,21,7
08,17,005,553,255,298,315,126,189,238,129,109
08,17,006,1890491,998243,892248,1749994,922545,827449,140497,75698,64799
08,17,007,162,123,39,137,105,32,25,18,7
08,17,008,35,30,5,19,17,2,16,13,3
08,17,009,3,2,1,3,2,1,0,0,0
08,17,010,43,31,12,34,25,9,9,6,3
08,17,011,661,425,236,365,246,119,296,179,117
08,17,012,23,20,3,8,7,1,15,13,2
08,17,013,305,197,108,228,143,85,77,54,23
08,17,014,101,70,31,88,59,29,13,11,2
08,17,015,238,165,73,183,126,57,55,39,16
08,17,016,481,334,147,294,206,88,187,128,59
08,17,017,1,1,0,1,1,0,0,0,0
08,17,019,68028,36025,32003,64923,34443,30480,3105,1582,1523
08,17,020,240,174,66,187,139,48,53,35,18
08,17,021,257,170,87,217,146,71,40,24,16
08,17,022,641,355,286,307,182,125,334,173,161
08,17,030,24,15,9,20,12,8,4,3,1
08,17,040,22,13,9,19,12,7,3,1,2
08,17,053,1,1,0,1,1,0,0,0,0
08,17,065,1,1,0,0,0,0,1,1,0
08,17,072,4,3,1,4,3,1,0,0,0
08,17,073,3,2,1,3,2,1,0,0,0
08,17,093,3,2,1,3,2,1,0,0,0
08,17,095,3,1,2,0,0,0,3,1,2
08,17,098,473,242,231,473,242,231,0,0,0
08,17,123,793,438,355,751,416,335,42,22,20
08,18,002,80,60,20,37,23,14,43,37,6
08,18,005,2490,839,1651,1952,588,1364,538,251,287
08,18,006,1438953,733008,705945,1330583,675588,654995,108370,57420,50950
08,18,007,23,8,15,16,5,11,7,3,4
08,18,011,190,73,117,109,40,69,81,33,48
08,18,013,98,42,56,61,23,38,37,19,18
08,18,014,52,41,11,42,32,10,10,9,1
08,18,015,78,68,10,70,62,8,8,6,2
08,18,016,81,40,41,26,9,17,55,31,24
08,18,017,7,3,4,2,0,2,5,3,2
08,18,019,5453,2869,2584,5113,2687,2426,340,182,158
08,18,020,391,224,167,374,216,158,17,8,9
08,18,021,134,103,31,124,97,27,10,6,4
08,18,022,611,355,256,163,132,31,448,223,225
08,18,030,4,1,3,4,1,3,0,0,0
08,18,040,1,1,0,0,0,0,1,1,0
08,18,123,294,145,149,270,134,136,24,11,13
08,19,001,15,13,2,1,1,0,14,12,2
08,19,002,451,280,171,179,107,72,272,173,99
08,19,003,4,1,3,0,0,0,4,1,3
08,19,004,12,10,2,3,2,1,9,8,1
08,19,005,8225,3991,4234,4553,2158,2395,3672,1833,1839
08,19,006,811233,417592,393641,669500,341720,327780,141733,75872,65861
08,19,007,120,87,33,34,21,13,86,66,20
08,19,008,37,25,12,9,5,4,28,20,8
08,19,009,9,2,7,0,0,0,9,2,7
08,19,010,192,101,91,36,21,15,156,80,76
08,19,011,665,326,339,383,182,201,282,144,138
08,19,012,10,5,5,2,1,1,8,4,4
08,19,013,469,295,174,154,88,66,315,207,108
08,19,014,151,109,42,50,39,11,101,70,31
08,19,015,190,146,44,83,65,18,107,81,26
08,19,016,778,449,329,201,127,74,577,322,255
08,19,017,89,85,4,2,1,1,87,84,3
08,19,019,2055,1023,1032,103,57,46,1952,966,986
08,19,020,410,255,155,296,170,126,114,85,29
08,19,021,160,110,50,77,54,23,83,56,27
08,19,022,898,470,428,148,79,69,750,391,359
08,19,023,69,33,36,67,32,35,2,1,1
08,19,030,6659,3424,3235,6631,3404,3227,28,20,8
08,19,032,1,0,1,1,0,1,0,0,0
08,19,040,198,95,103,4,1,3,194,94,100
08,19,044,25,20,5,1,0,1,24,20,4
08,19,053,17,9,8,17,9,8,0,0,0
08,19,075,1,1,0,0,0,0,1,1,0
08,19,090,6,6,0,6,6,0,0,0,0
08,19,093,1,1,0,1,1,0,0,0,0
08,19,114,3,2,1,0,0,0,3,2,1
08,19,116,3,1,2,0,0,0,3,1,2
08,19,123,17951,8982,8969,17675,8827,8848,276,155,121
08,20,001,4,2,2,3,1,2,1,1,0
08,20,002,351,244,107,169,119,50,182,125,57
08,20,005,1556,745,811,740,313,427,816,432,384
08,20,006,1803231,909938,893293,1426224,713113,713111,377007,196825,180182
08,20,007,37,16,21,19,8,11,18,8,10
08,20,008,1,1,0,1,1,0,0,0,0
08,20,009,1,0,1,1,0,1,0,0,0
08,20,010,49,37,12,20,18,2,29,19,10
08,20,011,377,168,209,138,50,88,239,118,121
08,20,013,261,126,135,103,45,58,158,81,77
08,20,014,130,84,46,54,38,16,76,46,30
08,20,015,97,56,41,24,9,15,73,47,26
08,20,016,874,462,412,168,91,77,706,371,335
08,20,017,145,93,52,60,39,21,85,54,31
08,20,019,4812,2543,2269,331,164,167,4481,2379,2102
08,20,020,345,175,170,277,138,139,68,37,31
08,20,021,104,64,40,14,7,7,90,57,33
08,20,022,7036,3672,3364,659,369,290,6377,3303,3074
08,20,028,7,4,3,0,0,0,7,4,3
08,20,030,239,129,110,51,26,25,188,103,85
08,20,040,16,10,6,13,8,5,3,2,1
08,20,075,16,8,8,0,0,0,16,8,8
08,20,091,60,28,32,60,28,32,0,0,0
08,20,123,502,251,251,235,113,122,267,138,129
08,21,001,414,304,110,13,9,4,401,295,106
08,21,002,2341,1397,944,276,175,101,2065,1222,843
08,21,003,9,4,5,1,1,0,8,3,5
08,21,004,172,128,44,7,4,3,165,124,41
08,21,005,2862,1502,1360,340,178,162,2522,1324,1198
08,21,006,2060622,1066095,994527,1296853,664579,632274,763769,401516,362253
08,21,007,535,377,158,20,10,10,515,367,148
08,21,008,38,24,14,1,1,0,37,23,14
08,21,009,17,12,5,0,0,0,17,12,5
08,21,010,152,118,34,83,77,6,69,41,28
08,21,011,1573,1044,529,67,24,43,1506,1020,486
08,21,012,51,29,22,0,0,0,51,29,22
08,21,013,1364,813,551,62,34,28,1302,779,523
08,21,014,431,244,187,57,40,17,374,204,170
08,21,015,521,340,181,51,37,14,470,303,167
08,21,016,6574,3519,3055,168,92,76,6406,3427,2979
08,21,017,21,11,10,2,2,0,19,9,10
08,21,018,6,5,1,1,1,0,5,4,1
08,21,019,58511,29364,29147,1355,690,665,57156,28674,28482
08,21,020,2128,1577,551,89,45,44,2039,1532,507
08,21,021,1153,760,393,58,29,29,1095,731,364
08,21,022,40560,21406,19154,7120,3683,3437,33440,17723,15717
08,21,023,4,2,2,0,0,0,4,2,2
08,21,028,21,8,13,1,0,1,20,8,12
08,21,030,196,102,94,138,77,61,58,25,33
08,21,031,2,0,2,2,0,2,0,0,0
08,21,040,466,231,235,12,5,7,454,226,228
08,21,044,4,2,2,1,0,1,3,2,1
08,21,045,3,2,1,0,0,0,3,2,1
08,21,055,1,0,1,0,0,0,1,0,1
08,21,071,4,1,3,0,0,0,4,1,3
08,21,072,5,4,1,0,0,0,5,4,1
08,21,073,3,3,0,3,3,0,0,0,0
08,21,075,7,4,3,1,1,0,6,3,3
08,21,082,2,0,2,0,0,0,2,0,2
08,21,098,1,0,1,0,0,0,1,0,1
08,21,113,1,1,0,0,0,0,1,1,0
08,21,114,1,1,0,0,0,0,1,1,0
08,21,115,3,2,1,0,0,0,3,2,1
08,21,116,1,0,1,0,0,0,1,0,1
08,21,123,890,484,406,212,106,106,678,378,300
08,22,001,4,1,3,1,1,0,3,0,3
08,22,002,761,397,364,139,86,53,622,311,311
08,22,004,14,6,8,0,0,0,14,6,8
08,22,005,113,56,57,16,5,11,97,51,46
08,22,006,1143330,591739,551591,951841,492686,459155,191489,99053,92436
08,22,007,4,3,1,0,0,0,4,3,1
08,22,008,7,5,2,0,0,0,7,5,2
08,22,010,31,10,21,11,5,6,20,5,15
08,22,011,216,91,125,63,21,42,153,70,83
08,22,012,11,4,7,0,0,0,11,4,7
08,22,013,37,14,23,14,6,8,23,8,15
08,22,014,72,50,22,29,21,8,43,29,14
08,22,015,114,93,21,61,45,16,53,48,5
08,22,016,284,147,137,72,44,28,212,103,109
08,22,017,1,1,0,0,0,0,1,1,0
08,22,019,2949,1531,1418,122,62,60,2827,1469,1358
08,22,020,71,38,33,23,14,9,48,24,24
08,22,021,37,23,14,5,2,3,32,21,11
08,22,022,63050,32005,31045,5736,2917,2819,57314,29088,28226
08,22,023,1,0,1,0,0,0,1,0,1
08,22,027,1,0,1,0,0,0,1,0,1
08,22,028,13,4,9,0,0,0,13,4,9
08,22,030,39,20,19,29,12,17,10,8,2
08,22,032,1,0,1,0,0,0,1,0,1
08,22,040,4,2,2,1,0,1,3,2,1
08,22,044,11,3,8,10,2,8,1,1,0
08,22,046,5,1,4,0,0,0,5,1,4
08,22,051,1,0,1,0,0,0,1,0,1
08,22,052,4,0,4,0,0,0,4,0,4
08,22,055,4,0,4,0,0,0,4,0,4
08,22,078,3,0,3,0,0,0,3,0,3
08,22,082,8,0,8,0,0,0,8,0,8
08,22,089,2,0,2,0,0,0,2,0,2
08,22,093,12,0,12,0,0,0,12,0,12
08,22,094,4,0,4,0,0,0,4,0,4
08,22,101,2,0,2,0,0,0,2,0,2
08,22,112,2,0,2,0,0,0,2,0,2
08,22,115,36,0,36,0,0,0,36,0,36
08,22,119,1,0,1,0,0,0,1,0,1
08,22,123,411,192,219,330,163,167,81,29,52
08,23,002,241,146,95,135,81,54,106,65,41
08,23,005,583,300,283,44,25,19,539,275,264
08,23,006,939398,492667,446731,770473,403825,366648,168925,88842,80083
08,23,007,15,8,7,8,3,5,7,5,2
08,23,010,16,7,9,1,1,0,15,6,9
08,23,011,162,78,84,100,45,55,62,33,29
08,23,013,140,74,66,80,42,38,60,32,28
08,23,014,13,9,4,5,4,1,8,5,3
08,23,015,405,218,187,229,118,111,176,100,76
08,23,016,11195,5902,5293,9129,4831,4298,2066,1071,995
08,23,017,3,1,2,1,0,1,2,1,1
08,23,019,2098,1089,1009,137,87,50,1961,1002,959
08,23,020,74,46,28,61,38,23,13,8,5
08,23,021,33,19,14,13,7,6,20,12,8
08,23,022,6390,3308,3082,1245,654,591,5145,2654,2491
08,23,024,8,4,4,0,0,0,8,4,4
08,23,028,2,1,1,2,1,1,0,0,0
08,23,030,369,186,183,352,178,174,17,8,9
08,23,040,9,3,6,3,1,2,6,2,4
08,23,041,134,74,60,134,74,60,0,0,0
08,23,044,65,36,29,65,36,29,0,0,0
08,23,075,160,83,77,0,0,0,160,83,77
08,23,082,10,5,5,10,5,5,0,0,0
08,23,123,1097,554,543,831,427,404,266,127,139
08,24,001,4,3,1,0,0,0,4,3,1
08,24,002,837,511,326,238,159,79,599,352,247
08,24,004,19,14,5,3,3,0,16,11,5
08,24,005,1227,631,596,166,82,84,1061,549,512
08,24,006,1970333,1003706,966627,1593057,804849,788208,377276,198857,178419
08,24,007,28,15,13,19,10,9,9,5,4
08,24,008,15,8,7,1,1,0,14,7,7
08,24,009,20,11,9,17,11,6,3,0,3
08,24,010,488,342,146,1,1,0,487,341,146
08,24,011,621,313,308,119,56,63,502,257,245
08,24,013,455,258,197,40,18,22,415,240,175
08,24,014,208,135,73,57,41,16,151,94,57
08,24,015,1244,881,363,229,164,65,1015,717,298
08,24,016,1558,816,742,138,81,57,1420,735,685
08,24,017,14,6,8,11,3,8,3,3,0
08,24,019,10068,5198,4870,181,110,71,9887,5088,4799
08,24,020,184,105,79,35,19,16,149,86,63
08,24,021,88,50,38,55,33,22,33,17,16
08,24,022,25358,13106,12252,3800,1931,1869,21558,11175,10383
08,24,024,4,2,2,0,0,0,4,2,2
08,24,028,27,14,13,27,14,13,0,0,0
08,24,030,68,39,29,56,33,23,12,6,6
08,24,040,43,22,21,14,6,8,29,16,13
08,24,053,44,24,20,44,24,20,0,0,0
08,24,062,57,33,24,57,33,24,0,0,0
08,24,075,37,23,14,15,10,5,22,13,9
08,24,123,740,384,356,558,287,271,182,97,85
08,25,002,255,166,89,133,83,50,122,83,39
08,25,004,13,10,3,13,10,3,0,0,0
08,25,005,895,436,459,69,38,31,826,398,428
08,25,006,981542,490606,490936,855724,425285,430439,125818,65321,60497
08,25,007,24,11,13,7,4,3,17,7,10
08,25,008,3,1,2,3,1,2,0,0,0
08,25,009,4,1,3,4,1,3,0,0,0
08,25,010,21,15,6,13,11,2,8,4,4
08,25,011,278,139,139,109,52,57,169,87,82
08,25,013,141,70,71,38,20,18,103,50,53
08,25,014,73,40,33,60,31,29,13,9,4
08,25,015,25,17,8,8,5,3,17,12,5
08,25,016,337,192,145,114,73,41,223,119,104
08,25,017,1,1,0,0,0,0,1,1,0
08,25,019,903,454,449,552,276,276,351,178,173
08,25,020,96,51,45,37,20,17,59,31,28
08,25,021,17,9,8,10,6,4,7,3,4
08,25,022,1674,879,795,794,417,377,880,462,418
08,25,030,529,255,274,507,243,264,22,12,10
08,25,040,2,0,2,2,0,2,0,0,0
08,25,046,1,0,1,1,0,1,0,0,0
08,25,079,2,1,1,2,1,1,0,0,0
08,25,123,188,105,83,101,53,48,87,52,35
08,26,001,50,30,20,11,10,1,39,20,19
08,26,002,1403,770,633,394,220,174,1009,550,459
08,26,003,2,1,1,0,0,0,2,1,1
08,26,004,21,13,8,5,4,1,16,9,7
08,26,005,6546,2881,3665,2224,674,1550,4322,2207,2115
08,26,006,2167986,1103340,1064646,1735538,875620,859918,432448,227720,204728
08,26,007,102,44,58,24,7,17,78,37,41
08,26,008,65,34,31,12,7,5,53,27,26
08,26,009,6,5,1,0,0,0,6,5,1
08,26,010,215,141,74,103,76,27,112,65,47
08,26,011,1949,984,965,389,202,187,1560,782,778
08,26,012,1,1,0,0,0,0,1,1,0
08,26,013,2327,1173,1154,1730,856,874,597,317,280
08,26,014,903,539,364,179,101,78,724,438,286
08,26,015,282,174,108,53,34,19,229,140,89
08,26,016,4455,2350,2105,1189,633,556,3266,1717,1549
08,26,017,12,6,6,7,2,5,5,4,1
08,26,018,1,1,0,1,1,0,0,0,0
08,26,019,14088,7145,6943,195,105,90,13893,7040,6853
08,26,020,849,423,426,123,72,51,726,351,375
08,26,021,325,174,151,48,24,24,277,150,127
08,26,022,20148,10292,9856,1993,1030,963,18155,9262,8893
08,26,023,6,1,5,6,1,5,0,0,0
08,26,024,6,5,1,3,2,1,3,3,0
08,26,028,78,42,36,4,1,3,74,41,33
08,26,030,388721,194140,194581,376769,187855,188914,11952,6285,5667
08,26,040,109,63,46,22,10,12,87,53,34
08,26,043,2,2,0,0,0,0,2,2,0
08,26,046,1,1,0,1,1,0,0,0,0
08,26,055,3,3,0,0,0,0,3,3,0
08,26,072,3,1,2,3,1,2,0,0,0
08,26,074,4,3,1,0,0,0,4,3,1
08,26,075,42,19,23,1,1,0,41,18,23
08,26,079,4,3,1,4,3,1,0,0,0
08,26,082,11,10,1,5,4,1,6,6,0
08,26,093,1,1,0,1,1,0,0,0,0
08,26,116,4,3,1,0,0,0,4,3,1
08,26,123,22581,11186,11395,21958,10883,11075,623,303,320
08,27,002,113,92,21,48,34,14,65,58,7
08,27,005,3191,1345,1846,1980,746,1234,1211,599,612
08,27,006,271139,135104,136035,242888,119929,122959,28251,15175,13076
08,27,007,18,10,8,2,0,2,16,10,6
08,27,009,2,1,1,0,0,0,2,1,1
08,27,010,29,18,11,23,15,8,6,3,3
08,27,011,170,88,82,51,28,23,119,60,59
08,27,012,5,2,3,0,0,0,5,2,3
08,27,013,182,87,95,89,38,51,93,49,44
08,27,014,21,17,4,5,5,0,16,12,4
08,27,015,26,19,7,6,6,0,20,13,7
08,27,016,576,312,264,457,253,204,119,59,60
08,27,017,8,2,6,8,2,6,0,0,0
08,27,019,792,426,366,206,126,80,586,300,286
08,27,020,26,19,7,9,5,4,17,14,3
08,27,021,3,3,0,2,2,0,1,1,0
08,27,022,2438,1217,1221,176,95,81,2262,1122,1140
08,27,028,5,2,3,5,2,3,0,0,0
08,27,030,828607,408881,419726,780569,384249,396320,48038,24632,23406
08,27,040,5,3,2,3,3,0,2,0,2
08,27,044,1,0,1,1,0,1,0,0,0
08,27,074,4,2,2,4,2,2,0,0,0
08,27,123,282,141,141,255,124,131,27,17,10
08,28,002,202,119,83,134,84,50,68,35,33
08,28,004,26,16,10,13,9,4,13,7,6
08,28,005,3598,1427,2171,1767,569,1198,1831,858,973
08,28,006,234034,119736,114298,185788,94465,91323,48246,25271,22975
08,28,007,30,14,16,11,3,8,19,11,8
08,28,008,1,0,1,1,0,1,0,0,0
08,28,009,1,0,1,1,0,1,0,0,0
08,28,010,93,55,38,11,5,6,82,50,32
08,28,011,687,337,350,150,62,88,537,275,262
08,28,013,196,102,94,59,32,27,137,70,67
08,28,014,78,46,32,43,24,19,35,22,13
08,28,015,37,22,15,19,11,8,18,11,7
08,28,016,350,189,161,53,31,22,297,158,139
08,28,017,7,3,4,6,2,4,1,1,0
08,28,019,997,512,485,81,49,32,916,463,453
08,28,020,81,41,40,44,21,23,37,20,17
08,28,021,41,23,18,25,14,11,16,9,7
08,28,022,7430,3728,3702,411,213,198,7019,3515,3504
08,28,028,10,4,6,0,0,0,10,4,6
08,28,030,1253393,634163,619230,1205544,609483,596061,47849,24680,23169
08,28,040,9,1,8,7,1,6,2,0,2
08,28,046,2,2,0,1,1,0,1,1,0
08,28,075,139,70,69,16,9,7,123,61,62
08,28,123,147,76,71,41,22,19,106,54,52
08,29,001,9,6,3,5,4,1,4,2,2
08,29,002,814,453,361,321,189,132,493,264,229
08,29,004,111,68,43,35,26,9,76,42,34
08,29,005,5853,2832,3021,2175,1124,1051,3678,1708,1970
08,29,006,1689368,859563,829805,1426727,722619,704108,262641,136944,125697
08,29,007,107,62,45,49,30,19,58,32,26
08,29,008,5,3,2,4,2,2,1,1,0
08,29,009,115,68,47,0,0,0,115,68,47
08,29,010,271,135,136,33,18,15,238,117,121
08,29,011,1101,563,538,223,101,122,878,462,416
08,29,012,2,2,0,2,2,0,0,0,0
08,29,013,1512,791,721,314,168,146,1198,623,575
08,29,014,96,68,28,31,23,8,65,45,20
08,29,015,454,252,202,201,114,87,253,138,115
08,29,016,2096,1103,993,340,189,151,1756,914,842
08,29,017,16,11,5,2,1,1,14,10,4
08,29,018,6,4,2,0,0,0,6,4,2
08,29,019,3839,1930,1909,120,61,59,3719,1869,1850
08,29,020,255,129,126,53,25,28,202,104,98
08,29,021,317,159,158,155,75,80,162,84,78
08,29,022,14740,7592,7148,2838,1458,1380,11902,6134,5768
08,29,024,36,16,20,22,11,11,14,5,9
08,29,028,21,9,12,2,1,1,19,8,11
08,29,030,73694,37809,35885,73188,37527,35661,506,282,224
08,29,040,85,47,38,72,42,30,13,5,8
08,29,044,67,37,30,63,34,29,4,3,1
08,29,072,2,2,0,2,2,0,0,0,0
08,29,074,10,5,5,0,0,0,10,5,5
08,29,075,1093,559,534,143,76,67,950,483,467
08,29,117,1,1,0,1,1,0,0,0,0
08,29,123,7428,3784,3644,7134,3632,3502,294,152,142
08,30,001,123,96,27,3,3,0,120,93,27
08,30,002,3870,2063,1807,181,97,84,3689,1966,1723
08,30,003,1,0,1,1,0,1,0,0,0
08,30,004,145,93,52,0,0,0,145,93,52
08,30,005,3817,1952,1865,376,183,193,3441,1769,1672
08,30,006,1478777,779818,698959,722871,378720,344151,755906,401098,354808
08,30,007,121,77,44,7,5,2,114,72,42
08,30,008,19,7,12,3,2,1,16,5,11
08,30,009,14,7,7,1,0,1,13,7,6
08,30,010,260,137,123,17,11,6,243,126,117
08,30,011,1834,956,878,121,51,70,1713,905,808
08,30,012,41,29,12,9,7,2,32,22,10
08,30,013,2700,1648,1052,100,47,53,2600,1601,999
08,30,014,1302,978,324,29,25,4,1273,953,320
08,30,015,3488,1726,1762,183,92,91,3305,1634,1671
08,30,016,12262,6530,5732,2085,1114,971,10177,5416,4761
08,30,017,8,7,1,1,1,0,7,6,1
08,30,018,31,21,10,31,21,10,0,0,0
08,30,019,19388,9969,9419,107,59,48,19281,9910,9371
08,30,020,810,471,339,121,68,53,689,403,286
08,30,021,439,267,172,36,17,19,403,250,153
08,30,022,34628,17905,16723,1606,853,753,33022,17052,15970
08,30,023,10,8,2,10,8,2,0,0,0
08,30,024,9,4,5,0,0,0,9,4,5
08,30,028,35,16,19,7,3,4,28,13,15
08,30,030,1621,860,761,726,380,346,895,480,415
08,30,032,3,2,1,0,0,0,3,2,1
08,30,040,174,90,84,2,0,2,172,90,82
08,30,042,4,4,0,4,4,0,0,0,0
08,30,043,4,2,2,0,0,0,4,2,2
08,30,044,40,17,23,4,2,2,36,15,21
08,30,071,171,93,78,171,93,78,0,0,0
08,30,072,2,2,0,1,1,0,1,1,0
08,30,075,31,16,15,24,14,10,7,2,5
08,30,090,7,3,4,0,0,0,7,3,4
08,30,095,3,0,3,3,0,3,0,0,0
08,30,098,22,10,12,0,0,0,22,10,12
08,30,113,1,1,0,1,1,0,0,0,0
08,30,123,2310,1243,1067,1106,613,493,1204,630,574
08,31,002,6976,3522,3454,6916,3491,3425,60,31,29
08,31,004,5,2,3,1,1,0,4,1,3
08,31,005,476,241,235,127,65,62,349,176,173
08,31,006,984290,515953,468337,835261,437790,397471,149029,78163,70866
08,31,007,2,1,1,2,1,1,0,0,0
08,31,010,5,3,2,2,1,1,3,2,1
08,31,011,146,75,71,51,23,28,95,52,43
08,31,013,427,225,202,346,184,162,81,41,40
08,31,014,21,14,7,1,1,0,20,13,7
08,31,015,31,20,11,7,6,1,24,14,10
08,31,016,3055,1618,1437,2223,1190,1033,832,428,404
08,31,017,1,0,1,1,0,1,0,0,0
08,31,019,201,108,93,4,3,1,197,105,92
08,31,020,31,20,11,6,1,5,25,19,6
08,31,021,38,18,20,3,1,2,35,17,18
08,31,022,24179,12411,11768,3201,1689,1512,20978,10722,10256
08,31,023,1,0,1,0,0,0,1,0,1
08,31,028,41,23,18,17,10,7,24,13,11
08,31,030,812,433,379,812,433,379,0,0,0
08,31,040,8,5,3,7,4,3,1,1,0
08,31,123,907,445,462,650,311,339,257,134,123
08,32,001,2,1,1,0,0,0,2,1,1
08,32,002,111,68,43,62,37,25,49,31,18
08,32,005,2240,1088,1152,944,466,478,1296,622,674
08,32,006,1164249,604561,559688,1006439,521557,484882,157810,83004,74806
08,32,007,7,3,4,5,2,3,2,1,1
08,32,009,421,214,207,421,214,207,0,0,0
08,32,010,33,21,12,0,0,0,33,21,12
08,32,011,271,130,141,121,50,71,150,80,70
08,32,013,165,79,86,61,26,35,104,53,51
08,32,014,30,17,13,14,9,5,16,8,8
08,32,015,121,96,25,0,0,0,121,96,25
08,32,016,407,215,192,9,3,6,398,212,186
08,32,017,61,34,27,0,0,0,61,34,27
08,32,019,1002,513,489,39,18,21,963,495,468
08,32,020,45,30,15,18,13,5,27,17,10
08,32,021,78,41,37,76,40,36,2,1,1
08,32,022,10009,5152,4857,2983,1544,1439,7026,3608,3418
08,32,028,22,10,12,0,0,0,22,10,12
08,32,030,71,35,36,71,35,36,0,0,0
08,32,040,10,3,7,6,2,4,4,1,3
08,32,046,5,4,1,5,4,1,0,0,0
08,32,111,1,1,0,1,1,0,0,0,0
08,32,123,962,488,474,806,404,402,156,84,72
09,01,001,22,17,5,4,1,3,18,16,2
09,01,002,696,444,252,348,247,101,348,197,151
09,01,004,6,3,3,0,0,0,6,3,3
09,01,005,75,38,37,6,3,3,69,35,34
09,01,006,2284534,1224844,1059690,1872695,1005693,867002,411839,219151,192688
09,01,007,7,4,3,1,1,0,6,3,3
09,01,008,63,61,2,27,27,0,36,34,2
09,01,009,1,0,1,0,0,0,1,0,1
09,01,010,21,13,8,7,5,2,14,8,6
09,01,011,129,67,62,32,17,15,97,50,47
09,01,012,10,10,0,4,4,0,6,6,0
09,01,013,104,58,46,29,16,13,75,42,33
09,01,014,415,232,183,261,141,120,154,91,63
09,01,015,198,107,91,17,12,5,181,95,86
09,01,016,22480,11683,10797,6064,3229,2835,16416,8454,7962
09,01,017,1,1,0,0,0,0,1,1,0
09,01,018,1,0,1,0,0,0,1,0,1
09,01,019,9,4,5,2,1,1,7,3,4
09,01,020,76,48,28,25,15,10,51,33,18
09,01,021,48,25,23,6,5,1,42,20,22
09,01,022,587336,315327,272009,269556,143821,125735,317780,171506,146274
09,01,028,9,2,7,5,2,3,4,0,4
09,01,031,1,1,0,0,0,0,1,1,0
09,01,040,453,234,219,123,63,60,330,171,159
09,01,044,2,1,1,2,1,1,0,0,0
09,01,053,48,37,11,48,37,11,0,0,0
09,01,054,1,0,1,1,0,1,0,0,0
09,01,072,1,0,1,0,0,0,1,0,1
09,01,073,2,2,0,0,0,0,2,2,0
09,01,075,7,5,2,1,1,0,6,4,2
09,01,090,1,0,1,0,0,0,1,0,1
09,01,098,35,23,12,0,0,0,35,23,12
09,01,114,22,10,12,0,0,0,22,10,12
09,01,123,49,21,28,27,10,17,22,11,11
09,02,001,15,14,1,13,12,1,2,2,0
09,02,002,300,161,139,235,131,104,65,30,35
09,02,005,357,184,173,109,53,56,248,131,117
09,02,006,2997168,1604459,1392709,2350210,1260807,1089403,646958,343652,303306
09,02,007,4,2,2,4,2,2,0,0,0
09,02,008,70,62,8,46,45,1,24,17,7
09,02,010,17,14,3,17,14,3,0,0,0
09,02,011,42,15,27,9,4,5,33,11,22
09,02,013,20,11,9,2,0,2,18,11,7
09,02,014,446,277,169,341,215,126,105,62,43
09,02,015,39,20,19,34,18,16,5,2,3
09,02,016,13050,7040,6010,10023,5470,4553,3027,1570,1457
09,02,018,1,1,0,1,1,0,0,0,0
09,02,019,511,282,229,507,280,227,4,2,2
09,02,020,19,9,10,7,4,3,12,5,7
09,02,021,11,7,4,9,7,2,2,0,2
09,02,022,530859,281057,249802,277715,147062,130653,253144,133995,119149
09,02,028,26,14,12,26,14,12,0,0,0
09,02,040,391,196,195,158,77,81,233,119,114
09,02,053,1,1,0,0,0,0,1,1,0
09,02,123,15,6,9,14,5,9,1,1,0
09,03,001,12,12,0,12,12,0,0,0,0
09,03,002,2802,1406,1396,2680,1347,1333,122,59,63
09,03,004,1,1,0,1,1,0,0,0,0
09,03,005,21,7,14,2,0,2,19,7,12
09,03,006,2159060,1142918,1016142,1875037,993225,881812,284023,149693,134330
09,03,007,2,1,1,0,0,0,2,1,1
09,03,008,3,2,1,0,0,0,3,2,1
09,03,010,14,13,1,10,10,0,4,3,1
09,03,011,168,66,102,151,59,92,17,7,10
09,03,013,38,24,14,9,4,5,29,20,9
09,03,014,7642,4238,3404,6738,3719,3019,904,519,385
09,03,015,26,15,11,18,10,8,8,5,3
09,03,016,35076,18419,16657,32408,17040,15368,2668,1379,1289
09,03,017,171,95,76,165,92,73,6,3,3
09,03,019,13,8,5,11,6,5,2,2,0
09,03,020,36,20,16,6,5,1,30,15,15
09,03,021,1,0,1,0,0,0,1,0,1
09,03,022,926243,484511,441732,452810,236297,216513,473433,248214,225219
09,03,028,194,100,94,124,63,61,70,37,33
09,03,030,11,5,6,11,5,6,0,0,0
09,03,040,13,10,3,5,5,0,8,5,3
09,03,044,2,1,1,1,0,1,1,1,0
09,03,072,7,4,3,7,4,3,0,0,0
09,03,123,63,32,31,62,32,30,1,0,1
09,04,001,27,6,21,24,3,21,3,3,0
09,04,002,1566,771,795,445,179,266,1121,592,529
09,04,004,2,1,1,0,0,0,2,1,1
09,04,005,26,13,13,0,0,0,26,13,13
09,04,006,2791074,1492343,1298731,2157678,1155603,1002075,633396,336740,296656
09,04,007,5,4,1,0,0,0,5,4,1
09,04,008,28,22,6,10,10,0,18,12,6
09,04,009,3,2,1,0,0,0,3,2,1
09,04,010,62,49,13,36,25,11,26,24,2
09,04,011,35,18,17,9,8,1,26,10,16
09,04,012,1,1,0,0,0,0,1,1,0
09,04,013,55,31,24,1,0,1,54,31,23
09,04,014,9906,5549,4357,7872,4383,3489,2034,1166,868
09,04,015,11,6,5,3,1,2,8,5,3
09,04,016,5676,2961,2715,1688,883,805,3988,2078,1910
09,04,017,1,0,1,1,0,1,0,0,0
09,04,019,41,18,23,8,5,3,33,13,20
09,04,020,383,195,188,4,4,0,379,191,188
09,04,021,8,4,4,0,0,0,8,4,4
09,04,022,1001621,530071,471550,479327,254229,225098,522294,275842,246452
09,04,028,105,51,54,66,31,35,39,20,19
09,04,040,169,94,75,57,33,24,112,61,51
09,04,090,7,6,1,0,0,0,7,6,1
09,04,123,171,86,85,63,28,35,108,58,50
09,05,001,119,107,12,2,0,2,117,107,10
09,05,002,9126,4735,4391,8808,4532,4276,318,203,115
09,05,004,19,12,7,3,2,1,16,10,6
09,05,005,94,51,43,83,44,39,11,7,4
09,05,006,1208265,647577,560688,1025100,550111,474989,183165,97466,85699
09,05,007,21,12,9,1,0,1,20,12,8
09,05,008,6,3,3,3,1,2,3,2,1
09,05,009,1,0,1,0,0,0,1,0,1
09,05,010,12,8,4,0,0,0,12,8,4
09,05,011,130,60,70,28,11,17,102,49,53
09,05,012,43,43,0,0,0,0,43,43,0
09,05,013,154,127,27,7,3,4,147,124,23
09,05,014,223,120,103,122,60,62,101,60,41
09,05,015,37,20,17,10,9,1,27,11,16
09,05,016,63856,33368,30488,58587,30587,28000,5269,2781,2488
09,05,017,5,3,2,2,1,1,3,2,1
09,05,019,10,5,5,2,2,0,8,3,5
09,05,020,55,34,21,11,6,5,44,28,16
09,05,021,12,9,3,0,0,0,12,9,3
09,05,022,640918,337158,303760,350350,185753,164597,290568,151405,139163
09,05,028,72,30,42,43,16,27,29,14,15
09,05,033,1,1,0,0,0,0,1,1,0
09,05,040,480,254,226,86,49,37,394,205,189
09,05,044,3,3,0,0,0,0,3,3,0
09,05,061,1,0,1,1,0,1,0,0,0
09,05,072,3,0,3,0,0,0,3,0,3
09,05,123,73,35,38,37,17,20,36,18,18
09,06,001,3,2,1,3,2,1,0,0,0
09,06,002,287,116,171,199,77,122,88,39,49
09,06,004,5,4,1,0,0,0,5,4,1
09,06,005,80,39,41,78,39,39,2,0,2
09,06,006,1127441,600034,527407,982144,522818,459326,145297,77216,68081
09,06,007,7,2,5,0,0,0,7,2,5
09,06,010,11,6,5,1,0,1,10,6,4
09,06,011,59,32,27,12,7,5,47,25,22
09,06,013,24,16,8,1,1,0,23,15,8
09,06,014,1029,596,433,897,519,378,132,77,55
09,06,015,17,10,7,7,5,2,10,5,5
09,06,016,3765,1999,1766,2842,1521,1321,923,478,445
09,06,017,219,122,97,110,65,45,109,57,52
09,06,019,5,5,0,3,3,0,2,2,0
09,06,020,7,3,4,3,1,2,4,2,2
09,06,021,10,5,5,0,0,0,10,5,5
09,06,022,366012,192197,173815,144524,76292,68232,221488,115905,105583
09,06,028,45,23,22,45,23,22,0,0,0
09,06,040,10,5,5,3,3,0,7,2,5
09,06,123,32,12,20,9,3,6,23,9,14
09,07,001,2880,1503,1377,2,2,0,2878,1501,1377
09,07,002,9205,5032,4173,2168,1161,1007,7037,3871,3166
09,07,003,5,3,2,0,0,0,5,3,2
09,07,004,785,653,132,0,0,0,785,653,132
09,07,005,774,441,333,34,18,16,740,423,317
09,07,006,2362979,1265157,1097822,1378357,738206,640151,984622,526951,457671
09,07,007,200,137,63,0,0,0,200,137,63
09,07,008,102,71,31,44,43,1,58,28,30
09,07,009,7,3,4,0,0,0,7,3,4
09,07,010,35,22,13,0,0,0,35,22,13
09,07,011,940,596,344,51,41,10,889,555,334
09,07,012,53,38,15,0,0,0,53,38,15
09,07,013,1642,1102,540,12,5,7,1630,1097,533
09,07,014,8053,4913,3140,4186,2412,1774,3867,2501,1366
09,07,015,547,360,187,36,31,5,511,329,182
09,07,016,23222,12627,10595,7439,3972,3467,15783,8655,7128
09,07,017,30,17,13,0,0,0,30,17,13
09,07,019,2287,1165,1122,1661,853,808,626,312,314
09,07,020,845,568,277,38,30,8,807,538,269
09,07,021,541,338,203,6,6,0,535,332,203
09,07,022,581673,306541,275132,151197,80046,71151,430476,226495,203981
09,07,023,2,2,0,0,0,0,2,2,0
09,07,028,59,35,24,27,18,9,32,17,15
09,07,030,3,3,0,0,0,0,3,3,0
09,07,037,5,3,2,0,0,0,5,3,2
09,07,039,6,4,2,0,0,0,6,4,2
09,07,040,103,53,50,9,4,5,94,49,45
09,07,043,1,1,0,0,0,0,1,1,0
09,07,062,1,1,0,0,0,0,1,1,0
09,07,075,3,1,2,0,0,0,3,1,2
09,07,090,1,0,1,0,0,0,1,0,1
09,07,115,1,1,0,0,0,0,1,1,0
09,07,123,371,187,184,111,60,51,260,127,133
09,08,001,7,1,6,3,0,3,4,1,3
09,08,002,183,114,69,150,91,59,33,23,10
09,08,006,1106077,599593,506484,906693,492491,414202,199384,107102,92282
09,08,007,6,3,3,4,2,2,2,1,1
09,08,008,1,1,0,0,0,0,1,1,0
09,08,010,1,1,0,1,1,0,0,0,0
09,08,011,80,24,56,75,22,53,5,2,3
09,08,013,19,12,7,12,7,5,7,5,2
09,08,014,3889,2102,1787,3215,1742,1473,674,360,314
09,08,015,93,47,46,9,7,2,84,40,44
09,08,016,83,41,42,46,22,24,37,19,18
09,08,017,5,3,2,0,0,0,5,3,2
09,08,018,4,4,0,4,4,0,0,0,0
09,08,019,2,2,0,2,2,0,0,0,0
09,08,020,13,9,4,6,5,1,7,4,3
09,08,021,35,16,19,4,3,1,31,13,18
09,08,022,53469,28096,25373,24319,12762,11557,29150,15334,13816
09,08,028,2,0,2,1,0,1,1,0,1
09,08,040,7,5,2,6,4,2,1,1,0
09,08,123,15,3,12,9,1,8,6,2,4
09,09,001,117,67,50,53,32,21,64,35,29
09,09,002,8456,4528,3928,3409,1854,1555,5047,2674,2373
09,09,003,12,7,5,0,0,0,12,7,5
09,09,004,103,57,46,6,4,2,97,53,44
09,09,005,341,185,156,128,68,60,213,117,96
09,09,006,2909808,1566699,1343109,1281318,691069,590249,1628490,875630,752860
09,09,007,284,140,144,7,4,3,277,136,141
09,09,008,1171,596,575,6,2,4,1165,594,571
09,09,009,42,22,20,0,0,0,42,22,20
09,09,010,1837,1077,760,326,188,138,1511,889,622
09,09,011,3808,1921,1887,67,22,45,3741,1899,1842
09,09,012,18,12,6,0,0,0,18,12,6
09,09,013,738,397,341,46,29,17,692,368,324
09,09,014,16037,8840,7197,6831,3709,3122,9206,5131,4075
09,09,015,1044,621,423,68,39,29,976,582,394
09,09,016,22032,11436,10596,1854,991,863,20178,10445,9733
09,09,017,3,1,2,0,0,0,3,1,2
09,09,018,6,4,2,0,0,0,6,4,2
09,09,019,175,91,84,0,0,0,175,91,84
09,09,020,1122,577,545,30,15,15,1092,562,530
09,09,021,1030,551,479,17,10,7,1013,541,472
09,09,022,321378,170693,150685,179875,95081,84794,141503,75612,65891
09,09,024,2,1,1,0,0,0,2,1,1
09,09,028,119,53,66,49,20,29,70,33,37
09,09,030,7,3,4,0,0,0,7,3,4
09,09,032,13,6,7,0,0,0,13,6,7
09,09,039,1,1,0,0,0,0,1,1,0
09,09,040,254,134,120,20,14,6,234,120,114
09,09,044,8,2,6,3,0,3,5,2,3
09,09,048,21,12,9,0,0,0,21,12,9
09,09,072,6,5,1,0,0,0,6,5,1
09,09,075,120,59,61,4,2,2,116,57,59
09,09,082,2,1,1,0,0,0,2,1,1
09,09,090,26,14,12,7,5,2,19,9,10
09,09,091,6,3,3,0,0,0,6,3,3
09,09,098,2,0,2,0,0,0,2,0,2
09,09,114,2,1,1,0,0,0,2,1,1
09,09,116,4,3,1,0,0,0,4,3,1
09,09,123,431,222,209,47,28,19,384,194,190
09,10,001,178,107,71,24,14,10,154,93,61
09,10,002,12067,6428,5639,1414,832,582,10653,5596,5057
09,10,004,155,88,67,7,3,4,148,85,63
09,10,005,186,89,97,2,1,1,184,88,96
09,10,006,1126806,612068,514738,733003,395377,337626,393803,216691,177112
09,10,007,292,147,145,29,15,14,263,132,131
09,10,008,1073,532,541,21,11,10,1052,521,531
09,10,009,29,16,13,0,0,0,29,16,13
09,10,010,2278,1473,805,147,79,68,2131,1394,737
09,10,011,3754,1897,1857,112,65,47,3642,1832,1810
09,10,012,26,24,2,0,0,0,26,24,2
09,10,013,983,534,449,37,23,14,946,511,435
09,10,014,13690,7760,5930,9602,5315,4287,4088,2445,1643
09,10,015,1488,939,549,360,232,128,1128,707,421
09,10,016,11710,6000,5710,643,339,304,11067,5661,5406
09,10,017,9,6,3,8,6,2,1,0,1
09,10,018,29,16,13,5,3,2,24,13,11
09,10,019,252,133,119,6,2,4,246,131,115
09,10,020,2640,1398,1242,90,51,39,2550,1347,1203
09,10,021,817,448,369,42,23,19,775,425,350
09,10,022,21784,11753,10031,6847,3602,3245,14937,8151,6786
09,10,023,2,2,0,0,0,0,2,2,0
09,10,026,1,0,1,0,0,0,1,0,1
09,10,028,22,13,9,5,4,1,17,9,8
09,10,030,22,6,16,0,0,0,22,6,16
09,10,032,1,1,0,0,0,0,1,1,0
09,10,040,469,255,214,90,52,38,379,203,176
09,10,041,1,1,0,0,0,0,1,1,0
09,10,043,1,1,0,0,0,0,1,1,0
09,10,044,17,11,6,0,0,0,17,11,6
09,10,053,12,7,5,0,0,0,12,7,5
09,10,054,6,2,4,0,0,0,6,2,4
09,10,055,3,2,1,0,0,0,3,2,1
09,10,068,1,0,1,0,0,0,1,0,1
09,10,072,6,5,1,0,0,0,6,5,1
09,10,073,12,6,6,0,0,0,12,6,6
09,10,075,3,1,2,0,0,0,3,1,2
09,10,090,4,3,1,0,0,0,4,3,1
09,10,091,5,2,3,0,0,0,5,2,3
09,10,105,1,0,1,0,0,0,1,0,1
09,10,110,1,0,1,0,0,0,1,0,1
09,10,113,3,3,0,2,2,0,1,1,0
09,10,114,1,0,1,0,0,0,1,0,1
09,10,116,22,13,9,1,1,0,21,12,9
09,10,121,3,3,0,0,0,0,3,3,0
09,10,123,1165,626,539,118,79,39,1047,547,500
09,11,001,4,2,2,4,2,2,0,0,0
09,11,002,324,178,146,124,62,62,200,116,84
09,11,004,2,2,0,0,0,0,2,2,0
09,11,005,10,6,4,6,4,2,4,2,2
09,11,006,2680430,1428451,1251979,2167351,1155766,1011585,513079,272685,240394
09,11,008,2,2,0,0,0,0,2,2,0
09,11,010,2,2,0,0,0,0,2,2,0
09,11,011,47,27,20,0,0,0,47,27,20
09,11,013,48,26,22,1,1,0,47,25,22
09,11,014,107,53,54,44,21,23,63,32,31
09,11,015,28,13,15,17,8,9,11,5,6
09,11,016,1161,607,554,138,75,63,1023,532,491
09,11,017,3,2,1,0,0,0,3,2,1
09,11,019,4,3,1,0,0,0,4,3,1
09,11,020,21,11,10,5,4,1,16,7,9
09,11,021,57,29,28,1,1,0,56,28,28
09,11,022,230608,120765,109843,70738,36876,33862,159870,83889,75981
09,11,028,4,2,2,0,0,0,4,2,2
09,11,040,205,116,89,196,113,83,9,3,6
09,11,123,55,29,26,39,19,20,16,10,6
09,12,001,10,8,2,8,6,2,2,2,0
09,12,002,345,194,151,77,44,33,268,150,118
09,12,004,13,10,3,3,3,0,10,7,3
09,12,005,78,43,35,1,1,0,77,42,35
09,12,006,2719865,1462291,1257574,2083159,1122920,960239,636706,339371,297335
09,12,007,15,8,7,6,3,3,9,5,4
09,12,008,94,90,4,5,3,2,89,87,2
09,12,011,77,39,38,16,8,8,61,31,30
09,12,012,7,7,0,0,0,0,7,7,0
09,12,013,29,17,12,11,7,4,18,10,8
09,12,014,178,92,86,69,33,36,109,59,50
09,12,015,20,4,16,13,2,11,7,2,5
09,12,016,2514,1312,1202,337,192,145,2177,1120,1057
09,12,017,7,3,4,3,1,2,4,2,2
09,12,019,568,291,277,0,0,0,568,291,277
09,12,020,18,13,5,4,4,0,14,9,5
09,12,021,15,7,8,3,1,2,12,6,6
09,12,022,267923,142715,125208,43601,23087,20514,224322,119628,104694
09,12,028,178,86,92,64,30,34,114,56,58
09,12,030,1,1,0,0,0,0,1,1,0
09,12,040,225,121,104,170,91,79,55,30,25
09,12,072,3,0,3,0,0,0,3,0,3
09,12,123,103,50,53,42,20,22,61,30,31
09,13,002,42,17,25,23,3,20,19,14,5
09,13,005,4,1,3,0,0,0,4,1,3
09,13,006,1303503,701868,601635,1064835,574560,490275,238668,127308,111360
09,13,010,13,5,8,0,0,0,13,5,8
09,13,011,21,8,13,15,4,11,6,4,2
09,13,013,3,2,1,2,2,0,1,0,1
09,13,014,2724,1453,1271,2462,1322,1140,262,131,131
09,13,015,1,0,1,1,0,1,0,0,0
09,13,016,152,76,76,2,1,1,150,75,75
09,13,020,128,70,58,128,70,58,0,0,0
09,13,022,29249,15334,13915,3903,2107,1796,25346,13227,12119
09,13,028,4,3,1,1,0,1,3,3,0
09,13,040,6,4,2,5,4,1,1,0,1
09,13,090,173,86,87,173,86,87,0,0,0
09,13,123,8,3,5,1,0,1,7,3,4
09,14,001,169,124,45,21,10,11,148,114,34
09,14,002,6699,3537,3162,479,274,205,6220,3263,2957
09,14,004,77,58,19,3,1,2,74,57,17
09,14,005,165,110,55,8,5,3,157,105,52
09,14,006,2020521,1098648,921873,1480007,805917,674090,540514,292731,247783
09,14,007,57,45,12,9,8,1,48,37,11
09,14,008,11,8,3,2,2,0,9,6,3
09,14,010,48,36,12,8,6,2,40,30,10
09,14,011,370,207,163,18,5,13,352,202,150
09,14,012,111,51,60,0,0,0,111,51,60
09,14,013,704,466,238,77,45,32,627,421,206
09,14,014,581,373,208,125,75,50,456,298,158
09,14,015,687,512,175,98,55,43,589,457,132
09,14,016,2412,1329,1083,336,196,140,2076,1133,943
09,14,017,3,2,1,1,0,1,2,2,0
09,14,018,4,2,2,0,0,0,4,2,2
09,14,019,262,133,129,10,5,5,252,128,124
09,14,020,334,233,101,14,7,7,320,226,94
09,14,021,273,166,107,23,18,5,250,148,102
09,14,022,40757,21320,19437,6230,3309,2921,34527,18011,16516
09,14,028,51,21,30,6,1,5,45,20,25
09,14,033,1,0,1,0,0,0,1,0,1
09,14,040,53,24,29,4,2,2,49,22,27
09,14,052,1,1,0,0,0,0,1,1,0
09,14,053,1,1,0,0,0,0,1,1,0
09,14,062,1,1,0,0,0,0,1,1,0
09,14,072,14,8,6,0,0,0,14,8,6
09,14,090,19,14,5,1,0,1,18,14,4
09,14,091,4,3,1,0,0,0,4,3,1
09,14,093,1,0,1,0,0,0,1,0,1
09,14,115,2,2,0,1,1,0,1,1,0
09,14,116,1,1,0,0,0,0,1,1,0
09,14,123,122,76,46,12,4,8,110,72,38
09,15,001,123,77,46,0,0,0,123,77,46
09,15,002,905,508,397,50,25,25,855,483,372
09,15,003,2,1,1,0,0,0,2,1,1
09,15,004,84,50,34,0,0,0,84,50,34
09,15,005,112,60,52,1,0,1,111,60,51
09,15,006,3533509,1914318,1619191,2049492,1112441,937051,1484017,801877,682140
09,15,007,82,60,22,0,0,0,82,60,22
09,15,008,19,12,7,1,1,0,18,11,7
09,15,009,11,4,7,0,0,0,11,4,7
09,15,010,38,19,19,0,0,0,38,19,19
09,15,011,686,430,256,26,7,19,660,423,237
09,15,012,17,14,3,0,0,0,17,14,3
09,15,013,637,404,233,19,15,4,618,389,229
09,15,014,595,348,247,202,112,90,393,236,157
09,15,015,440,273,167,11,4,7,429,269,160
09,15,016,5977,3203,2774,43,23,20,5934,3180,2754
09,15,017,1,1,0,0,0,0,1,1,0
09,15,019,3212,1660,1552,18,10,8,3194,1650,1544
09,15,020,605,385,220,10,8,2,595,377,218
09,15,021,494,328,166,1,1,0,493,327,166
09,15,022,71223,38254,32969,2090,1069,1021,69133,37185,31948
09,15,023,1,1,0,0,0,0,1,1,0
09,15,028,178,89,89,145,75,70,33,14,19
09,15,030,3,2,1,0,0,0,3,2,1
09,15,033,4,2,2,0,0,0,4,2,2
09,15,037,2,1,1,0,0,0,2,1,1
09,15,040,906,470,436,278,148,130,628,322,306
09,15,043,2,1,1,0,0,0,2,1,1
09,15,044,13,6,7,0,0,0,13,6,7
09,15,055,1,1,0,0,0,0,1,1,0
09,15,071,1,1,0,0,0,0,1,1,0
09,15,075,1,0,1,0,0,0,1,0,1
09,15,078,1,1,0,0,0,0,1,1,0
09,15,082,1,1,0,0,0,0,1,1,0
09,15,087,1,1,0,0,0,0,1,1,0
09,15,090,336,169,167,336,169,167,0,0,0
09,15,123,213,127,86,4,2,2,209,125,84
09,16,001,2,1,1,1,0,1,1,1,0
09,16,002,217,101,116,36,16,20,181,85,96
09,16,004,1,1,0,1,1,0,0,0,0
09,16,005,3,2,1,2,2,0,1,0,1
09,16,006,1887049,1021501,865548,1421363,772150,649213,465686,249351,216335
09,16,007,4,2,2,0,0,0,4,2,2
09,16,008,2,1,1,1,1,0,1,0,1
09,16,010,4,0,4,0,0,0,4,0,4
09,16,011,12,8,4,0,0,0,12,8,4
09,16,013,22,9,13,1,1,0,21,8,13
09,16,014,132,68,64,90,43,47,42,25,17
09,16,015,6,2,4,5,2,3,1,0,1
09,16,016,717,375,342,14,10,4,703,365,338
09,16,019,213,111,102,0,0,0,213,111,102
09,16,020,11,3,8,1,1,0,10,2,8
09,16,021,26,21,5,2,2,0,24,19,5
09,16,022,163877,86111,77766,8698,4784,3914,155179,81327,73852
09,16,028,286,153,133,73,40,33,213,113,100
09,16,040,257,137,120,6,3,3,251,134,117
09,16,054,5,3,2,0,0,0,5,3,2
09,16,123,112,58,54,111,57,54,1,1,0
09,17,001,48,19,29,48,19,29,0,0,0
09,17,002,205,87,118,137,49,88,68,38,30
09,17,005,1,0,1,1,0,1,0,0,0
09,17,006,2628609,1424187,1204422,2252872,1224240,1028632,375737,199947,175790
09,17,008,11,11,0,0,0,0,11,11,0
09,17,011,11,2,9,0,0,0,11,2,9
09,17,012,2,2,0,0,0,0,2,2,0
09,17,013,56,26,30,48,21,27,8,5,3
09,17,014,222,124,98,161,92,69,61,32,29
09,17,015,17,1,16,13,0,13,4,1,3
09,17,016,660,355,305,375,209,166,285,146,139
09,17,017,2,2,0,1,1,0,1,1,0
09,17,018,83,27,56,83,27,56,0,0,0
09,17,019,315,162,153,0,0,0,315,162,153
09,17,020,7,5,2,3,3,0,4,2,2
09,17,022,159917,84062,75855,52965,28039,24926,106952,56023,50929
09,17,028,5,2,3,5,2,3,0,0,0
09,17,040,17,13,4,13,9,4,4,4,0
09,17,123,222,112,110,22,13,9,200,99,101
09,18,001,3,1,2,3,1,2,0,0,0
09,18,002,94,40,54,39,10,29,55,30,25
09,18,005,22,9,13,1,0,1,21,9,12
09,18,006,1571760,846619,725141,1356810,732943,623867,214950,113676,101274
09,18,011,17,5,12,0,0,0,17,5,12
09,18,013,22,13,9,0,0,0,22,13,9
09,18,014,1392,801,591,1084,612,472,308,189,119
09,18,015,4,0,4,2,0,2,2,0,2
09,18,016,334,168,166,11,6,5,323,162,161
09,18,019,1,1,0,0,0,0,1,1,0
09,18,020,3,3,0,2,2,0,1,1,0
09,18,021,5,1,4,1,0,1,4,1,3
09,18,022,22666,12055,10611,5285,2868,2417,17381,9187,8194
09,18,028,7,4,3,7,4,3,0,0,0
09,18,040,16,12,4,15,12,3,1,0,1
09,18,098,340,189,151,340,189,151,0,0,0
09,18,123,32,13,19,25,11,14,7,2,5
09,19,001,20,4,16,18,4,14,2,0,2
09,19,002,1164,394,770,1063,353,710,101,41,60
09,19,005,19,7,12,19,7,12,0,0,0
09,19,006,2706819,1475525,1231294,2357425,1289913,1067512,349394,185612,163782
09,19,007,4,0,4,2,0,2,2,0,2
09,19,010,11,6,5,2,0,2,9,6,3
09,19,011,33,17,16,18,10,8,15,7,8
09,19,013,34,15,19,12,3,9,22,12,10
09,19,014,7072,3734,3338,6160,3245,2915,912,489,423
09,19,015,60,8,52,50,3,47,10,5,5
09,19,016,2056,1062,994,333,187,146,1723,875,848
09,19,017,10,6,4,6,4,2,4,2,2
09,19,019,4,2,2,4,2,2,0,0,0
09,19,020,16,9,7,14,8,6,2,1,1
09,19,021,31,9,22,25,8,17,6,1,5
09,19,022,350934,185228,165706,146073,77626,68447,204861,107602,97259
09,19,028,11,3,8,0,0,0,11,3,8
09,19,040,15,6,9,10,4,6,5,2,3
09,19,090,148,88,60,148,88,60,0,0,0
09,19,116,2,1,1,2,1,1,0,0,0
09,19,123,963,545,418,906,514,392,57,31,26
09,20,001,158,106,52,27,11,16,131,95,36
09,20,002,7025,3362,3663,5463,2494,2969,1562,868,694
09,20,004,110,92,18,34,29,5,76,63,13
09,20,005,448,268,180,311,168,143,137,100,37
09,20,006,3038173,1629666,1408507,2222940,1196225,1026715,815233,433441,381792
09,20,007,100,70,30,24,13,11,76,57,19
09,20,008,55,47,8,1,1,0,54,46,8
09,20,009,10,2,8,0,0,0,10,2,8
09,20,010,61,34,27,16,7,9,45,27,18
09,20,011,518,320,198,76,38,38,442,282,160
09,20,012,16,15,1,0,0,0,16,15,1
09,20,013,581,416,165,51,24,27,530,392,138
09,20,014,10547,6013,4534,7421,4219,3202,3126,1794,1332
09,20,015,424,282,142,82,53,29,342,229,113
09,20,016,25396,13550,11846,15892,8486,7406,9504,5064,4440
09,20,017,4,4,0,0,0,0,4,4,0
09,20,018,20,12,8,1,1,0,19,11,8
09,20,019,1010,532,478,13,8,5,997,524,473
09,20,020,433,313,120,89,49,40,344,264,80
09,20,021,354,238,116,43,19,24,311,219,92
09,20,022,532592,278461,254131,174485,91654,82831,358107,186807,171300
09,20,028,67,43,24,15,9,6,52,34,18
09,20,030,7,2,5,0,0,0,7,2,5
09,20,040,47,17,30,6,3,3,41,14,27
09,20,053,1,1,0,0,0,0,1,1,0
09,20,072,6,4,2,0,0,0,6,4,2
09,20,082,1,1,0,0,0,0,1,1,0
09,20,091,7,6,1,0,0,0,7,6,1
09,20,116,3,2,1,0,0,0,3,2,1
09,20,123,415,240,175,149,79,70,266,161,105
09,21,001,2,0,2,2,0,2,0,0,0
09,21,002,55949,29100,26849,55673,28964,26709,276,136,140
09,21,005,20,11,9,1,1,0,19,10,9
09,21,006,1312562,701594,610968,1117753,597850,519903,194809,103744,91065
09,21,007,3,3,0,0,0,0,3,3,0
09,21,011,29,15,14,10,6,4,19,9,10
09,21,013,20,8,12,7,1,6,13,7,6
09,21,014,2497,1358,1139,2061,1142,919,436,216,220
09,21,015,7,4,3,6,4,2,1,0,1
09,21,016,71363,37589,33774,68347,35991,32356,3016,1598,1418
09,21,018,1,1,0,1,1,0,0,0,0
09,21,019,319,173,146,7,4,3,312,169,143
09,21,020,17,10,7,10,7,3,7,3,4
09,21,021,11,6,5,11,6,5,0,0,0
09,21,022,202277,106445,95832,107000,56309,50691,95277,50136,45141
09,21,023,1,1,0,0,0,0,1,1,0
09,21,028,20,9,11,17,8,9,3,1,2
09,21,040,35,15,20,18,9,9,17,6,11
09,21,068,1,0,1,1,0,1,0,0,0
09,21,123,49,26,23,34,19,15,15,7,8
09,22,001,19,11,8,7,2,5,12,9,3
09,22,002,1058,468,590,430,108,322,628,360,268
09,22,005,26,16,10,4,2,2,22,14,8
09,22,006,2227573,1212964,1014609,1884764,1028292,856472,342809,184672,158137
09,22,007,1,1,0,0,0,0,1,1,0
09,22,008,5,3,2,0,0,0,5,3,2
09,22,009,1,1,0,0,0,0,1,1,0
09,22,010,4,3,1,0,0,0,4,3,1
09,22,011,48,25,23,10,4,6,38,21,17
09,22,012,5,3,2,4,2,2,1,1,0
09,22,013,67,36,31,6,1,5,61,35,26
09,22,014,8286,4618,3668,6953,3855,3098,1333,763,570
09,22,015,46,16,30,20,4,16,26,12,14
09,22,016,47421,25074,22347,44778,23675,21103,2643,1399,1244
09,22,019,84,44,40,0,0,0,84,44,40
09,22,020,39,28,11,17,13,4,22,15,7
09,22,021,14,10,4,2,1,1,12,9,3
09,22,022,263037,140029,123008,85293,45447,39846,177744,94582,83162
09,22,028,38,18,20,4,1,3,34,17,17
09,22,040,39,17,22,13,6,7,26,11,15
09,22,072,4,1,3,4,1,3,0,0,0
09,22,090,1,0,1,1,0,1,0,0,0
09,22,123,39,22,17,19,12,7,20,10,10
09,23,001,2,1,1,2,1,1,0,0,0
09,23,002,7050,3719,3331,6959,3675,3284,91,44,47
09,23,005,298,156,142,287,151,136,11,5,6
09,23,006,2941043,1572658,1368385,2662620,1423709,1238911,278423,148949,129474
09,23,007,165,93,72,165,93,72,0,0,0
09,23,010,3,2,1,1,1,0,2,1,1
09,23,011,36,16,20,9,3,6,27,13,14
09,23,013,29,15,14,6,4,2,23,11,12
09,23,014,773,422,351,732,400,332,41,22,19
09,23,015,82,48,34,67,41,26,15,7,8
09,23,016,68728,36491,32237,65723,34902,30821,3005,1589,1416
09,23,017,28,14,14,19,11,8,9,3,6
09,23,019,99,52,47,0,0,0,99,52,47
09,23,020,11,7,4,5,4,1,6,3,3
09,23,021,7,3,4,4,1,3,3,2,1
09,23,022,188381,99963,88418,124692,66412,58280,63689,33551,30138
09,23,028,25,11,14,24,11,13,1,0,1
09,23,040,187,100,87,160,84,76,27,16,11
09,23,072,32,16,16,32,16,16,0,0,0
09,23,075,1,0,1,1,0,1,0,0,0
09,23,113,36,14,22,36,14,22,0,0,0
09,23,123,216,107,109,151,71,80,65,36,29
09,24,001,1,0,1,1,0,1,0,0,0
09,24,002,171,87,84,81,44,37,90,43,47
09,24,003,1,0,1,1,0,1,0,0,0
09,24,005,48,29,19,3,3,0,45,26,19
09,24,006,3248294,1746615,1501679,2982093,1606123,1375970,266201,140492,125709
09,24,007,1,1,0,1,1,0,0,0,0
09,24,009,1,0,1,1,0,1,0,0,0
09,24,011,221,9,212,211,7,204,10,2,8
09,24,013,9,6,3,0,0,0,9,6,3
09,24,014,6581,3730,2851,6180,3477,2703,401,253,148
09,24,015,85,42,43,10,5,5,75,37,38
09,24,016,7658,4083,3575,6070,3256,2814,1588,827,761
09,24,017,4222,2311,1911,3664,2007,1657,558,304,254
09,24,019,777,384,393,9,6,3,768,378,390
09,24,020,11,7,4,10,7,3,1,0,1
09,24,021,2,1,1,0,0,0,2,1,1
09,24,022,349489,182977,166512,186775,98372,88403,162714,84605,78109
09,24,028,1932,1010,922,1819,948,871,113,62,51
09,24,040,23,13,10,13,8,5,10,5,5
09,24,090,1,0,1,0,0,0,1,0,1
09,24,098,8,5,3,8,5,3,0,0,0
09,24,123,125,64,61,23,10,13,102,54,48
09,25,001,1,0,1,1,0,1,0,0,0
09,25,002,176,54,122,125,33,92,51,21,30
09,25,005,1,0,1,0,0,0,1,0,1
09,25,006,3230249,1753672,1476577,2933021,1595215,1337806,297228,158457,138771
09,25,007,1,1,0,1,1,0,0,0,0
09,25,011,10,3,7,1,0,1,9,3,6
09,25,013,55,31,24,7,2,5,48,29,19
09,25,014,6907,3898,3009,5884,3345,2539,1023,553,470
09,25,015,8,3,5,8,3,5,0,0,0
09,25,016,4044,2184,1860,3644,1970,1674,400,214,186
09,25,017,2,2,0,2,2,0,0,0,0
09,25,019,5,3,2,3,1,2,2,2,0
09,25,020,14,9,5,8,6,2,6,3,3
09,25,021,2,0,2,2,0,2,0,0,0
09,25,022,156663,82750,73913,48129,25559,22570,108534,57191,51343
09,25,028,13,8,5,10,5,5,3,3,0
09,25,030,6,1,5,6,1,5,0,0,0
09,25,040,22,11,11,18,9,9,4,2,2
09,25,044,1,1,0,1,1,0,0,0,0
09,25,098,1,0,1,1,0,1,0,0,0
09,25,123,125,67,58,121,65,56,4,2,2
09,26,002,207,111,96,62,31,31,145,80,65
09,26,005,5,2,3,2,0,2,3,2,1
09,26,006,2598116,1369596,1228520,2240972,1180883,1060089,357144,188713,168431
09,26,007,6,5,1,0,0,0,6,5,1
09,26,010,84,49,35,0,0,0,84,49,35
09,26,011,31,15,16,3,2,1,28,13,15
09,26,013,16,10,6,9,5,4,7,5,2
09,26,014,5758,2976,2782,5198,2682,2516,560,294,266
09,26,015,241,114,127,236,112,124,5,2,3
09,26,016,424,218,206,137,69,68,287,149,138
09,26,017,29,16,13,20,10,10,9,6,3
09,26,019,41,17,24,2,0,2,39,17,22
09,26,020,14,5,9,6,2,4,8,3,5
09,26,021,1,1,0,1,1,0,0,0,0
09,26,022,94411,48880,45531,41486,21509,19977,52925,27371,25554
09,26,028,215,111,104,208,110,98,7,1,6
09,26,040,15,9,6,8,7,1,7,2,5
09,26,061,1,1,0,0,0,0,1,1,0
09,26,123,709,373,336,431,229,202,278,144,134
09,27,001,3178,1673,1505,8,6,2,3170,1667,1503
09,27,002,12757,6498,6259,266,143,123,12491,6355,6136
09,27,003,3,3,0,0,0,0,3,3,0
09,27,004,203,130,73,0,0,0,203,130,73
09,27,005,893,454,439,8,6,2,885,448,437
09,27,006,3232761,1714934,1517827,1283001,679561,603440,1949760,1035373,914387
09,27,007,287,201,86,18,10,8,269,191,78
09,27,008,225,133,92,1,1,0,224,132,92
09,27,009,51,37,14,4,3,1,47,34,13
09,27,010,327,188,139,19,16,3,308,172,136
09,27,011,2086,1052,1034,117,59,58,1969,993,976
09,27,012,78,63,15,0,0,0,78,63,15
09,27,013,1139,689,450,70,44,26,1069,645,424
09,27,014,8648,5027,3621,3212,1777,1435,5436,3250,2186
09,27,015,887,566,321,140,88,52,747,478,269
09,27,016,21244,10922,10322,833,437,396,20411,10485,9926
09,27,017,309,176,133,2,1,1,307,175,132
09,27,018,56,29,27,0,0,0,56,29,27
09,27,019,4995,2493,2502,3,3,0,4992,2490,2502
09,27,020,1154,746,408,88,59,29,1066,687,379
09,27,021,881,543,338,58,40,18,823,503,320
09,27,022,354067,184959,169108,38943,20740,18203,315124,164219,150905
09,27,023,1,0,1,0,0,0,1,0,1
09,27,028,131,72,59,20,16,4,111,56,55
09,27,030,4,2,2,0,0,0,4,2,2
09,27,031,6,2,4,0,0,0,6,2,4
09,27,040,843,393,450,27,13,14,816,380,436
09,27,043,1,1,0,0,0,0,1,1,0
09,27,044,3,0,3,0,0,0,3,0,3
09,27,046,3,2,1,0,0,0,3,2,1
09,27,048,3,0,3,0,0,0,3,0,3
09,27,053,1,0,1,0,0,0,1,0,1
09,27,055,1,0,1,0,0,0,1,0,1
09,27,061,1,1,0,0,0,0,1,1,0
09,27,072,31,20,11,2,2,0,29,18,11
09,27,075,13,8,5,0,0,0,13,8,5
09,27,082,5,4,1,0,0,0,5,4,1
09,27,086,4,2,2,0,0,0,4,2,2
09,27,090,43,18,25,0,0,0,43,18,25
09,27,091,14,6,8,1,0,1,13,6,7
09,27,098,3,1,2,0,0,0,3,1,2
09,27,108,1,1,0,0,0,0,1,1,0
09,27,111,1,1,0,0,0,0,1,1,0
09,27,114,3,0,3,0,0,0,3,0,3
09,27,115,3,2,1,0,0,0,3,2,1
09,27,116,8,2,6,0,0,0,8,2,6
09,27,123,478,263,215,32,19,13,446,244,202
09,28,001,1,1,0,1,1,0,0,0,0
09,28,002,608,319,289,314,171,143,294,148,146
09,28,004,2,2,0,2,2,0,0,0,0
09,28,005,21,12,9,21,12,9,0,0,0
09,28,006,2775955,1422765,1353190,2551658,1304823,1246835,224297,117942,106355
09,28,007,9,7,2,5,4,1,4,3,1
09,28,010,3,1,2,3,1,2,0,0,0
09,28,011,245,141,104,150,94,56,95,47,48
09,28,013,55,32,23,12,11,1,43,21,22
09,28,014,6308,3162,3146,5644,2834,2810,664,328,336
09,28,015,306,154,152,250,131,119,56,23,33
09,28,016,1082,562,520,53,32,21,1029,530,499
09,28,017,2,0,2,2,0,2,0,0,0
09,28,018,1,1,0,1,1,0,0,0,0
09,28,019,229,114,115,1,1,0,228,113,115
09,28,020,48,25,23,32,17,15,16,8,8
09,28,021,62,36,26,39,24,15,23,12,11
09,28,022,86236,44288,41948,39051,20353,18698,47185,23935,23250
09,28,028,32,16,16,32,16,16,0,0,0
09,28,040,45,26,19,22,16,6,23,10,13
09,28,044,4,1,3,0,0,0,4,1,3
09,28,123,1081,565,516,1044,546,498,37,19,18
09,29,001,17,12,5,2,1,1,15,11,4
09,29,002,175,57,118,79,7,72,96,50,46
09,29,004,12,7,5,0,0,0,12,7,5
09,29,005,13,4,9,4,0,4,9,4,5
09,29,006,1453735,788494,665241,1166465,634867,531598,287270,153627,133643
09,29,007,4,3,1,0,0,0,4,3,1
09,29,008,1,1,0,0,0,0,1,1,0
09,29,010,15,8,7,0,0,0,15,8,7
09,29,011,55,29,26,2,0,2,53,29,24
09,29,013,60,33,27,8,4,4,52,29,23
09,29,014,1924,1052,872,1589,875,714,335,177,158
09,29,015,67,22,45,31,5,26,36,17,19
09,29,016,1653,1290,363,81,45,36,1572,1245,327
09,29,019,70,43,27,0,0,0,70,43,27
09,29,020,23,13,10,1,1,0,22,12,10
09,29,021,43,7,36,0,0,0,43,7,36
09,29,022,112452,58678,53774,60573,31763,28810,51879,26915,24964
09,29,028,3,1,2,0,0,0,3,1,2
09,29,040,23,14,9,5,5,0,18,9,9
09,29,110,2,1,1,0,0,0,2,1,1
09,29,123,61,31,30,24,13,11,37,18,19
09,30,001,1,0,1,1,0,1,0,0,0
09,30,002,50,30,20,15,6,9,35,24,11
09,30,005,17,7,10,1,0,1,16,7,9
09,30,006,1285145,689592,595553,1109142,596516,512626,176003,93076,82927
09,30,007,1,1,0,0,0,0,1,1,0
09,30,011,7,2,5,0,0,0,7,2,5
09,30,013,13,9,4,1,1,0,12,8,4
09,30,014,1337,743,594,1148,649,499,189,94,95
09,30,015,5,0,5,4,0,4,1,0,1
09,30,016,114,74,40,39,33,6,75,41,34
09,30,019,8,8,0,0,0,0,8,8,0
09,30,020,3,1,2,0,0,0,3,1,2
09,30,021,6,3,3,0,0,0,6,3,3
09,30,022,102145,53662,48483,46533,24510,22023,55612,29152,26460
09,30,028,3,1,2,1,0,1,2,1,1
09,30,040,15,12,3,15,12,3,0,0,0
09,30,123,53,25,28,51,24,27,2,1,1
09,31,002,59,22,37,17,4,13,42,18,24
09,31,006,1291145,695759,595386,1022816,553277,469539,268329,142482,125847
09,31,010,1,0,1,0,0,0,1,0,1
09,31,011,39,23,16,0,0,0,39,23,16
09,31,013,44,23,21,1,0,1,43,23,20
09,31,014,3419,1768,1651,2902,1495,1407,517,273,244
09,31,016,411,208,203,94,47,47,317,161,156
09,31,017,1,1,0,1,1,0,0,0,0
09,31,019,243,121,122,1,1,0,242,120,122
09,31,020,143,78,65,22,13,9,121,65,56
09,31,022,43196,22651,20545,4853,2552,2301,38343,20099,18244
09,31,028,13,7,6,13,7,6,0,0,0
09,31,040,12,9,3,5,3,2,7,6,1
09,31,090,64,39,25,64,39,25,0,0,0
09,31,123,81,40,41,0,0,0,81,40,41
09,32,001,26,15,11,26,15,11,0,0,0
09,32,002,264,128,136,237,116,121,27,12,15
09,32,004,3,2,1,3,2,1,0,0,0
09,32,005,10,3,7,8,3,5,2,0,2
09,32,006,1145242,617196,528046,989694,534715,454979,155548,82481,73067
09,32,007,9,5,4,9,5,4,0,0,0
09,32,008,5,2,3,5,2,3,0,0,0
09,32,009,4,2,2,4,2,2,0,0,0
09,32,010,2,1,1,2,1,1,0,0,0
09,32,011,105,55,50,100,54,46,5,1,4
09,32,013,61,31,30,55,26,29,6,5,1
09,32,014,4034,2327,1707,3311,1924,1387,723,403,320
09,32,015,33,18,15,33,18,15,0,0,0
09,32,016,255,123,132,106,50,56,149,73,76
09,32,020,110,61,49,110,61,49,0,0,0
09,32,021,120,58,62,119,57,62,1,1,0
09,32,022,29627,15692,13935,17139,9055,8084,12488,6637,5851
09,32,028,1,0,1,1,0,1,0,0,0
09,32,040,36,22,14,34,22,12,2,0,2
09,32,055,2,1,1,2,1,1,0,0,0
09,32,123,44,20,24,28,13,15,16,7,9
09,33,002,602,294,308,571,274,297,31,20,11
09,33,006,1545224,834757,710467,1439965,778371,661594,105259,56386,48873
09,33,007,4,3,1,4,3,1,0,0,0
09,33,010,1,1,0,1,1,0,0,0,0
09,33,011,2,1,1,2,1,1,0,0,0
09,33,013,3,2,1,0,0,0,3,2,1
09,33,014,129,68,61,123,65,58,6,3,3
09,33,016,18,11,7,9,5,4,9,6,3
09,33,020,15,9,6,14,8,6,1,1,0
09,33,021,1,1,0,1,1,0,0,0,0
09,33,022,16977,9002,7975,14723,7812,6911,2254,1190,1064
09,33,028,209,110,99,5,3,2,204,107,97
09,33,040,105,58,47,105,58,47,0,0,0
09,33,123,46,22,24,46,22,24,0,0,0
09,34,001,82,47,35,0,0,0,82,47,35
09,34,002,8044,4136,3908,1059,528,531,6985,3608,3377
09,34,003,4,3,1,0,0,0,4,3,1
09,34,004,76,63,13,6,6,0,70,57,13
09,34,005,465,267,198,11,7,4,454,260,194
09,34,006,3740918,2020847,1720071,1359628,732369,627259,2381290,1288478,1092812
09,34,007,126,80,46,0,0,0,126,80,46
09,34,008,66,33,33,0,0,0,66,33,33
09,34,009,30,18,12,0,0,0,30,18,12
09,34,010,273,157,116,0,0,0,273,157,116
09,34,011,1140,545,595,11,6,5,1129,539,590
09,34,012,9,7,2,0,0,0,9,7,2
09,34,013,673,351,322,1,1,0,672,350,322
09,34,014,2012,1271,741,94,79,15,1918,1192,726
09,34,015,473,305,168,0,0,0,473,305,168
09,34,016,28932,15306,13626,68,40,28,28864,15266,13598
09,34,017,14,9,5,0,0,0,14,9,5
09,34,019,7801,3922,3879,4,3,1,7797,3919,3878
09,34,020,555,319,236,1,1,0,554,318,236
09,34,021,581,385,196,1,1,0,580,384,196
09,34,022,373603,198049,175554,9535,4995,4540,364068,193054,171014
09,34,028,144,75,69,1,1,0,143,74,69
09,34,030,1,0,1,0,0,0,1,0,1
09,34,031,2,1,1,0,0,0,2,1,1
09,34,040,1238,637,601,8,3,5,1230,634,596
09,34,044,91,50,41,0,0,0,91,50,41
09,34,072,5,0,5,0,0,0,5,0,5
09,34,082,17,8,9,0,0,0,17,8,9
09,34,090,32,15,17,32,15,17,0,0,0
09,34,092,2,1,1,0,0,0,2,1,1
09,34,098,13,8,5,0,0,0,13,8,5
09,34,116,4,1,3,0,0,0,4,1,3
09,34,123,573,300,273,28,17,11,545,283,262
09,35,002,51,32,19,0,0,0,51,32,19
09,35,005,7,3,4,1,1,0,6,2,4
09,35,006,1393376,754580,638796,1099516,596827,502689,293860,157753,136107
09,35,011,6,2,4,0,0,0,6,2,4
09,35,013,45,20,25,13,7,6,32,13,19
09,35,014,2613,1374,1239,2052,1071,981,561,303,258
09,35,015,1,0,1,0,0,0,1,0,1
09,35,016,93,55,38,1,1,0,92,54,38
09,35,017,1,1,0,1,1,0,0,0,0
09,35,019,571,286,285,0,0,0,571,286,285
09,35,020,61,42,19,60,41,19,1,1,0
09,35,021,14,8,6,0,0,0,14,8,6
09,35,022,57500,30175,27325,12275,6339,5936,45225,23836,21389
09,35,028,2,2,0,2,2,0,0,0,0
09,35,040,97,53,44,4,4,0,93,49,44
09,35,044,1,1,0,0,0,0,1,1,0
09,35,068,3,3,0,0,0,0,3,3,0
09,35,123,10,4,6,1,1,0,9,3,6
09,36,001,259,198,61,0,0,0,259,198,61
09,36,002,1234,770,464,85,51,34,1149,719,430
09,36,004,264,197,67,0,0,0,264,197,67
09,36,005,468,263,205,2,1,1,466,262,204
09,36,006,1706757,911689,795068,1031785,551650,480135,674972,360039,314933
09,36,007,387,235,152,147,75,72,240,160,80
09,36,008,4,2,2,3,1,2,1,1,0
09,36,009,6,6,0,1,1,0,5,5,0
09,36,010,16,9,7,0,0,0,16,9,7
09,36,011,1266,790,476,10,3,7,1256,787,469
09,36,012,24,19,5,0,0,0,24,19,5
09,36,013,1844,1095,749,33,19,14,1811,1076,735
09,36,014,616,341,275,353,192,161,263,149,114
09,36,015,370,233,137,21,2,19,349,231,118
09,36,016,3037,1908,1129,32,17,15,3005,1891,1114
09,36,017,6,2,4,0,0,0,6,2,4
09,36,018,2,1,1,0,0,0,2,1,1
09,36,019,890,443,447,0,0,0,890,443,447
09,36,020,1221,808,413,91,49,42,1130,759,371
09,36,021,645,396,249,19,10,9,626,386,240
09,36,022,24393,12767,11626,353,178,175,24040,12589,11451
09,36,028,3,3,0,0,0,0,3,3,0
09,36,030,5,2,3,0,0,0,5,2,3
09,36,038,1,0,1,0,0,0,1,0,1
09,36,040,845,427,418,106,57,49,739,370,369
09,36,044,1,1,0,0,0,0,1,1,0
09,36,053,2,1,1,0,0,0,2,1,1
09,36,072,14,5,9,0,0,0,14,5,9
09,36,083,3,0,3,0,0,0,3,0,3
09,36,113,1,1,0,0,0,0,1,1,0
09,36,116,1,1,0,0,0,0,1,1,0
09,36,123,346,205,141,130,73,57,216,132,84
09,37,001,19,10,9,19,10,9,0,0,0
09,37,002,236,136,100,218,124,94,18,12,6
09,37,004,15,7,8,15,7,8,0,0,0
09,37,005,60,37,23,34,22,12,26,15,11
09,37,006,967547,513964,453583,833785,443442,390343,133762,70522,63240
09,37,007,90,62,28,89,62,27,1,0,1
09,37,010,9,6,3,9,6,3,0,0,0
09,37,011,200,128,72,178,117,61,22,11,11
09,37,013,205,107,98,158,84,74,47,23,24
09,37,014,131,81,50,107,63,44,24,18,6
09,37,015,31,16,15,26,13,13,5,3,2
09,37,016,350,196,154,170,101,69,180,95,85
09,37,017,1,0,1,1,0,1,0,0,0
09,37,018,1,0,1,0,0,0,1,0,1
09,37,019,67,33,34,0,0,0,67,33,34
09,37,020,462,308,154,428,286,142,34,22,12
09,37,021,172,110,62,171,110,61,1,0,1
09,37,022,7989,4120,3869,260,143,117,7729,3977,3752
09,37,040,39,18,21,38,18,20,1,0,1
09,37,123,110,74,36,84,57,27,26,17,9
09,38,002,24,16,8,13,8,5,11,8,3
09,38,006,1016616,549380,467236,857158,463420,393738,159458,85960,73498
09,38,011,7,4,3,0,0,0,7,4,3
09,38,013,15,5,10,2,0,2,13,5,8
09,38,014,5266,2849,2417,4472,2411,2061,794,438,356
09,38,016,67,29,38,5,2,3,62,27,35
09,38,017,5,2,3,0,0,0,5,2,3
09,38,020,2,2,0,2,2,0,0,0,0
09,38,022,21686,11494,10192,8236,4441,3795,13450,7053,6397
09,38,040,3,1,2,3,1,2,0,0,0
09,38,123,33,19,14,25,13,12,8,6,2
09,39,002,35,22,13,11,5,6,24,17,7
09,39,006,699611,374984,324627,551708,296184,255524,147903,78800,69103
09,39,011,16,7,9,6,3,3,10,4,6
09,39,013,19,10,9,2,0,2,17,10,7
09,39,014,870,484,386,694,392,302,176,92,84
09,39,015,5,1,4,1,0,1,4,1,3
09,39,016,156,83,73,13,7,6,143,76,67
09,39,019,32,18,14,0,0,0,32,18,14
09,39,020,154,85,69,149,83,66,5,2,3
09,39,021,17,12,5,4,2,2,13,10,3
09,39,022,7511,3977,3534,948,529,419,6563,3448,3115
09,39,040,3,0,3,0,0,0,3,0,3
09,39,115,1,0,1,0,0,0,1,0,1
09,39,123,17,8,9,16,8,8,1,0,1
09,40,002,33,19,14,9,7,2,24,12,12
09,40,005,56,29,27,31,15,16,25,14,11
09,40,006,1496053,804319,691734,1271950,683274,588676,224103,121045,103058
09,40,007,7,1,6,7,1,6,0,0,0
09,40,008,2,2,0,2,2,0,0,0,0
09,40,011,19,9,10,2,0,2,17,9,8
09,40,013,65,38,27,2,0,2,63,38,25
09,40,014,5711,3236,2475,4859,2778,2081,852,458,394
09,40,015,5,1,4,4,0,4,1,1,0
09,40,016,130,71,59,3,3,0,127,68,59
09,40,017,3,2,1,3,2,1,0,0,0
09,40,018,1,0,1,1,0,1,0,0,0
09,40,019,557,302,255,0,0,0,557,302,255
09,40,020,8,4,4,1,1,0,7,3,4
09,40,022,34610,18473,16137,16421,8893,7528,18189,9580,8609
09,40,040,11,7,4,1,1,0,10,6,4
09,40,123,63,31,32,20,12,8,43,19,24
09,41,001,6,2,4,0,0,0,6,2,4
09,41,002,21,9,12,15,6,9,6,3,3
09,41,005,32,16,16,32,16,16,0,0,0
09,41,006,758620,405066,353554,684819,365591,319228,73801,39475,34326
09,41,011,4,1,3,4,1,3,0,0,0
09,41,013,16,7,9,0,0,0,16,7,9
09,41,014,4082,2238,1844,3255,1824,1431,827,414,413
09,41,015,4,1,3,4,1,3,0,0,0
09,41,016,1,1,0,1,1,0,0,0,0
09,41,017,6,4,2,2,1,1,4,3,1
09,41,019,3,1,2,2,1,1,1,0,1
09,41,020,92,50,42,91,49,42,1,1,0
09,41,022,3312,1764,1548,1426,801,625,1886,963,923
09,41,040,12,9,3,5,3,2,7,6,1
09,41,123,14,9,5,9,5,4,5,4,1
09,42,002,82,43,39,19,9,10,63,34,29
09,42,005,5,4,1,5,4,1,0,0,0
09,42,006,2196752,1161828,1034924,2001799,1058598,943201,194953,103230,91723
09,42,007,1,1,0,0,0,0,1,1,0
09,42,011,30,11,19,3,2,1,27,9,18
09,42,013,43,17,26,43,17,26,0,0,0
09,42,014,9878,5552,4326,9241,5182,4059,637,370,267
09,42,016,230,123,107,1,1,0,229,122,107
09,42,017,18,8,10,0,0,0,18,8,10
09,42,020,9,8,1,0,0,0,9,8,1
09,42,021,10,4,6,0,0,0,10,4,6
09,42,022,101225,51950,49275,59441,30486,28955,41784,21464,20320
09,42,028,9,5,4,7,4,3,2,1,1
09,42,040,74,36,38,61,30,31,13,6,7
09,42,123,18,12,6,14,10,4,4,2,2
09,43,001,2,1,1,2,1,1,0,0,0
09,43,002,683,355,328,414,208,206,269,147,122
09,43,005,20,5,15,15,4,11,5,1,4
09,43,006,2608664,1301591,1307073,2488542,1238742,1249800,120122,62849,57273
09,43,007,22,9,13,22,9,13,0,0,0
09,43,011,43,9,34,18,6,12,25,3,22
09,43,013,54,29,25,10,4,6,44,25,19
09,43,014,15020,7730,7290,14676,7540,7136,344,190,154
09,43,015,422,214,208,422,214,208,0,0,0
09,43,016,1452,773,679,46,21,25,1406,752,654
09,43,017,1,1,0,1,1,0,0,0,0
09,43,018,8,3,5,8,3,5,0,0,0
09,43,019,86,41,45,0,0,0,86,41,45
09,43,020,11,7,4,11,7,4,0,0,0
09,43,021,7,3,4,3,2,1,4,1,3
09,43,022,104458,52061,52397,82247,40884,41363,22211,11177,11034
09,43,028,24,9,15,18,5,13,6,4,2
09,43,030,3,0,3,0,0,0,3,0,3
09,43,040,40,24,16,12,8,4,28,16,12
09,43,123,154,83,71,152,82,70,2,1,1
09,44,002,51,22,29,22,8,14,29,14,15
09,44,006,1249375,659337,590038,1169291,617096,552195,80084,42241,37843
09,44,011,3,1,2,2,1,1,1,0,1
09,44,013,1,0,1,1,0,1,0,0,0
09,44,014,5639,2975,2664,5341,2822,2519,298,153,145
09,44,015,78,44,34,78,44,34,0,0,0
09,44,016,3,2,1,0,0,0,3,2,1
09,44,017,5,2,3,5,2,3,0,0,0
09,44,020,2,2,0,2,2,0,0,0,0
09,44,022,37954,19884,18070,26593,14046,12547,11361,5838,5523
09,44,028,2,1,1,2,1,1,0,0,0
09,44,040,17,8,9,12,5,7,5,3,2
09,44,123,24,12,12,20,10,10,4,2,2
09,45,001,28,15,13,10,7,3,18,8,10
09,45,002,5316,2676,2640,391,217,174,4925,2459,2466
09,45,003,1,1,0,0,0,0,1,1,0
09,45,004,8,5,3,2,2,0,6,3,3
09,45,005,90,47,43,18,9,9,72,38,34
09,45,006,4714257,2509465,2204792,3662829,1927301,1735528,1051428,582164,469264
09,45,007,66,40,26,16,11,5,50,29,21
09,45,008,41,24,17,11,7,4,30,17,13
09,45,009,10,6,4,1,0,1,9,6,3
09,45,010,69,35,34,18,9,9,51,26,25
09,45,011,557,176,381,84,51,33,473,125,348
09,45,012,1,1,0,0,0,0,1,1,0
09,45,013,341,179,162,160,82,78,181,97,84
09,45,014,883,490,393,481,266,215,402,224,178
09,45,015,148,84,64,79,45,34,69,39,30
09,45,016,2669,1377,1292,210,120,90,2459,1257,1202
09,45,017,49,37,12,24,15,9,25,22,3
09,45,018,5,3,2,5,3,2,0,0,0
09,45,019,748,390,358,6,2,4,742,388,354
09,45,020,178,111,67,88,61,27,90,50,40
09,45,021,121,74,47,51,37,14,70,37,33
09,45,022,209035,110416,98619,64216,33850,30366,144819,76566,68253
09,45,028,348,186,162,282,148,134,66,38,28
09,45,033,2,2,0,2,2,0,0,0,0
09,45,037,1,1,0,1,1,0,0,0,0
09,45,040,952,508,444,294,152,142,658,356,302
09,45,044,2,1,1,0,0,0,2,1,1
09,45,051,1,0,1,0,0,0,1,0,1
09,45,053,1,1,0,1,1,0,0,0,0
09,45,072,1,1,0,0,0,0,1,1,0
09,45,090,6,3,3,0,0,0,6,3,3
09,45,098,3,1,2,0,0,0,3,1,2
09,45,116,1,1,0,0,0,0,1,1,0
09,45,123,166,91,75,40,26,14,126,65,61
09,46,002,124,64,60,48,26,22,76,38,38
09,46,004,1,1,0,0,0,0,1,1,0
09,46,005,1,0,1,1,0,1,0,0,0
09,46,006,2439956,1295073,1144883,2291565,1216457,1075108,148391,78616,69775
09,46,007,4,1,3,0,0,0,4,1,3
09,46,008,4,2,2,4,2,2,0,0,0
09,46,010,17,7,10,4,2,2,13,5,8
09,46,011,25,13,12,1,0,1,24,13,11
09,46,013,11,7,4,5,3,2,6,4,2
09,46,014,159,94,65,92,53,39,67,41,26
09,46,015,148,72,76,136,66,70,12,6,6
09,46,016,1087,563,524,676,345,331,411,218,193
09,46,017,43,24,19,43,24,19,0,0,0
09,46,018,1,0,1,0,0,0,1,0,1
09,46,019,9,7,2,0,0,0,9,7,2
09,46,020,28,16,12,6,4,2,22,12,10
09,46,021,79,42,37,0,0,0,79,42,37
09,46,022,231699,120830,110869,132096,68855,63241,99603,51975,47628
09,46,028,60,31,29,45,23,22,15,8,7
09,46,040,16,13,3,12,11,1,4,2,2
09,46,123,109,61,48,102,57,45,7,4,3
09,47,001,146,113,33,3,2,1,143,111,32
09,47,002,476,250,226,193,102,91,283,148,135
09,47,003,17,14,3,0,0,0,17,14,3
09,47,004,2422,2270,152,14,10,4,2408,2260,148
09,47,005,90,56,34,23,10,13,67,46,21
09,47,006,1938109,998809,939300,1721537,881501,840036,216572,117308,99264
09,47,007,20,15,5,14,11,3,6,4,2
09,47,009,3,3,0,0,0,0,3,3,0
09,47,010,100,53,47,46,24,22,54,29,25
09,47,011,49,31,18,8,4,4,41,27,14
09,47,012,67,55,12,1,1,0,66,54,12
09,47,013,119,70,49,36,15,21,83,55,28
09,47,014,7365,4000,3365,6525,3497,3028,840,503,337
09,47,015,1479,770,709,1401,715,686,78,55,23
09,47,016,1824,1007,817,100,54,46,1724,953,771
09,47,017,13,5,8,9,5,4,4,0,4
09,47,018,1,1,0,1,1,0,0,0,0
09,47,019,3082,1503,1579,7,6,1,3075,1497,1578
09,47,020,49,29,20,21,9,12,28,20,8
09,47,021,65,36,29,23,15,8,42,21,21
09,47,022,132256,67677,64579,76950,39092,37858,55306,28585,26721
09,47,025,4,3,1,0,0,0,4,3,1
09,47,027,7,6,1,0,0,0,7,6,1
09,47,028,143,71,72,118,58,60,25,13,12
09,47,033,4,3,1,0,0,0,4,3,1
09,47,040,42,24,18,16,9,7,26,15,11
09,47,043,9,9,0,0,0,0,9,9,0
09,47,054,1,1,0,0,0,0,1,1,0
09,47,062,7,2,5,7,2,5,0,0,0
09,47,064,1,0,1,0,0,0,1,0,1
09,47,071,22,21,1,0,0,0,22,21,1
09,47,072,110,66,44,59,31,28,51,35,16
09,47,082,60,58,2,1,1,0,59,57,2
09,47,087,2,2,0,0,0,0,2,2,0
09,47,090,61,52,9,0,0,0,61,52,9
09,47,094,1,1,0,0,0,0,1,1,0
09,47,095,12,6,6,0,0,0,12,6,6
09,47,104,1,1,0,0,0,0,1,1,0
09,47,113,1,1,0,0,0,0,1,1,0
09,47,115,1,1,0,0,0,0,1,1,0
09,47,117,1,1,0,0,0,0,1,1,0
09,47,123,686,376,310,542,268,274,144,108,36
09,48,002,162,80,82,110,57,53,52,23,29
09,48,005,2,0,2,1,0,1,1,0,1
09,48,006,1835445,927172,908273,1751356,883220,868136,84089,43952,40137
09,48,011,25,15,10,1,0,1,24,15,9
09,48,013,17,8,9,13,5,8,4,3,1
09,48,014,261,137,124,250,132,118,11,5,6
09,48,015,1314,670,644,1314,670,644,0,0,0
09,48,016,419,226,193,108,52,56,311,174,137
09,48,017,1,1,0,1,1,0,0,0,0
09,48,018,33,28,5,33,28,5,0,0,0
09,48,019,3,3,0,2,2,0,1,1,0
09,48,020,154,95,59,144,88,56,10,7,3
09,48,021,8,5,3,4,2,2,4,3,1
09,48,022,187353,95676,91677,90790,45762,45028,96563,49914,46649
09,48,023,2,2,0,2,2,0,0,0,0
09,48,028,1531,764,767,1521,758,763,10,6,4
09,48,040,31,10,21,18,6,12,13,4,9
09,48,072,17,8,9,17,8,9,0,0,0
09,48,090,11,7,4,11,7,4,0,0,0
09,48,091,4,1,3,4,1,3,0,0,0
09,48,123,83,45,38,83,45,38,0,0,0
09,49,001,36,15,21,1,0,1,35,15,20
09,49,002,450,222,228,332,156,176,118,66,52
09,49,004,4,1,3,0,0,0,4,1,3
09,49,005,2,1,1,2,1,1,0,0,0
09,49,006,3056053,1543634,1512419,2929872,1476788,1453084,126181,66846,59335
09,49,007,5,3,2,4,2,2,1,1,0
09,49,009,8,6,2,6,5,1,2,1,1
09,49,010,15,8,7,15,8,7,0,0,0
09,49,011,140,61,79,90,39,51,50,22,28
09,49,013,49,24,25,18,7,11,31,17,14
09,49,014,283,141,142,262,135,127,21,6,15
09,49,015,942,497,445,936,493,443,6,4,2
09,49,016,1212,612,600,159,71,88,1053,541,512
09,49,017,175,100,75,157,94,63,18,6,12
09,49,018,1,1,0,1,1,0,0,0,0
09,49,019,204,99,105,189,92,97,15,7,8
09,49,020,23,11,12,13,6,7,10,5,5
09,49,021,30,18,12,12,8,4,18,10,8
09,49,022,154735,78138,76597,130142,65272,64870,24593,12866,11727
09,49,028,98,42,56,98,42,56,0,0,0
09,49,040,272,145,127,174,93,81,98,52,46
09,49,062,1,0,1,1,0,1,0,0,0
09,49,072,51,24,27,51,24,27,0,0,0
09,49,093,4,1,3,4,1,3,0,0,0
09,49,123,39,15,24,35,13,22,4,2,2
09,50,002,787,408,379,746,382,364,41,26,15
09,50,005,391,221,170,391,221,170,0,0,0
09,50,006,2036132,1092823,943309,1918228,1030266,887962,117904,62557,55347
09,50,007,4,3,1,4,3,1,0,0,0
09,50,011,15,5,10,5,1,4,10,4,6
09,50,012,1,1,0,0,0,0,1,1,0
09,50,013,19,12,7,3,1,2,16,11,5
09,50,014,7708,4151,3557,7478,4022,3456,230,129,101
09,50,015,11,6,5,8,5,3,3,1,2
09,50,016,2612,1374,1238,2052,1105,947,560,269,291
09,50,017,26,16,10,26,16,10,0,0,0
09,50,018,17,9,8,17,9,8,0,0,0
09,50,019,22,11,11,3,1,2,19,10,9
09,50,020,117,63,54,100,53,47,17,10,7
09,50,022,333020,176137,156883,213854,112897,100957,119166,63240,55926
09,50,028,22,13,9,21,13,8,1,0,1
09,50,040,50,27,23,24,15,9,26,12,14
09,50,044,58,40,18,58,40,18,0,0,0
09,50,113,17,9,8,17,9,8,0,0,0
09,50,123,43,22,21,39,21,18,4,1,3
09,51,002,2475,1279,1196,2475,1279,1196,0,0,0
09,51,005,1,0,1,1,0,1,0,0,0
09,51,006,1116002,600258,515744,1090719,586944,503775,25283,13314,11969
09,51,011,5,3,2,5,3,2,0,0,0
09,51,013,1,0,1,1,0,1,0,0,0
09,51,014,2889,1587,1302,2836,1555,1281,53,32,21
09,51,016,152,78,74,152,78,74,0,0,0
09,51,017,1,1,0,1,1,0,0,0,0
09,51,020,1,0,1,1,0,1,0,0,0
09,51,021,2,0,2,2,0,2,0,0,0
09,51,022,54542,28553,25989,46533,24384,22149,8009,4169,3840
09,51,028,97,49,48,97,49,48,0,0,0
09,51,040,46,23,23,45,22,23,1,1,0
09,51,044,3,1,2,3,1,2,0,0,0
09,51,075,2,1,1,2,1,1,0,0,0
09,51,123,172,83,89,162,79,83,10,4,6
09,52,002,182,80,102,158,68,90,24,12,12
09,52,006,1542838,816904,725934,1430585,757809,672776,112253,59095,53158
09,52,007,4,1,3,0,0,0,4,1,3
09,52,011,12,2,10,3,0,3,9,2,7
09,52,013,15,5,10,11,3,8,4,2,2
09,52,014,534,266,268,509,254,255,25,12,13
09,52,015,2,1,1,2,1,1,0,0,0
09,52,016,153,73,80,4,1,3,149,72,77
09,52,017,1,0,1,0,0,0,1,0,1
09,52,019,1,1,0,0,0,0,1,1,0
09,52,020,24,15,9,19,12,7,5,3,2
09,52,021,4,2,2,1,0,1,3,2,1
09,52,022,138333,70460,67873,115291,58313,56978,23042,12147,10895
09,52,028,23,8,15,23,8,15,0,0,0
09,52,040,10,8,2,5,4,1,5,4,1
09,52,044,75,43,32,75,43,32,0,0,0
09,52,065,1,0,1,1,0,1,0,0,0
09,52,072,3,0,3,0,0,0,3,0,3
09,52,091,1,0,1,0,0,0,1,0,1
09,52,123,134,70,64,83,45,38,51,25,26
09,53,001,6,1,5,5,0,5,1,1,0
09,53,002,531,261,270,333,156,177,198,105,93
09,53,004,1,1,0,0,0,0,1,1,0
09,53,005,23,14,9,23,14,9,0,0,0
09,53,006,2618628,1373698,1244930,2472030,1294938,1177092,146598,78760,67838
09,53,008,18,8,10,4,1,3,14,7,7
09,53,009,1,1,0,0,0,0,1,1,0
09,53,010,3,0,3,1,0,1,2,0,2
09,53,011,36,15,21,2,1,1,34,14,20
09,53,012,1,1,0,0,0,0,1,1,0
09,53,013,30,14,16,12,3,9,18,11,7
09,53,014,4308,2332,1976,4014,2155,1859,294,177,117
09,53,015,223,124,99,215,119,96,8,5,3
09,53,016,984,528,456,464,246,218,520,282,238
09,53,017,9,4,5,7,4,3,2,0,2
09,53,018,5,5,0,5,5,0,0,0,0
09,53,019,197,98,99,2,2,0,195,96,99
09,53,020,14,8,6,2,1,1,12,7,5
09,53,021,6,5,1,0,0,0,6,5,1
09,53,022,138957,73144,65813,92592,47553,45039,46365,25591,20774
09,53,023,1,1,0,1,1,0,0,0,0
09,53,028,161,82,79,160,82,78,1,0,1
09,53,040,103,56,47,84,45,39,19,11,8
09,53,044,1062,550,512,1051,539,512,11,11,0
09,53,072,65,37,28,57,32,25,8,5,3
09,53,090,19,12,7,19,12,7,0,0,0
09,53,091,24,10,14,24,10,14,0,0,0
09,53,123,170,91,79,160,85,75,10,6,4
09,54,001,2,0,2,2,0,2,0,0,0
09,54,002,94,38,56,92,37,55,2,1,1
09,54,005,18,6,12,1,0,1,17,6,11
09,54,006,1843017,947841,895176,1778862,914208,864654,64155,33633,30522
09,54,010,27,27,0,27,27,0,0,0,0
09,54,011,11,8,3,11,8,3,0,0,0
09,54,013,13,4,9,11,4,7,2,0,2
09,54,014,396,204,192,369,190,179,27,14,13
09,54,015,111,56,55,111,56,55,0,0,0
09,54,016,158,86,72,87,50,37,71,36,35
09,54,017,9,8,1,7,6,1,2,2,0
09,54,019,7,6,1,4,3,1,3,3,0
09,54,020,13,1,12,13,1,12,0,0,0
09,54,021,1,0,1,1,0,1,0,0,0
09,54,022,196006,98763,97243,182505,91705,90800,13501,7058,6443
09,54,028,101,62,39,81,52,29,20,10,10
09,54,040,4,2,2,4,2,2,0,0,0
09,54,072,1,1,0,1,1,0,0,0,0
09,54,091,12,8,4,12,8,4,0,0,0
09,54,123,84,44,40,83,43,40,1,1,0
09,55,001,2,0,2,2,0,2,0,0,0
09,55,002,80,37,43,64,27,37,16,10,6
09,55,005,2,0,2,2,0,2,0,0,0
09,55,006,2008251,1036583,971668,1907739,983446,924293,100512,53137,47375
09,55,010,28,21,7,28,21,7,0,0,0
09,55,011,31,14,17,26,14,12,5,0,5
09,55,013,10,3,7,8,2,6,2,1,1
09,55,014,201,126,75,194,123,71,7,3,4
09,55,015,535,291,244,535,291,244,0,0,0
09,55,016,557,282,275,289,150,139,268,132,136
09,55,017,1,1,0,1,1,0,0,0,0
09,55,019,159,82,77,86,46,40,73,36,37
09,55,020,7,4,3,6,3,3,1,1,0
09,55,022,74683,38190,36493,59591,30074,29517,15092,8116,6976
09,55,028,7,4,3,3,3,0,4,1,3
09,55,040,152,82,70,147,79,68,5,3,2
09,55,044,2,2,0,2,2,0,0,0,0
09,55,072,4,2,2,4,2,2,0,0,0
09,55,091,6,3,3,6,3,3,0,0,0
09,55,121,1,1,0,1,1,0,0,0,0
09,55,123,95,37,58,95,37,58,0,0,0
09,56,001,5,3,2,5,3,2,0,0,0
09,56,002,94,46,48,79,40,39,15,6,9
09,56,006,1201061,609650,591411,1131093,572826,558267,69968,36824,33144
09,56,007,1,0,1,1,0,1,0,0,0
09,56,010,45,30,15,45,30,15,0,0,0
09,56,011,2,0,2,2,0,2,0,0,0
09,56,013,39,18,21,23,10,13,16,8,8
09,56,014,495,244,251,469,225,244,26,19,7
09,56,015,41,23,18,41,23,18,0,0,0
09,56,016,53,25,28,3,1,2,50,24,26
09,56,019,3,2,1,0,0,0,3,2,1
09,56,020,16,6,10,16,6,10,0,0,0
09,56,022,218104,109279,108825,187631,93444,94187,30473,15835,14638
09,56,028,76,48,28,76,48,28,0,0,0
09,56,040,101,46,55,101,46,55,0,0,0
09,56,123,90,45,45,90,45,45,0,0,0
09,57,002,165,105,60,120,79,41,45,26,19
09,57,005,60,36,24,56,32,24,4,4,0
09,57,006,2127695,1100577,1027118,2021932,1045255,976677,105763,55322,50441
09,57,007,159,81,78,144,71,73,15,10,5
09,57,011,28,8,20,11,4,7,17,4,13
09,57,013,2,1,1,2,1,1,0,0,0
09,57,014,4129,2092,2037,3490,1764,1726,639,328,311
09,57,015,8,3,5,7,3,4,1,0,1
09,57,016,497,249,248,20,11,9,477,238,239
09,57,017,1,0,1,1,0,1,0,0,0
09,57,019,93,51,42,1,0,1,92,51,41
09,57,020,123,71,52,116,69,47,7,2,5
09,57,021,7,6,1,0,0,0,7,6,1
09,57,022,40678,20879,19799,37154,19041,18113,3524,1838,1686
09,57,028,77,43,34,76,43,33,1,0,1
09,57,040,25,20,5,22,18,4,3,2,1
09,57,123,131,68,63,126,66,60,5,2,3
09,58,001,43,21,22,17,4,13,26,17,9
09,58,002,2012,997,1015,270,124,146,1742,873,869
09,58,003,3,2,1,0,0,0,3,2,1
09,58,004,21,15,6,0,0,0,21,15,6
09,58,005,219,110,109,3,0,3,216,110,106
09,58,006,3632280,1851535,1780745,2997708,1515601,1482107,634572,335934,298638
09,58,007,27,18,9,0,0,0,27,18,9
09,58,008,16,9,7,0,0,0,16,9,7
09,58,009,5,4,1,0,0,0,5,4,1
09,58,010,320,155,165,48,22,26,272,133,139
09,58,011,292,184,108,17,4,13,275,180,95
09,58,012,9,4,5,3,1,2,6,3,3
09,58,013,186,98,88,38,17,21,148,81,67
09,58,014,7679,4129,3550,4495,2355,2140,3184,1774,1410
09,58,015,355,224,131,99,49,50,256,175,81
09,58,016,2000,982,1018,233,124,109,1767,858,909
09,58,017,1008,501,507,708,348,360,300,153,147
09,58,018,10,4,6,0,0,0,10,4,6
09,58,019,1175,595,580,19,7,12,1156,588,568
09,58,020,223,141,82,28,21,7,195,120,75
09,58,021,128,91,37,0,0,0,128,91,37
09,58,022,120387,62834,57553,26298,13624,12674,94089,49210,44879
09,58,028,108,59,49,93,51,42,15,8,7
09,58,030,7,3,4,4,1,3,3,2,1
09,58,037,2,1,1,0,0,0,2,1,1
09,58,040,122,71,51,44,28,16,78,43,35
09,58,054,15,7,8,6,3,3,9,4,5
09,58,055,1,1,0,0,0,0,1,1,0
09,58,072,336,161,175,319,155,164,17,6,11
09,58,082,2,2,0,0,0,0,2,2,0
09,58,090,1,1,0,1,1,0,0,0,0
09,58,091,29,15,14,29,15,14,0,0,0
09,58,097,1,0,1,1,0,1,0,0,0
09,58,123,434,223,211,384,195,189,50,28,22
09,59,001,10,3,7,10,3,7,0,0,0
09,59,002,215,108,107,156,73,83,59,35,24
09,59,004,1,1,0,1,1,0,0,0,0
09,59,005,4,2,2,4,2,2,0,0,0
09,59,006,2841002,1446798,1394204,2717849,1382061,1335788,123153,64737,58416
09,59,007,2,0,2,2,0,2,0,0,0
09,59,010,17,10,7,15,10,5,2,0,2
09,59,011,32,2,30,32,2,30,0,0,0
09,59,012,3,1,2,2,1,1,1,0,1
09,59,013,10,5,5,4,1,3,6,4,2
09,59,014,3324,1756,1568,3208,1692,1516,116,64,52
09,59,015,115,58,57,115,58,57,0,0,0
09,59,016,303,138,165,252,116,136,51,22,29
09,59,017,53,26,27,53,26,27,0,0,0
09,59,018,37,20,17,37,20,17,0,0,0
09,59,019,170,99,71,163,95,68,7,4,3
09,59,020,21,11,10,16,9,7,5,2,3
09,59,021,8,5,3,0,0,0,8,5,3
09,59,022,46852,24092,22760,37756,19326,18430,9096,4766,4330
09,59,028,49,21,28,49,21,28,0,0,0
09,59,040,58,38,20,55,36,19,3,2,1
09,59,072,350,153,197,350,153,197,0,0,0
09,59,075,4,1,3,0,0,0,4,1,3
09,59,090,12,8,4,12,8,4,0,0,0
09,59,091,93,57,36,89,55,34,4,2,2
09,59,123,451,224,227,443,218,225,8,6,2
09,60,001,1,0,1,0,0,0,1,0,1
09,60,002,215,130,85,112,55,57,103,75,28
09,60,005,11,5,6,1,1,0,10,4,6
09,60,006,2642551,1320134,1322417,2391151,1189140,1202011,251400,130994,120406
09,60,007,36,20,16,36,20,16,0,0,0
09,60,008,4,2,2,0,0,0,4,2,2
09,60,009,1,0,1,1,0,1,0,0,0
09,60,010,14,9,5,4,3,1,10,6,4
09,60,011,15,6,9,8,0,8,7,6,1
09,60,013,98,54,44,40,19,21,58,35,23
09,60,014,516,255,261,444,207,237,72,48,24
09,60,015,22,9,13,20,8,12,2,1,1
09,60,016,423,225,198,283,147,136,140,78,62
09,60,017,117,56,61,101,47,54,16,9,7
09,60,019,11,5,6,2,1,1,9,4,5
09,60,020,22,15,7,22,15,7,0,0,0
09,60,021,5,2,3,0,0,0,5,2,3
09,60,022,67357,33492,33865,50919,25005,25914,16438,8487,7951
09,60,028,183,94,89,181,92,89,2,2,0
09,60,040,29,16,13,17,9,8,12,7,5
09,60,043,1,1,0,1,1,0,0,0,0
09,60,051,6,3,3,6,3,3,0,0,0
09,60,072,388,192,196,388,192,196,0,0,0
09,60,123,624,298,326,608,292,316,16,6,10
09,61,001,6,0,6,6,0,6,0,0,0
09,61,002,211,112,99,152,84,68,59,28,31
09,61,005,102,58,44,0,0,0,102,58,44
09,61,006,3586934,1773239,1813695,3401969,1676522,1725447,184965,96717,88248
09,61,007,2,1,1,2,1,1,0,0,0
09,61,009,2,2,0,2,2,0,0,0,0
09,61,010,12,8,4,4,3,1,8,5,3
09,61,011,3,1,2,3,1,2,0,0,0
09,61,013,141,71,70,141,71,70,0,0,0
09,61,014,408,216,192,373,195,178,35,21,14
09,61,015,55,35,20,52,34,18,3,1,2
09,61,016,320,167,153,292,153,139,28,14,14
09,61,017,5,3,2,4,2,2,1,1,0
09,61,018,31,17,14,31,17,14,0,0,0
09,61,019,1,1,0,0,0,0,1,1,0
09,61,020,110,64,46,110,64,46,0,0,0
09,61,021,17,6,11,11,4,7,6,2,4
09,61,022,350851,176088,174763,238840,119105,119735,112011,56983,55028
09,61,028,276,133,143,244,114,130,32,19,13
09,61,040,61,29,32,56,26,30,5,3,2
09,61,054,5,0,5,5,0,5,0,0,0
09,61,072,166,75,91,166,75,91,0,0,0
09,61,090,26,14,12,26,14,12,0,0,0
09,61,091,87,39,48,42,21,21,45,18,27
09,61,123,84,36,48,84,36,48,0,0,0
09,62,001,4,2,2,2,0,2,2,2,0
09,62,002,166,112,54,70,43,27,96,69,27
09,62,005,105,53,52,1,0,1,104,53,51
09,62,006,1580059,793927,786132,1420829,710769,710060,159230,83158,76072
09,62,011,30,14,16,23,12,11,7,2,5
09,62,013,10,6,4,3,1,2,7,5,2
09,62,014,3968,2199,1769,3305,1825,1480,663,374,289
09,62,015,70,43,27,64,38,26,6,5,1
09,62,016,74,38,36,69,35,34,5,3,2
09,62,017,10,5,5,10,5,5,0,0,0
09,62,018,4,1,3,4,1,3,0,0,0
09,62,019,347,174,173,2,2,0,345,172,173
09,62,020,43,32,11,20,19,1,23,13,10
09,62,021,1,1,0,0,0,0,1,1,0
09,62,022,268671,136696,131975,68836,34631,34205,199835,102065,97770
09,62,028,59,25,34,47,20,27,12,5,7
09,62,032,2,2,0,2,2,0,0,0,0
09,62,040,116,55,61,111,51,60,5,4,1
09,62,072,6,3,3,6,3,3,0,0,0
09,62,123,252,135,117,224,119,105,28,16,12
09,63,002,109,61,48,46,21,25,63,40,23
09,63,005,7,4,3,0,0,0,7,4,3
09,63,006,2711703,1388047,1323656,2465577,1258930,1206647,246126,129117,117009
09,63,009,4,0,4,4,0,4,0,0,0
09,63,010,143,85,58,128,78,50,15,7,8
09,63,011,2,1,1,0,0,0,2,1,1
09,63,013,4,2,2,0,0,0,4,2,2
09,63,014,129,58,71,110,46,64,19,12,7
09,63,015,14,5,9,14,5,9,0,0,0
09,63,016,517,274,243,422,218,204,95,56,39
09,63,017,26,11,15,25,11,14,1,0,1
09,63,019,2,2,0,2,2,0,0,0,0
09,63,020,24,14,10,21,11,10,3,3,0
09,63,021,3,1,2,1,0,1,2,1,1
09,63,022,48807,25148,23659,25219,12736,12483,23588,12412,11176
09,63,028,4,3,1,4,3,1,0,0,0
09,63,040,18,11,7,5,2,3,13,9,4
09,63,072,5,1,4,0,0,0,5,1,4
09,63,115,1,1,0,0,0,0,1,1,0
09,63,123,98,45,53,98,45,53,0,0,0
09,64,002,231,127,104,136,78,58,95,49,46
09,64,005,11,7,4,5,3,2,6,4,2
09,64,006,3772534,1870833,1901701,3551625,1754758,1796867,220909,116075,104834
09,64,008,9,6,3,5,2,3,4,4,0
09,64,010,53,33,20,51,32,19,2,1,1
09,64,011,22,13,9,16,9,7,6,4,2
09,64,013,17,9,8,16,8,8,1,1,0
09,64,014,249,123,126,215,101,114,34,22,12
09,64,015,165,85,80,165,85,80,0,0,0
09,64,016,426,228,198,49,26,23,377,202,175
09,64,017,1,1,0,1,1,0,0,0,0
09,64,019,26,12,14,2,1,1,24,11,13
09,64,020,66,35,31,56,30,26,10,5,5
09,64,021,26,11,15,18,8,10,8,3,5
09,64,022,137219,70069,67150,69295,35168,34127,67924,34901,33023
09,64,028,20,8,12,20,8,12,0,0,0
09,64,040,184,89,95,181,88,93,3,1,2
09,64,044,80,44,36,80,44,36,0,0,0
09,64,065,41,22,19,41,22,19,0,0,0
09,64,072,77,40,37,77,40,37,0,0,0
09,64,090,53,25,28,53,25,28,0,0,0
09,64,091,13,3,10,13,3,10,0,0,0
09,64,123,156,80,76,148,79,69,8,1,7
09,65,001,4,0,4,4,0,4,0,0,0
09,65,002,279,133,146,141,69,72,138,64,74
09,65,005,42,15,27,31,10,21,11,5,6
09,65,006,2914209,1474270,1439939,2724683,1374926,1349757,189526,99344,90182
09,65,009,54,29,25,54,29,25,0,0,0
09,65,010,22,13,9,14,8,6,8,5,3
09,65,011,4,1,3,0,0,0,4,1,3
09,65,013,128,72,56,94,49,45,34,23,11
09,65,014,10239,5119,5120,8734,4328,4406,1505,791,714
09,65,015,23,16,7,17,13,4,6,3,3
09,65,016,416,222,194,192,100,92,224,122,102
09,65,017,20,7,13,19,6,13,1,1,0
09,65,018,79,36,43,76,36,40,3,0,3
09,65,019,2,2,0,1,1,0,1,1,0
09,65,020,337,180,157,301,162,139,36,18,18
09,65,021,1,1,0,1,1,0,0,0,0
09,65,022,110522,56406,54116,68773,34700,34073,41749,21706,20043
09,65,028,177,91,86,64,33,31,113,58,55
09,65,040,204,105,99,194,100,94,10,5,5
09,65,041,16,7,9,16,7,9,0,0,0
09,65,054,37,18,19,37,18,19,0,0,0
09,65,062,33,18,15,33,18,15,0,0,0
09,65,072,145,68,77,145,68,77,0,0,0
09,65,090,3,1,2,3,1,2,0,0,0
09,65,091,78,32,46,78,32,46,0,0,0
09,65,123,508,279,229,507,279,228,1,0,1
09,66,002,1240,626,614,160,95,65,1080,531,549
09,66,005,20,8,12,5,0,5,15,8,7
09,66,006,1604064,834607,769457,1442217,748711,693506,161847,85896,75951
09,66,007,42,19,23,0,0,0,42,19,23
09,66,009,2,1,1,2,1,1,0,0,0
09,66,010,37,17,20,4,2,2,33,15,18
09,66,011,44,17,27,14,3,11,30,14,16
09,66,013,74,37,37,18,11,7,56,26,30
09,66,014,440,213,227,380,182,198,60,31,29
09,66,015,29,16,13,20,11,9,9,5,4
09,66,016,1108,560,548,285,143,142,823,417,406
09,66,017,7,4,3,1,1,0,6,3,3
09,66,018,23,12,11,0,0,0,23,12,11
09,66,019,23,13,10,14,9,5,9,4,5
09,66,020,132,70,62,109,59,50,23,11,12
09,66,021,6,6,0,2,2,0,4,4,0
09,66,022,35266,18508,16758,25872,13567,12305,9394,4941,4453
09,66,028,413,236,177,411,235,176,2,1,1
09,66,040,23,16,7,1,1,0,22,15,7
09,66,054,1,1,0,1,1,0,0,0,0
09,66,072,152,81,71,151,80,71,1,1,0
09,66,082,3,2,1,0,0,0,3,2,1
09,66,090,21,14,7,0,0,0,21,14,7
09,66,091,7,3,4,0,0,0,7,3,4
09,66,123,74,36,38,26,13,13,48,23,25
09,67,001,37,26,11,7,7,0,30,19,11
09,67,002,11485,5732,5753,513,259,254,10972,5473,5499
09,67,003,2,0,2,2,0,2,0,0,0
09,67,004,60,58,2,0,0,0,60,58,2
09,67,005,1604,818,786,40,19,21,1564,799,765
09,67,006,2891755,1518360,1373395,1871752,972588,899164,1020003,545772,474231
09,67,007,172,98,74,7,5,2,165,93,72
09,67,008,23,14,9,1,1,0,22,13,9
09,67,009,3,2,1,0,0,0,3,2,1
09,67,010,263,133,130,16,9,7,247,124,123
09,67,011,357,168,189,55,47,8,302,121,181
09,67,012,27,23,4,24,21,3,3,2,1
09,67,013,999,527,472,114,59,55,885,468,417
09,67,014,4076,2767,1309,345,201,144,3731,2566,1165
09,67,015,202,125,77,67,40,27,135,85,50
09,67,016,1923,1020,903,106,56,50,1817,964,853
09,67,017,334,216,118,0,0,0,334,216,118
09,67,018,18,7,11,0,0,0,18,7,11
09,67,019,2210,1136,1074,7,4,3,2203,1132,1071
09,67,020,571,327,244,44,40,4,527,287,240
09,67,021,429,263,166,17,9,8,412,254,158
09,67,022,221016,116759,104257,4743,2572,2171,216273,114187,102086
09,67,028,65,34,31,24,12,12,41,22,19
09,67,030,2,1,1,0,0,0,2,1,1
09,67,040,460,239,221,15,11,4,445,228,217
09,67,044,25,16,9,8,5,3,17,11,6
09,67,062,1,0,1,0,0,0,1,0,1
09,67,068,1,1,0,0,0,0,1,1,0
09,67,071,2,1,1,2,1,1,0,0,0
09,67,072,119,54,65,109,48,61,10,6,4
09,67,090,8,7,1,1,0,1,7,7,0
09,67,091,1,0,1,0,0,0,1,0,1
09,67,093,1,1,0,0,0,0,1,1,0
09,67,114,22,11,11,0,0,0,22,11,11
09,67,116,1,1,0,0,0,0,1,1,0
09,67,123,397,242,155,81,41,40,316,201,115
09,68,002,142,98,44,103,70,33,39,28,11
09,68,006,1312910,684356,628554,1174552,610682,563870,138358,73674,64684
09,68,007,3,2,1,0,0,0,3,2,1
09,68,008,6,2,4,6,2,4,0,0,0
09,68,010,57,50,7,57,50,7,0,0,0
09,68,011,117,52,65,108,48,60,9,4,5
09,68,014,147,83,64,116,69,47,31,14,17
09,68,015,15,9,6,3,2,1,12,7,5
09,68,016,46,26,20,29,17,12,17,9,8
09,68,017,2,2,0,2,2,0,0,0,0
09,68,019,19,6,13,19,6,13,0,0,0
09,68,022,40049,21189,18860,5059,2706,2353,34990,18483,16507
09,68,028,25,19,6,0,0,0,25,19,6
09,68,040,89,48,41,89,48,41,0,0,0
09,68,072,17,17,0,17,17,0,0,0,0
09,68,110,27,19,8,27,19,8,0,0,0
09,68,123,34,19,15,33,18,15,1,1,0
09,69,002,284,144,140,47,24,23,237,120,117
09,69,005,14,5,9,5,3,2,9,2,7
09,69,006,2076063,1094196,981867,1807060,950677,856383,269003,143519,125484
09,69,007,5,4,1,2,2,0,3,2,1
09,69,011,33,12,21,2,0,2,31,12,19
09,69,012,1,1,0,1,1,0,0,0,0
09,69,013,64,40,24,15,10,5,49,30,19
09,69,014,7530,4082,3448,6286,3414,2872,1244,668,576
09,69,015,23,15,8,19,11,8,4,4,0
09,69,016,619,326,293,129,66,63,490,260,230
09,69,019,11,4,7,0,0,0,11,4,7
09,69,020,16,13,3,15,13,2,1,0,1
09,69,021,22,16,6,9,9,0,13,7,6
09,69,022,31072,16245,14827,15712,8212,7500,15360,8033,7327
09,69,028,49,23,26,32,18,14,17,5,12
09,69,040,22,13,9,13,7,6,9,6,3
09,69,044,1,0,1,1,0,1,0,0,0
09,69,072,34,15,19,34,15,19,0,0,0
09,69,082,4,2,2,0,0,0,4,2,2
09,69,087,1,0,1,1,0,1,0,0,0
09,69,090,3,0,3,3,0,3,0,0,0
09,69,112,1,0,1,1,0,1,0,0,0
09,69,123,170,93,77,149,78,71,21,15,6
09,70,001,59,42,17,0,0,0,59,42,17
09,70,002,2781,1446,1335,263,159,104,2518,1287,1231
09,70,003,8,3,5,0,0,0,8,3,5
09,70,004,8,4,4,0,0,0,8,4,4
09,70,005,69,39,30,15,9,6,54,30,24
09,70,006,1441840,759232,682608,1180458,615966,564492,261382,143266,118116
09,70,007,33,19,14,0,0,0,33,19,14
09,70,008,13,9,4,0,0,0,13,9,4
09,70,009,33,18,15,23,13,10,10,5,5
09,70,010,779,438,341,35,22,13,744,416,328
09,70,011,1211,636,575,57,27,30,1154,609,545
09,70,012,2,1,1,0,0,0,2,1,1
09,70,013,213,106,107,9,6,3,204,100,104
09,70,014,2347,1276,1071,1420,760,660,927,516,411
09,70,015,659,392,267,217,124,93,442,268,174
09,70,016,1347,739,608,117,62,55,1230,677,553
09,70,017,9,8,1,9,8,1,0,0,0
09,70,018,8,3,5,0,0,0,8,3,5
09,70,019,34,17,17,2,2,0,32,15,17
09,70,020,402,256,146,14,8,6,388,248,140
09,70,021,312,169,143,21,10,11,291,159,132
09,70,022,10372,5529,4843,4802,2578,2224,5570,2951,2619
09,70,028,58,41,17,42,26,16,16,15,1
09,70,030,2,1,1,2,1,1,0,0,0
09,70,040,98,57,41,69,37,32,29,20,9
09,70,044,410,201,209,410,201,209,0,0,0
09,70,053,1,0,1,1,0,1,0,0,0
09,70,054,20,9,11,0,0,0,20,9,11
09,70,072,44,22,22,20,13,7,24,9,15
09,70,075,1,0,1,0,0,0,1,0,1
09,70,090,29,19,10,3,2,1,26,17,9
09,70,091,27,14,13,0,0,0,27,14,13
09,70,093,7,5,2,0,0,0,7,5,2
09,70,108,1,1,0,0,0,0,1,1,0
09,70,115,2,1,1,0,0,0,2,1,1
09,70,116,3,1,2,0,0,0,3,1,2
09,70,123,277,143,134,80,34,46,197,109,88
10,01,001,2,1,1,2,1,1,0,0,0
10,01,002,28416,14799,13617,26815,13977,12838,1601,822,779
10,01,005,19,10,9,2,1,1,17,9,8
10,01,006,2666467,1404152,1262315,2409568,1267511,1142057,256899,136641,120258
10,01,009,7,4,3,3,3,0,4,1,3
10,01,010,2494,1323,1171,1538,780,758,956,543,413
10,01,011,49,10,39,22,5,17,27,5,22
10,01,013,39,20,19,0,0,0,39,20,19
10,01,014,865,462,403,603,334,269,262,128,134
10,01,015,23,13,10,10,6,4,13,7,6
10,01,016,437,227,210,75,43,32,362,184,178
10,01,017,33,24,9,28,21,7,5,3,2
10,01,018,45,17,28,11,3,8,34,14,20
10,01,019,63,31,32,1,0,1,62,31,31
10,01,020,37,11,26,26,8,18,11,3,8
10,01,021,19,12,7,9,9,0,10,3,7
10,01,022,316207,165248,150959,267354,139664,127690,48853,25584,23269
10,01,028,654,323,331,522,262,260,132,61,71
10,01,040,25,17,8,12,9,3,13,8,5
10,01,041,1,0,1,0,0,0,1,0,1
10,01,048,426,210,216,426,210,216,0,0,0
10,01,054,19,11,8,0,0,0,19,11,8
10,01,062,1,0,1,1,0,1,0,0,0
10,01,072,10593,5395,5198,10534,5380,5154,59,15,44
10,01,090,258,134,124,243,128,115,15,6,9
10,01,091,10,3,7,1,1,0,9,2,7
10,01,123,16257,8382,7875,16101,8297,7804,156,85,71
10,02,001,23,6,17,20,3,17,3,3,0
10,02,002,8885,4642,4243,6873,3620,3253,2012,1022,990
10,02,005,70,38,32,50,28,22,20,10,10
10,02,006,3494004,1844922,1649082,3297167,1738215,1558952,196837,106707,90130
10,02,010,7438,3876,3562,6212,3228,2984,1226,648,578
10,02,011,26,9,17,2,0,2,24,9,15
10,02,012,3,0,3,0,0,0,3,0,3
10,02,013,7,5,2,1,0,1,6,5,1
10,02,014,230,80,150,80,3,77,150,77,73
10,02,015,29,16,13,18,9,9,11,7,4
10,02,016,144,84,60,10,6,4,134,78,56
10,02,018,51,27,24,29,12,17,22,15,7
10,02,019,24,10,14,0,0,0,24,10,14
10,02,020,7,2,5,0,0,0,7,2,5
10,02,021,7,4,3,0,0,0,7,4,3
10,02,022,426848,222272,204576,376472,195619,180853,50376,26653,23723
10,02,028,972,516,456,909,489,420,63,27,36
10,02,030,57,27,30,57,27,30,0,0,0
10,02,032,1,1,0,1,1,0,0,0,0
10,02,040,114,68,46,92,54,38,22,14,8
10,02,048,12,6,6,7,4,3,5,2,3
10,02,054,1,0,1,0,0,0,1,0,1
10,02,072,42,23,19,7,2,5,35,21,14
10,02,082,1,0,1,0,0,0,1,0,1
10,02,091,673,356,317,635,335,300,38,21,17
10,02,098,12,6,6,12,6,6,0,0,0
10,02,123,92,51,41,33,20,13,59,31,28
10,03,001,3,1,2,3,1,2,0,0,0
10,03,002,91,46,45,81,42,39,10,4,6
10,03,006,449469,239395,210074,430581,229338,201243,18888,10057,8831
10,03,010,1472,755,717,1441,744,697,31,11,20
10,03,014,5,0,5,3,0,3,2,0,2
10,03,015,1,0,1,1,0,1,0,0,0
10,03,017,1,0,1,1,0,1,0,0,0
10,03,018,11,7,4,9,5,4,2,2,0
10,03,022,64035,33024,31011,61860,31869,29991,2175,1155,1020
10,03,028,19,11,8,13,7,6,6,4,2
10,03,040,2,0,2,2,0,2,0,0,0
10,03,048,47,27,20,47,27,20,0,0,0
10,03,072,2,2,0,0,0,0,2,2,0
10,03,091,367,184,183,359,178,181,8,6,2
10,03,098,231,120,111,95,46,49,136,74,62
10,03,123,205,108,97,203,106,97,2,2,0
10,04,001,3,0,3,3,0,3,0,0,0
10,04,002,350,183,167,86,38,48,264,145,119
10,04,005,64,36,28,4,1,3,60,35,25
10,04,006,2126306,1129451,996855,2002557,1062682,939875,123749,66769,56980
10,04,007,17,10,7,0,0,0,17,10,7
10,04,010,116595,61202,55393,110046,57746,52300,6549,3456,3093
10,04,011,7,3,4,7,3,4,0,0,0
10,04,013,11,6,5,0,0,0,11,6,5
10,04,014,224,33,191,136,13,123,88,20,68
10,04,015,6,2,4,4,1,3,2,1,1
10,04,016,23,15,8,12,8,4,11,7,4
10,04,018,20,11,9,5,4,1,15,7,8
10,04,019,37,20,17,0,0,0,37,20,17
10,04,020,6,5,1,0,0,0,6,5,1
10,04,021,3,1,2,2,1,1,1,0,1
10,04,022,437290,225723,211567,414874,213851,201023,22416,11872,10544
10,04,028,194,93,101,190,90,100,4,3,1
10,04,040,78,45,33,77,44,33,1,1,0
10,04,048,13,8,5,13,8,5,0,0,0
10,04,054,1,1,0,1,1,0,0,0,0
10,04,062,1,1,0,1,1,0,0,0,0
10,04,090,1,1,0,1,1,0,0,0,0
10,04,091,861,446,415,831,431,400,30,15,15
10,04,098,121,60,61,121,60,61,0,0,0
10,04,105,1,1,0,1,1,0,0,0,0
10,04,123,487,254,233,435,229,206,52,25,27
10,05,001,1,0,1,1,0,1,0,0,0
10,05,002,398,205,193,271,141,130,127,64,63
10,05,005,7,6,1,0,0,0,7,6,1
10,05,006,69439,36449,32990,61250,32044,29206,8189,4405,3784
10,05,010,2977640,1535228,1442412,2888314,1488150,1400164,89326,47078,42248
10,05,011,2,2,0,2,2,0,0,0,0
10,05,013,34,15,19,0,0,0,34,15,19
10,05,014,364,165,199,306,139,167,58,26,32
10,05,015,151,99,52,101,77,24,50,22,28
10,05,016,149,80,69,0,0,0,149,80,69
10,05,017,15,14,1,15,14,1,0,0,0
10,05,018,718,374,344,674,352,322,44,22,22
10,05,019,96,50,46,1,1,0,95,49,46
10,05,020,26,12,14,17,6,11,9,6,3
10,05,021,5,4,1,1,1,0,4,3,1
10,05,022,524559,267413,257146,498353,253530,244823,26206,13883,12323
10,05,028,607,316,291,561,291,270,46,25,21
10,05,040,19,8,11,11,5,6,8,3,5
10,05,048,2,2,0,2,2,0,0,0,0
10,05,054,1,1,0,1,1,0,0,0,0
10,05,072,19,6,13,14,4,10,5,2,3
10,05,091,366,193,173,299,154,145,67,39,28
10,05,098,152,84,68,152,84,68,0,0,0
10,05,123,511,271,240,390,205,185,121,66,55
10,06,001,1,0,1,0,0,0,1,0,1
10,06,002,4709,2427,2282,4542,2339,2203,167,88,79
10,06,005,390,194,196,390,194,196,0,0,0
10,06,006,121453,63705,57748,110854,57886,52968,10599,5819,4780
10,06,010,1359927,708699,651228,1299590,676574,623016,60337,32125,28212
10,06,011,9,4,5,4,2,2,5,2,3
10,06,014,739,341,398,604,275,329,135,66,69
10,06,015,342,170,172,330,164,166,12,6,6
10,06,016,110,56,54,96,49,47,14,7,7
10,06,017,1,1,0,0,0,0,1,1,0
10,06,018,1945,1037,908,1914,1014,900,31,23,8
10,06,020,1,1,0,0,0,0,1,1,0
10,06,022,238591,123362,115229,221710,114492,107218,16881,8870,8011
10,06,028,1271,630,641,1267,627,640,4,3,1
10,06,040,32,17,15,30,16,14,2,1,1
10,06,048,118,61,57,118,61,57,0,0,0
10,06,072,1918,982,936,1910,977,933,8,5,3
10,06,082,8,4,4,8,4,4,0,0,0
10,06,091,103,55,48,95,49,46,8,6,2
10,06,098,99,51,48,99,51,48,0,0,0
10,06,123,811,410,401,809,409,400,2,1,1
10,07,001,18,7,11,0,0,0,18,7,11
10,07,002,20914,10800,10114,18529,9566,8963,2385,1234,1151
10,07,005,154,83,71,154,83,71,0,0,0
10,07,006,657690,345210,312480,594691,311080,283611,62999,34130,28869
10,07,010,683632,358361,325271,660346,345933,314413,23286,12428,10858
10,07,011,4,1,3,4,1,3,0,0,0
10,07,014,291,137,154,174,81,93,117,56,61
10,07,015,135,78,57,125,75,50,10,3,7
10,07,016,106,55,51,37,19,18,69,36,33
10,07,017,1,0,1,1,0,1,0,0,0
10,07,018,23339,11911,11428,23239,11851,11388,100,60,40
10,07,020,2,2,0,0,0,0,2,2,0
10,07,021,357,175,182,357,175,182,0,0,0
10,07,022,765245,397737,367508,722756,375260,347496,42489,22477,20012
10,07,024,3,2,1,3,2,1,0,0,0
10,07,028,902,475,427,847,445,402,55,30,25
10,07,030,2,1,1,2,1,1,0,0,0
10,07,040,6,4,2,5,4,1,1,0,1
10,07,046,73,37,36,73,37,36,0,0,0
10,07,048,6,4,2,5,4,1,1,0,1
10,07,054,205,111,94,205,111,94,0,0,0
10,07,055,1,1,0,0,0,0,1,1,0
10,07,072,2046,1077,969,2043,1076,967,3,1,2
10,07,090,1601,838,763,918,474,444,683,364,319
10,07,091,515,265,250,424,214,210,91,51,40
10,07,098,2,0,2,2,0,2,0,0,0
10,07,123,1358,733,625,1317,710,607,41,23,18
10,08,001,67,36,31,26,11,15,41,25,16
10,08,002,42184,21548,20636,33266,16948,16318,8918,4600,4318
10,08,003,11,5,6,0,0,0,11,5,6
10,08,004,11,5,6,0,0,0,11,5,6
10,08,005,79,37,42,0,0,0,79,37,42
10,08,006,561790,290049,271741,500018,256887,243131,61772,33162,28610
10,08,007,64,54,10,2,0,2,62,54,8
10,08,008,3,2,1,1,0,1,2,2,0
10,08,009,3,3,0,0,0,0,3,3,0
10,08,010,32958,17245,15713,22862,11915,10947,10096,5330,4766
10,08,011,30,15,15,0,0,0,30,15,15
10,08,013,102,52,50,14,6,8,88,46,42
10,08,014,329,166,163,28,11,17,301,155,146
10,08,015,466,250,216,396,210,186,70,40,30
10,08,016,351,198,153,0,0,0,351,198,153
10,08,017,1,0,1,1,0,1,0,0,0
10,08,018,41785,21415,20370,39825,20393,19432,1960,1022,938
10,08,019,87,47,40,79,44,35,8,3,5
10,08,020,14,4,10,1,0,1,13,4,9
10,08,021,44,25,19,33,17,16,11,8,3
10,08,022,613878,317306,296572,569372,293124,276248,44506,24182,20324
10,08,023,1,1,0,1,1,0,0,0,0
10,08,028,338,174,164,294,150,144,44,24,20
10,08,040,2,1,1,2,1,1,0,0,0
10,08,046,6,4,2,2,2,0,4,2,2
10,08,048,14,9,5,11,7,4,3,2,1
10,08,054,7,3,4,0,0,0,7,3,4
10,08,055,1,1,0,0,0,0,1,1,0
10,08,072,524,273,251,436,230,206,88,43,45
10,08,074,20,12,8,0,0,0,20,12,8
10,08,083,32,17,15,32,17,15,0,0,0
10,08,090,76,44,32,56,28,28,20,16,4
10,08,091,303,147,156,236,120,116,67,27,40
10,08,098,182,95,87,3,2,1,179,93,86
10,08,123,585,309,276,343,176,167,242,133,109
10,09,001,3,1,2,1,0,1,2,1,1
10,09,002,67609,35010,32599,54976,28424,26552,12633,6586,6047
10,09,004,8,5,3,8,5,3,0,0,0
10,09,005,21,11,10,3,0,3,18,11,7
10,09,006,1313145,688554,624591,1172510,612226,560284,140635,76328,64307
10,09,008,1,1,0,1,1,0,0,0,0
10,09,009,56,31,25,5,2,3,51,29,22
10,09,010,323294,169237,154057,304777,159204,145573,18517,10033,8484
10,09,011,68,36,32,25,14,11,43,22,21
10,09,013,70,35,35,47,24,23,23,11,12
10,09,014,1271,651,620,951,475,476,320,176,144
10,09,015,267,139,128,252,129,123,15,10,5
10,09,016,318,164,154,67,43,24,251,121,130
10,09,017,2,0,2,0,0,0,2,0,2
10,09,018,72295,36998,35297,69959,35646,34313,2336,1352,984
10,09,019,131,73,58,7,3,4,124,70,54
10,09,020,36,21,15,22,12,10,14,9,5
10,09,021,21,14,7,12,10,2,9,4,5
10,09,022,739176,383768,355408,696623,360990,335633,42553,22778,19775
10,09,023,24,13,11,24,13,11,0,0,0
10,09,026,1,0,1,0,0,0,1,0,1
10,09,028,316,160,156,186,89,97,130,71,59
10,09,030,371,203,168,370,202,168,1,1,0
10,09,031,24,13,11,24,13,11,0,0,0
10,09,040,70,45,25,56,38,18,14,7,7
10,09,044,13,6,7,0,0,0,13,6,7
10,09,048,15,10,5,0,0,0,15,10,5
10,09,054,1,1,0,1,1,0,0,0,0
10,09,060,5,3,2,5,3,2,0,0,0
10,09,065,28,10,18,28,10,18,0,0,0
10,09,072,18485,9617,8868,14819,7677,7142,3666,1940,1726
10,09,082,14,6,8,10,4,6,4,2,2
10,09,090,74,47,27,40,15,25,34,32,2
10,09,091,98,52,46,4,2,2,94,50,44
10,09,123,6611,3482,3129,5731,3017,2714,880,465,415
10,10,001,57,27,30,21,7,14,36,20,16
10,10,002,226782,117164,109618,214659,110907,103752,12123,6257,5866
10,10,003,1,1,0,1,1,0,0,0,0
10,10,004,6,4,2,6,4,2,0,0,0
10,10,005,275,147,128,115,57,58,160,90,70
10,10,006,1616526,844395,772131,1461500,760857,700643,155026,83538,71488
10,10,007,2,2,0,2,2,0,0,0,0
10,10,008,5,4,1,5,4,1,0,0,0
10,10,009,2,2,0,2,2,0,0,0,0
10,10,010,22220,11904,10316,12720,6714,6006,9500,5190,4310
10,10,011,40,16,24,25,12,13,15,4,11
10,10,012,8,6,2,4,4,0,4,2,2
10,10,013,437,233,204,401,215,186,36,18,18
10,10,014,1343,717,626,939,503,436,404,214,190
10,10,015,1640,840,800,1502,767,735,138,73,65
10,10,016,927,489,438,598,320,278,329,169,160
10,10,018,72456,36981,35475,71465,36470,34995,991,511,480
10,10,019,716,374,342,156,82,74,560,292,268
10,10,020,12,7,5,10,6,4,2,1,1
10,10,021,38,16,22,18,9,9,20,7,13
10,10,022,421154,219182,201972,382950,199191,183759,38204,19991,18213
10,10,028,37,19,18,10,6,4,27,13,14
10,10,030,140,75,65,140,75,65,0,0,0
10,10,032,82,41,41,81,40,41,1,1,0
10,10,038,1,1,0,1,1,0,0,0,0
10,10,040,26,17,9,7,5,2,19,12,7
10,10,044,102,50,52,102,50,52,0,0,0
10,10,046,1,0,1,1,0,1,0,0,0
10,10,048,560,279,281,560,279,281,0,0,0
10,10,054,12,8,4,2,2,0,10,6,4
10,10,056,1,1,0,0,0,0,1,1,0
10,10,058,166,77,89,166,77,89,0,0,0
10,10,062,10,4,6,10,4,6,0,0,0
10,10,072,11263,5740,5523,10900,5552,5348,363,188,175
10,10,083,28,14,14,28,14,14,0,0,0
10,10,090,612,328,284,606,323,283,6,5,1
10,10,091,792,392,400,779,386,393,13,6,7
10,10,098,16,9,7,16,9,7,0,0,0
10,10,103,182,105,77,182,105,77,0,0,0
10,10,123,13960,7201,6759,13671,7052,6619,289,149,140
10,11,002,336,175,161,84,41,43,252,134,118
10,11,005,385,205,180,385,205,180,0,0,0
10,11,006,399140,210049,189091,378047,198447,179600,21093,11602,9491
10,11,010,979491,510813,468678,942156,490422,451734,37335,20391,16944
10,11,011,3,0,3,2,0,2,1,0,1
10,11,013,6293,3260,3033,6290,3259,3031,3,1,2
10,11,014,730,374,356,705,361,344,25,13,12
10,11,015,302,161,141,302,161,141,0,0,0
10,11,016,20,9,11,6,2,4,14,7,7
10,11,018,6607,3262,3345,6562,3237,3325,45,25,20
10,11,019,2,1,1,0,0,0,2,1,1
10,11,020,4,3,1,4,3,1,0,0,0
10,11,022,120819,62320,58499,111874,57636,54238,8945,4684,4261
10,11,028,746,395,351,739,393,346,7,2,5
10,11,040,20,11,9,18,10,8,2,1,1
10,11,072,139,67,72,134,65,69,5,2,3
10,11,074,7,2,5,0,0,0,7,2,5
10,11,091,13,7,6,0,0,0,13,7,6
10,11,098,98,50,48,98,50,48,0,0,0
10,11,114,67,34,33,67,34,33,0,0,0
10,11,123,11424,5982,5442,11206,5872,5334,218,110,108
10,12,001,3,1,2,0,0,0,3,1,2
10,12,002,582,306,276,35,21,14,547,285,262
10,12,005,18,7,11,18,7,11,0,0,0
10,12,006,256069,135130,120939,227761,119538,108223,28308,15592,12716
10,12,010,1058530,553964,504566,983142,513064,470078,75388,40900,34488
10,12,011,7,1,6,0,0,0,7,1,6
10,12,013,253,128,125,243,123,120,10,5,5
10,12,014,652,330,322,447,234,213,205,96,109
10,12,016,49,27,22,1,1,0,48,26,22
10,12,017,1,1,0,0,0,0,1,1,0
10,12,018,3558,1816,1742,3430,1745,1685,128,71,57
10,12,019,7,5,2,0,0,0,7,5,2
10,12,020,5,2,3,1,1,0,4,1,3
10,12,021,4,2,2,0,0,0,4,2,2
10,12,022,186587,96728,89859,166260,86105,80155,20327,10623,9704
10,12,028,564,303,261,439,224,215,125,79,46
10,12,040,20,12,8,15,9,6,5,3,2
10,12,054,4,2,2,0,0,0,4,2,2
10,12,072,22,13,9,2,1,1,20,12,8
10,12,082,5,2,3,0,0,0,5,2,3
10,12,090,4,1,3,0,0,0,4,1,3
10,12,098,2,1,1,2,1,1,0,0,0
10,12,113,5,3,2,5,3,2,0,0,0
10,12,123,1231,647,584,1214,637,577,17,10,7
10,13,001,8,3,5,5,1,4,3,2,1
10,13,002,1398,696,702,93,50,43,1305,646,659
10,13,005,46,26,20,10,4,6,36,22,14
10,13,006,340986,180587,160399,271417,143352,128065,69569,37235,32334
10,13,007,2,0,2,2,0,2,0,0,0
10,13,008,354,180,174,343,169,174,11,11,0
10,13,010,2250427,1178275,1072152,2127067,1112094,1014973,123360,66181,57179
10,13,011,36,15,21,16,6,10,20,9,11
10,13,013,2227,1167,1060,2208,1155,1053,19,12,7
10,13,014,1057,575,482,685,371,314,372,204,168
10,13,015,351,168,183,346,164,182,5,4,1
10,13,016,198,110,88,11,6,5,187,104,83
10,13,017,5,4,1,1,1,0,4,3,1
10,13,018,53,33,20,13,8,5,40,25,15
10,13,019,663,328,335,2,0,2,661,328,333
10,13,020,6,3,3,5,3,2,1,0,1
10,13,021,22,17,5,20,16,4,2,1,1
10,13,022,695430,358695,336735,623877,321220,302657,71553,37475,34078
10,13,028,723,374,349,706,365,341,17,9,8
10,13,038,6,5,1,0,0,0,6,5,1
10,13,040,38,20,18,17,8,9,21,12,9
10,13,054,7,5,2,0,0,0,7,5,2
10,13,062,5,3,2,0,0,0,5,3,2
10,13,072,10,3,7,5,1,4,5,2,3
10,13,090,56,32,24,53,30,23,3,2,1
10,13,091,3,2,1,0,0,0,3,2,1
10,13,123,1672,863,809,1539,788,751,133,75,58
10,14,001,76,36,40,54,23,31,22,13,9
10,14,002,2493,1231,1262,115,50,65,2378,1181,1197
10,14,003,1,1,0,0,0,0,1,1,0
10,14,004,3,3,0,0,0,0,3,3,0
10,14,005,184,91,93,2,0,2,182,91,91
10,14,006,3277413,1710388,1567025,3003071,1562757,1440314,274342,147631,126711
10,14,007,15,9,6,0,0,0,15,9,6
10,14,008,3,2,1,0,0,0,3,2,1
10,14,009,1,1,0,0,0,0,1,1,0
10,14,010,59774,30569,29205,50935,25786,25149,8839,4783,4056
10,14,011,75,34,41,11,5,6,64,29,35
10,14,012,5,2,3,0,0,0,5,2,3
10,14,013,54,32,22,4,3,1,50,29,21
10,14,014,2316,1256,1060,1917,1043,874,399,213,186
10,14,015,57,24,33,4,2,2,53,22,31
10,14,016,972,503,469,62,29,33,910,474,436
10,14,017,48,32,16,39,25,14,9,7,2
10,14,018,66,31,35,37,16,21,29,15,14
10,14,019,412,214,198,0,0,0,412,214,198
10,14,020,84,54,30,5,4,1,79,50,29
10,14,021,35,24,11,13,10,3,22,14,8
10,14,022,400077,205621,194456,339940,173800,166140,60137,31821,28316
10,14,023,1,1,0,1,1,0,0,0,0
10,14,028,894,457,437,844,436,408,50,21,29
10,14,030,1,1,0,0,0,0,1,1,0
10,14,040,56,31,25,32,16,16,24,15,9
10,14,042,1,1,0,0,0,0,1,1,0
10,14,048,1,1,0,0,0,0,1,1,0
10,14,054,10,5,5,0,0,0,10,5,5
10,14,072,43,25,18,20,12,8,23,13,10
10,14,090,88,46,42,73,38,35,15,8,7
10,14,091,5,1,4,0,0,0,5,1,4
10,14,098,27,12,15,0,0,0,27,12,15
10,14,114,35,20,15,0,0,0,35,20,15
10,14,116,2,0,2,0,0,0,2,0,2
10,14,123,1386,707,679,1182,592,590,204,115,89
10,15,001,15,7,8,10,3,7,5,4,1
10,15,002,1303,649,654,1132,569,563,171,80,91
10,15,006,2045052,1021540,1023512,1924596,958990,965606,120456,62550,57906
10,15,007,3,2,1,0,0,0,3,2,1
10,15,010,397,215,182,239,127,112,158,88,70
10,15,011,21,11,10,15,8,7,6,3,3
10,15,013,18,11,7,1,0,1,17,11,6
10,15,014,20,10,10,11,6,5,9,4,5
10,15,015,24,11,13,19,9,10,5,2,3
10,15,016,80,39,41,37,15,22,43,24,19
10,15,017,1,1,0,1,1,0,0,0,0
10,15,018,395,176,219,374,166,208,21,10,11
10,15,019,173,81,92,119,58,61,54,23,31
10,15,020,19,9,10,4,0,4,15,9,6
10,15,022,104580,52698,51882,95033,47810,47223,9547,4888,4659
10,15,028,77,38,39,47,22,25,30,16,14
10,15,040,17,10,7,12,8,4,5,2,3
10,15,072,330,149,181,288,126,162,42,23,19
10,15,090,12,4,8,12,4,8,0,0,0
10,15,091,86,41,45,85,41,44,1,0,1
10,15,123,15,8,7,13,7,6,2,1,1
10,16,001,15,6,9,15,6,9,0,0,0
10,16,002,206,104,102,99,47,52,107,57,50
10,16,005,26,15,11,0,0,0,26,15,11
10,16,006,2510384,1233172,1277212,2389841,1169510,1220331,120543,63662,56881
10,16,008,8,8,0,0,0,0,8,8,0
10,16,010,355,214,141,136,87,49,219,127,92
10,16,011,36,16,20,5,1,4,31,15,16
10,16,012,2,0,2,0,0,0,2,0,2
10,16,013,14,10,4,1,0,1,13,10,3
10,16,014,81,37,44,35,17,18,46,20,26
10,16,015,2,2,0,0,0,0,2,2,0
10,16,016,324,160,164,212,99,113,112,61,51
10,16,017,1,0,1,1,0,1,0,0,0
10,16,018,65,34,31,59,30,29,6,4,2
10,16,019,1,1,0,1,1,0,0,0,0
10,16,020,10,5,5,2,1,1,8,4,4
10,16,021,8,4,4,2,1,1,6,3,3
10,16,022,201759,101965,99794,173496,87273,86223,28263,14692,13571
10,16,028,481,256,225,443,241,202,38,15,23
10,16,040,75,44,31,68,40,28,7,4,3
10,16,054,4,2,2,0,0,0,4,2,2
10,16,072,102,39,63,100,39,61,2,0,2
10,16,082,3,2,1,0,0,0,3,2,1
10,16,090,5,2,3,0,0,0,5,2,3
10,16,091,10,6,4,0,0,0,10,6,4
10,16,123,372,179,193,344,163,181,28,16,12
10,17,001,2,0,2,2,0,2,0,0,0
10,17,002,542,282,260,179,91,88,363,191,172
10,17,005,4,2,2,0,0,0,4,2,2
10,17,006,3119691,1587032,1532659,2852382,1445210,1407172,267309,141822,125487
10,17,010,1422,458,964,608,85,523,814,373,441
10,17,011,20,8,12,4,2,2,16,6,10
10,17,013,9,5,4,4,2,2,5,3,2
10,17,014,64,31,33,5,3,2,59,28,31
10,17,015,170,76,94,153,68,85,17,8,9
10,17,016,90,47,43,28,17,11,62,30,32
10,17,017,3,2,1,0,0,0,3,2,1
10,17,018,231,126,105,162,87,75,69,39,30
10,17,019,2,1,1,2,1,1,0,0,0
10,17,020,4,2,2,0,0,0,4,2,2
10,17,021,5,3,2,1,0,1,4,3,1
10,17,022,125012,63846,61166,95232,48403,46829,29780,15443,14337
10,17,023,1,1,0,1,1,0,0,0,0
10,17,028,968,507,461,936,488,448,32,19,13
10,17,040,11,7,4,10,7,3,1,0,1
10,17,044,13,6,7,13,6,7,0,0,0
10,17,048,21,8,13,18,7,11,3,1,2
10,17,070,5,2,3,0,0,0,5,2,3
10,17,072,229,118,111,207,104,103,22,14,8
10,17,090,23,3,20,22,2,20,1,1,0
10,17,091,114,67,47,69,40,29,45,27,18
10,17,098,5,3,2,4,2,2,1,1,0
10,17,123,40,18,22,22,10,12,18,8,10
10,18,001,10,0,10,9,0,9,1,0,1
10,18,002,285,127,158,190,81,109,95,46,49
10,18,005,32,19,13,29,17,12,3,2,1
10,18,006,2516376,1313318,1203058,2357757,1229129,1128628,158619,84189,74430
10,18,007,4,2,2,4,2,2,0,0,0
10,18,008,9,7,2,9,7,2,0,0,0
10,18,010,3082,1259,1823,2366,900,1466,716,359,357
10,18,011,10,5,5,0,0,0,10,5,5
10,18,013,11,5,6,5,2,3,6,3,3
10,18,014,18,4,14,15,4,11,3,0,3
10,18,015,42,23,19,31,17,14,11,6,5
10,18,016,22,12,10,17,9,8,5,3,2
10,18,017,2,2,0,1,1,0,1,1,0
10,18,018,1304,682,622,1302,681,621,2,1,1
10,18,020,5,3,2,5,3,2,0,0,0
10,18,021,99,56,43,97,55,42,2,1,1
10,18,022,195616,99306,96310,168537,85163,83374,27079,14143,12936
10,18,028,559,279,280,510,255,255,49,24,25
10,18,040,9,6,3,7,5,2,2,1,1
10,18,048,56,28,28,56,28,28,0,0,0
10,18,054,1,1,0,0,0,0,1,1,0
10,18,062,4,3,1,4,3,1,0,0,0
10,18,072,176,84,92,176,84,92,0,0,0
10,18,090,2,2,0,1,1,0,1,1,0
10,18,091,272,154,118,238,140,98,34,14,20
10,18,093,1,1,0,1,1,0,0,0,0
10,18,098,37,20,17,24,14,10,13,6,7
10,18,123,377,195,182,375,194,181,2,1,1
10,19,001,14,2,12,14,2,12,0,0,0
10,19,002,1636,795,841,403,183,220,1233,612,621
10,19,005,49,27,22,5,5,0,44,22,22
10,19,006,1579468,823751,755717,1510811,787240,723571,68657,36511,32146
10,19,007,5,3,2,5,3,2,0,0,0
10,19,010,1501002,774780,726222,1463802,754769,709033,37200,20011,17189
10,19,011,21,9,12,12,6,6,9,3,6
10,19,013,1668,891,777,1660,887,773,8,4,4
10,19,014,77,39,38,45,22,23,32,17,15
10,19,015,63,46,17,51,38,13,12,8,4
10,19,016,650,313,337,105,51,54,545,262,283
10,19,017,47,19,28,47,19,28,0,0,0
10,19,018,1715,1672,43,1691,1658,33,24,14,10
10,19,019,5,5,0,0,0,0,5,5,0
10,19,020,12,7,5,9,5,4,3,2,1
10,19,021,64,35,29,47,25,22,17,10,7
10,19,022,305188,156529,148659,289705,148403,141302,15483,8126,7357
10,19,028,1535,804,731,1517,794,723,18,10,8
10,19,030,38,18,20,38,18,20,0,0,0
10,19,040,627,338,289,585,319,266,42,19,23
10,19,048,196,192,4,194,191,3,2,1,1
10,19,054,13,7,6,8,3,5,5,4,1
10,19,072,81,43,38,9,4,5,72,39,33
10,19,075,1,1,0,0,0,0,1,1,0
10,19,082,5,3,2,0,0,0,5,3,2
10,19,090,13,8,5,1,1,0,12,7,5
10,19,091,330,166,164,323,162,161,7,4,3
10,19,123,270,189,81,251,179,72,19,10,9
10,20,001,32,17,15,14,9,5,18,8,10
10,20,002,1246,578,668,694,278,416,552,300,252
10,20,004,4,2,2,4,2,2,0,0,0
10,20,005,16,6,10,14,4,10,2,2,0
10,20,006,1720970,901501,819469,1626725,851068,775657,94245,50433,43812
10,20,007,9,6,3,1,1,0,8,5,3
10,20,010,351597,183415,168182,348236,181650,166586,3361,1765,1596
10,20,011,116,61,55,46,21,25,70,40,30
10,20,013,7,3,4,2,1,1,5,2,3
10,20,014,58,31,27,39,20,19,19,11,8
10,20,015,69,37,32,45,24,21,24,13,11
10,20,016,141,73,68,101,50,51,40,23,17
10,20,017,10,4,6,10,4,6,0,0,0
10,20,018,338,166,172,258,127,131,80,39,41
10,20,020,69,42,27,18,7,11,51,35,16
10,20,021,68,30,38,21,9,12,47,21,26
10,20,022,272075,141572,130503,263249,136885,126364,8826,4687,4139
10,20,028,578,297,281,566,292,274,12,5,7
10,20,040,101,55,46,97,52,45,4,3,1
10,20,048,46,24,22,25,14,11,21,10,11
10,20,054,4,1,3,4,1,3,0,0,0
10,20,055,6,4,2,2,2,0,4,2,2
10,20,061,1,0,1,1,0,1,0,0,0
10,20,072,136,76,60,61,37,24,75,39,36
10,20,083,1,0,1,1,0,1,0,0,0
10,20,090,28,19,9,14,8,6,14,11,3
10,20,091,615,318,297,581,298,283,34,20,14
10,20,098,31,15,16,16,8,8,15,7,8
10,20,116,23,9,14,23,9,14,0,0,0
10,20,123,971,512,459,875,452,423,96,60,36
10,21,001,9,4,5,8,3,5,1,1,0
10,21,002,217,75,142,98,22,76,119,53,66
10,21,005,100,48,52,88,45,43,12,3,9
10,21,006,1155670,614851,540819,1093475,580954,512521,62195,33897,28298
10,21,008,25,13,12,12,4,8,13,9,4
10,21,010,19715,9140,10575,19220,8902,10318,495,238,257
10,21,012,1,0,1,1,0,1,0,0,0
10,21,013,1,0,1,0,0,0,1,0,1
10,21,014,21,8,13,13,2,11,8,6,2
10,21,015,10,3,7,3,0,3,7,3,4
10,21,016,16,6,10,12,3,9,4,3,1
10,21,017,4,2,2,4,2,2,0,0,0
10,21,018,121,63,58,112,55,57,9,8,1
10,21,020,20,6,14,5,0,5,15,6,9
10,21,022,102750,54169,48581,89329,46967,42362,13421,7202,6219
10,21,028,7,2,5,7,2,5,0,0,0
10,21,040,12,6,6,10,4,6,2,2,0
10,21,048,1,1,0,1,1,0,0,0,0
10,21,091,593,314,279,579,306,273,14,8,6
10,21,098,85,36,49,85,36,49,0,0,0
10,21,123,976,520,456,965,515,450,11,5,6
10,22,001,5,2,3,1,1,0,4,1,3
10,22,002,5499,2802,2697,1154,586,568,4345,2216,2129
10,22,005,58,36,22,18,15,3,40,21,19
10,22,006,2075892,1110320,965572,1752388,935194,817194,323504,175126,148378
10,22,007,22,6,16,9,5,4,13,1,12
10,22,010,3017,1589,1428,855,407,448,2162,1182,980
10,22,011,162,63,99,84,37,47,78,26,52
10,22,012,2,2,0,0,0,0,2,2,0
10,22,013,61,33,28,40,22,18,21,11,10
10,22,014,34,21,13,7,3,4,27,18,9
10,22,015,339,173,166,294,148,146,45,25,20
10,22,016,247,124,123,19,8,11,228,116,112
10,22,017,15,12,3,10,8,2,5,4,1
10,22,018,15124,7983,7141,14243,7457,6786,881,526,355
10,22,019,92,38,54,5,1,4,87,37,50
10,22,020,26,13,13,9,4,5,17,9,8
10,22,021,23,12,11,11,6,5,12,6,6
10,22,022,313942,163909,150033,193651,101044,92607,120291,62865,57426
10,22,026,8,4,4,8,4,4,0,0,0
10,22,027,1,0,1,1,0,1,0,0,0
10,22,028,373,204,169,276,158,118,97,46,51
10,22,033,1,1,0,1,1,0,0,0,0
10,22,040,297,131,166,194,101,93,103,30,73
10,22,048,13,9,4,5,1,4,8,8,0
10,22,054,4,2,2,3,1,2,1,1,0
10,22,072,3105,1601,1504,3084,1586,1498,21,15,6
10,22,082,2,0,2,0,0,0,2,0,2
10,22,083,552,276,276,551,275,276,1,1,0
10,22,090,206,107,99,201,102,99,5,5,0
10,22,091,377,214,163,272,158,114,105,56,49
10,22,093,1,0,1,1,0,1,0,0,0
10,22,098,72,41,31,61,35,26,11,6,5
10,22,115,3,2,1,3,2,1,0,0,0
10,22,123,3597,1928,1669,3286,1770,1516,311,158,153
10,23,002,722,345,377,564,272,292,158,73,85
10,23,005,12,8,4,12,8,4,0,0,0
10,23,006,1431863,751945,679918,1381334,724897,656437,50529,27048,23481
10,23,010,1067,553,514,950,497,453,117,56,61
10,23,011,16,5,11,16,5,11,0,0,0
10,23,013,135,65,70,135,65,70,0,0,0
10,23,015,7,6,1,7,6,1,0,0,0
10,23,018,69997,35800,34197,69889,35731,34158,108,69,39
10,23,020,2,1,1,2,1,1,0,0,0
10,23,022,103513,53786,49727,98119,50891,47228,5394,2895,2499
10,23,027,1,1,0,1,1,0,0,0,0
10,23,028,13,8,5,13,8,5,0,0,0
10,23,040,7,5,2,6,4,2,1,1,0
10,23,048,1,1,0,0,0,0,1,1,0
10,23,062,10,8,2,10,8,2,0,0,0
10,23,072,14,7,7,14,7,7,0,0,0
10,23,091,57,28,29,56,28,28,1,0,1
10,23,098,98,48,50,98,48,50,0,0,0
10,23,123,1238,673,565,1127,611,516,111,62,49
10,24,001,1,1,0,0,0,0,1,1,0
10,24,002,3508,1755,1753,133,48,85,3375,1707,1668
10,24,005,9,3,6,0,0,0,9,3,6
10,24,006,1034909,553246,481663,763801,408101,355700,271108,145145,125963
10,24,007,18,11,7,0,0,0,18,11,7
10,24,008,1,1,0,0,0,0,1,1,0
10,24,010,1496,701,795,233,76,157,1263,625,638
10,24,011,66,39,27,0,0,0,66,39,27
10,24,013,3,1,2,0,0,0,3,1,2
10,24,014,87,50,37,3,1,2,84,49,35
10,24,015,52,25,27,0,0,0,52,25,27
10,24,016,242,132,110,0,0,0,242,132,110
10,24,018,11857,6142,5715,11031,5716,5315,826,426,400
10,24,019,90,50,40,0,0,0,90,50,40
10,24,020,95,59,36,0,0,0,95,59,36
10,24,021,68,34,34,0,0,0,68,34,34
10,24,022,84323,44964,39359,44253,23157,21096,40070,21807,18263
10,24,027,1,1,0,1,1,0,0,0,0
10,24,028,62,39,23,42,22,20,20,17,3
10,24,040,33,14,19,4,4,0,29,10,19
10,24,044,5,3,2,0,0,0,5,3,2
10,24,048,10,6,4,0,0,0,10,6,4
10,24,054,1,1,0,1,1,0,0,0,0
10,24,072,89,49,40,0,0,0,89,49,40
10,24,083,6,4,2,0,0,0,6,4,2
10,24,090,30,16,14,0,0,0,30,16,14
10,24,091,265,132,133,114,52,62,151,80,71
10,24,098,5,3,2,5,3,2,0,0,0
10,24,123,465,248,217,329,182,147,136,66,70
10,25,001,1,0,1,0,0,0,1,0,1
10,25,002,464,171,293,264,90,174,200,81,119
10,25,005,45,20,25,1,0,1,44,20,24
10,25,006,773338,403514,369824,660636,343563,317073,112702,59951,52751
10,25,010,3054,976,2078,2006,499,1507,1048,477,571
10,25,011,1,1,0,1,1,0,0,0,0
10,25,013,3,1,2,1,0,1,2,1,1
10,25,014,8,5,3,6,4,2,2,1,1
10,25,015,59,24,35,54,22,32,5,2,3
10,25,016,172,85,87,0,0,0,172,85,87
10,25,018,846,430,416,806,413,393,40,17,23
10,25,020,1,1,0,1,1,0,0,0,0
10,25,021,7,4,3,0,0,0,7,4,3
10,25,022,22789,11707,11082,19353,9858,9495,3436,1849,1587
10,25,028,66,31,35,59,27,32,7,4,3
10,25,040,11,5,6,11,5,6,0,0,0
10,25,048,1,1,0,1,1,0,0,0,0
10,25,054,2,1,1,1,0,1,1,1,0
10,25,072,21,13,8,12,7,5,9,6,3
10,25,074,2,0,2,1,0,1,1,0,1
10,25,090,9,7,2,9,7,2,0,0,0
10,25,091,824,413,411,821,411,410,3,2,1
10,25,098,39,25,14,0,0,0,39,25,14
10,25,123,462,237,225,441,232,209,21,5,16
10,26,002,51,17,34,26,7,19,25,10,15
10,26,005,4,2,2,0,0,0,4,2,2
10,26,006,491028,256339,234689,416867,216862,200005,74161,39477,34684
10,26,010,144,74,70,44,19,25,100,55,45
10,26,011,14,5,9,0,0,0,14,5,9
10,26,013,3,2,1,3,2,1,0,0,0
10,26,014,22,10,12,0,0,0,22,10,12
10,26,015,7,5,2,2,1,1,5,4,1
10,26,017,2,1,1,2,1,1,0,0,0
10,26,018,82,47,35,50,30,20,32,17,15
10,26,020,2,2,0,0,0,0,2,2,0
10,26,022,33759,17283,16476,26996,13794,13202,6763,3489,3274
10,26,028,135,65,70,135,65,70,0,0,0
10,26,048,3,1,2,1,1,0,2,0,2
10,26,072,9,3,6,0,0,0,9,3,6
10,26,091,230,132,98,63,38,25,167,94,73
10,26,123,7,4,3,0,0,0,7,4,3
10,27,001,1,1,0,1,1,0,0,0,0
10,27,002,157,93,64,48,25,23,109,68,41
10,27,005,17,6,11,12,4,8,5,2,3
10,27,006,2204025,1152032,1051993,1957085,1020862,936223,246940,131170,115770
10,27,007,2,1,1,0,0,0,2,1,1
10,27,009,1,0,1,1,0,1,0,0,0
10,27,010,428,241,187,153,95,58,275,146,129
10,27,011,21,7,14,14,7,7,7,0,7
10,27,013,30,17,13,2,2,0,28,15,13
10,27,014,800,434,366,482,261,221,318,173,145
10,27,015,16,7,9,7,3,4,9,4,5
10,27,016,44,24,20,42,22,20,2,2,0
10,27,017,1,1,0,1,1,0,0,0,0
10,27,018,103,57,46,85,48,37,18,9,9
10,27,019,1,0,1,0,0,0,1,0,1
10,27,020,5,4,1,2,2,0,3,2,1
10,27,021,8,4,4,5,2,3,3,2,1
10,27,022,163263,84799,78464,57538,29995,27543,105725,54804,50921
10,27,028,100,56,44,57,26,31,43,30,13
10,27,030,14,14,0,0,0,0,14,14,0
10,27,040,2,1,1,1,0,1,1,1,0
10,27,048,9,6,3,9,6,3,0,0,0
10,27,072,15,8,7,13,7,6,2,1,1
10,27,090,12,6,6,11,5,6,1,1,0
10,27,091,55,28,27,55,28,27,0,0,0
10,27,098,2,2,0,2,2,0,0,0,0
10,27,114,10,4,6,2,1,1,8,3,5
10,27,123,1386,746,640,1271,686,585,115,60,55
10,28,001,103,65,38,10,6,4,93,59,34
10,28,002,17943,8997,8946,321,110,211,17622,8887,8735
10,28,003,1,0,1,0,0,0,1,0,1
10,28,004,51,35,16,1,1,0,50,34,16
10,28,005,977,524,453,120,69,51,857,455,402
10,28,006,4326641,2310628,2016013,2673350,1412390,1260960,1653291,898238,755053
10,28,007,102,51,51,1,0,1,101,51,50
10,28,008,506,292,214,13,6,7,493,286,207
10,28,009,3,0,3,0,0,0,3,0,3
10,28,010,47456,26819,20637,4262,1994,2268,43194,24825,18369
10,28,011,1525,588,937,19,16,3,1506,572,934
10,28,012,16,12,4,0,0,0,16,12,4
10,28,013,367,215,152,55,37,18,312,178,134
10,28,014,635,358,277,17,8,9,618,350,268
10,28,015,922,582,340,33,20,13,889,562,327
10,28,016,5125,2708,2417,41,24,17,5084,2684,2400
10,28,017,84,54,30,25,17,8,59,37,22
10,28,018,2467,1625,842,1234,937,297,1233,688,545
10,28,019,384,199,185,6,5,1,378,194,184
10,28,020,476,221,255,24,20,4,452,201,251
10,28,021,249,145,104,22,15,7,227,130,97
10,28,022,307130,162993,144137,75915,39894,36021,231215,123099,108116
10,28,023,4,3,1,4,3,1,0,0,0
10,28,028,390,203,187,135,75,60,255,128,127
10,28,030,42,12,30,1,0,1,41,12,29
10,28,031,10,2,8,0,0,0,10,2,8
10,28,032,2,1,1,0,0,0,2,1,1
10,28,036,4,1,3,0,0,0,4,1,3
10,28,038,13,10,3,5,4,1,8,6,2
10,28,040,1557,778,779,608,316,292,949,462,487
10,28,044,79,48,31,0,0,0,79,48,31
10,28,048,176,105,71,61,36,25,115,69,46
10,28,053,1,1,0,0,0,0,1,1,0
10,28,054,138,66,72,0,0,0,138,66,72
10,28,055,1,1,0,0,0,0,1,1,0
10,28,062,5,5,0,0,0,0,5,5,0
10,28,072,1124,595,529,10,7,3,1114,588,526
10,28,075,5,3,2,0,0,0,5,3,2
10,28,082,39,20,19,0,0,0,39,20,19
10,28,083,4,2,2,0,0,0,4,2,2
10,28,084,1,0,1,0,0,0,1,0,1
10,28,090,166,103,63,6,4,2,160,99,61
10,28,091,435,241,194,77,46,31,358,195,163
10,28,093,4,3,1,0,0,0,4,3,1
10,28,095,3,1,2,0,0,0,3,1,2
10,28,102,1,1,0,0,0,0,1,1,0
10,28,105,3,2,1,0,0,0,3,2,1
10,28,110,2,1,1,0,0,0,2,1,1
10,28,113,5,2,3,0,0,0,5,2,3
10,28,116,2,1,1,0,0,0,2,1,1
10,28,123,1213,620,593,684,348,336,529,272,257
10,29,001,14,3,11,7,2,5,7,1,6
10,29,002,430,156,274,222,59,163,208,97,111
10,29,003,1,1,0,0,0,0,1,1,0
10,29,004,12,9,3,7,4,3,5,5,0
10,29,005,29,13,16,7,1,6,22,12,10
10,29,006,2155948,1134086,1021862,1889734,988991,900743,266214,145095,121119
10,29,007,12,7,5,3,1,2,9,6,3
10,29,009,4,4,0,0,0,0,4,4,0
10,29,010,706,330,376,366,156,210,340,174,166
10,29,011,19,10,9,3,2,1,16,8,8
10,29,013,23,14,9,2,0,2,21,14,7
10,29,014,18,8,10,9,1,8,9,7,2
10,29,015,41,13,28,22,3,19,19,10,9
10,29,016,463,258,205,10,8,2,453,250,203
10,29,017,119,60,59,119,60,59,0,0,0
10,29,018,88,47,41,45,23,22,43,24,19
10,29,019,133,69,64,0,0,0,133,69,64
10,29,020,14,10,4,4,2,2,10,8,2
10,29,021,10,7,3,3,1,2,7,6,1
10,29,022,84074,44044,40030,39415,20403,19012,44659,23641,21018
10,29,028,223,113,110,200,101,99,23,12,11
10,29,040,421,196,225,289,141,148,132,55,77
10,29,054,4,1,3,0,0,0,4,1,3
10,29,072,66,34,32,29,15,14,37,19,18
10,29,074,2,0,2,2,0,2,0,0,0
10,29,088,1,0,1,1,0,1,0,0,0
10,29,090,15,0,15,14,0,14,1,0,1
10,29,091,15,6,9,4,3,1,11,3,8
10,29,123,239,112,127,213,99,114,26,13,13
10,30,001,5,2,3,3,1,2,2,1,1
10,30,002,123,57,66,70,32,38,53,25,28
10,30,005,6,3,3,0,0,0,6,3,3
10,30,006,1375646,724170,651476,1255820,660070,595750,119826,64100,55726
10,30,007,5,3,2,0,0,0,5,3,2
10,30,008,1,1,0,0,0,0,1,1,0
10,30,010,159,111,48,54,44,10,105,67,38
10,30,011,20,7,13,17,4,13,3,3,0
10,30,013,48,36,12,30,25,5,18,11,7
10,30,014,26,16,10,23,14,9,3,2,1
10,30,015,30,19,11,19,9,10,11,10,1
10,30,016,122,67,55,22,12,10,100,55,45
10,30,017,219,114,105,215,111,104,4,3,1
10,30,018,62,46,16,48,40,8,14,6,8
10,30,019,10,7,3,10,7,3,0,0,0
10,30,020,32,20,12,7,7,0,25,13,12
10,30,021,1,1,0,0,0,0,1,1,0
10,30,022,25044,13189,11855,16356,8607,7749,8688,4582,4106
10,30,027,1,1,0,1,1,0,0,0,0
10,30,028,343,172,171,307,151,156,36,21,15
10,30,030,1,0,1,1,0,1,0,0,0
10,30,040,111,68,43,88,51,37,23,17,6
10,30,041,4,4,0,4,4,0,0,0,0
10,30,048,19,18,1,15,15,0,4,3,1
10,30,054,2,2,0,2,2,0,0,0,0
10,30,072,20,14,6,20,14,6,0,0,0
10,30,074,1,1,0,1,1,0,0,0,0
10,30,088,1,1,0,0,0,0,1,1,0
10,30,090,2,2,0,2,2,0,0,0,0
10,30,091,67,49,18,39,37,2,28,12,16
10,30,107,1,1,0,1,1,0,0,0,0
10,30,123,264,152,112,247,146,101,17,6,11
10,31,001,1,0,1,1,0,1,0,0,0
10,31,002,68,42,26,53,34,19,15,8,7
10,31,005,72,35,37,59,29,30,13,6,7
10,31,006,1237776,650869,586907,1200842,630655,570187,36934,20214,16720
10,31,007,49,20,29,49,20,29,0,0,0
10,31,010,118,66,52,38,19,19,80,47,33
10,31,011,2,0,2,2,0,2,0,0,0
10,31,013,15,8,7,2,0,2,13,8,5
10,31,014,1,1,0,1,1,0,0,0,0
10,31,015,45,22,23,34,16,18,11,6,5
10,31,016,69,40,29,65,39,26,4,1,3
10,31,017,2,1,1,2,1,1,0,0,0
10,31,018,70,41,29,68,39,29,2,2,0
10,31,022,47848,24902,22946,43337,22491,20846,4511,2411,2100
10,31,028,660,324,336,480,238,242,180,86,94
10,31,040,5,3,2,5,3,2,0,0,0
10,31,054,6,4,2,6,4,2,0,0,0
10,31,072,2085,1140,945,2077,1135,942,8,5,3
10,31,090,1,0,1,1,0,1,0,0,0
10,31,091,150,86,64,148,84,64,2,2,0
10,31,123,31,19,12,29,18,11,2,1,1
10,32,001,5,4,1,1,0,1,4,4,0
10,32,002,941,472,469,166,84,82,775,388,387
10,32,005,37,23,14,0,0,0,37,23,14
10,32,006,2286105,1197626,1088479,2024973,1058638,966335,261132,138988,122144
10,32,007,4,2,2,4,2,2,0,0,0
10,32,010,1226,663,563,541,287,254,685,376,309
10,32,011,30,18,12,18,13,5,12,5,7
10,32,013,23,14,9,0,0,0,23,14,9
10,32,014,70,41,29,45,25,20,25,16,9
10,32,015,59,32,27,39,20,19,20,12,8
10,32,016,1138,617,521,12,5,7,1126,612,514
10,32,017,1,1,0,1,1,0,0,0,0
10,32,018,36,25,11,4,3,1,32,22,10
10,32,019,4,4,0,2,2,0,2,2,0
10,32,020,177,89,88,158,74,84,19,15,4
10,32,021,32,18,14,28,15,13,4,3,1
10,32,022,154005,80298,73707,91347,47506,43841,62658,32792,29866
10,32,028,305,149,156,168,78,90,137,71,66
10,32,040,24,12,12,20,11,9,4,1,3
10,32,044,1,0,1,0,0,0,1,0,1
10,32,048,1,0,1,0,0,0,1,0,1
10,32,072,6044,3113,2931,6013,3098,2915,31,15,16
10,32,075,2,1,1,0,0,0,2,1,1
10,32,090,8,5,3,7,4,3,1,1,0
10,32,091,202,108,94,169,90,79,33,18,15
10,32,098,15,10,5,15,10,5,0,0,0
10,32,121,1,1,0,1,1,0,0,0,0
10,32,123,252,139,113,210,116,94,42,23,19
10,33,001,1,1,0,1,1,0,0,0,0
10,33,002,68,55,13,58,49,9,10,6,4
10,33,003,1,1,0,1,1,0,0,0,0
10,33,005,6,6,0,6,6,0,0,0,0
10,33,006,1406137,729133,677004,1316312,681182,635130,89825,47951,41874
10,33,007,2,2,0,2,2,0,0,0,0
10,33,010,5875,2974,2901,5822,2937,2885,53,37,16
10,33,011,1,1,0,1,1,0,0,0,0
10,33,013,1660,876,784,1250,663,587,410,213,197
10,33,014,2441,1369,1072,2037,1143,894,404,226,178
10,33,015,11,6,5,3,3,0,8,3,5
10,33,016,25,19,6,15,14,1,10,5,5
10,33,017,3,2,1,3,2,1,0,0,0
10,33,018,275,143,132,274,142,132,1,1,0
10,33,019,1,1,0,1,1,0,0,0,0
10,33,020,9,5,4,9,5,4,0,0,0
10,33,021,2,2,0,2,2,0,0,0,0
10,33,022,96236,49477,46759,75383,38556,36827,20853,10921,9932
10,33,028,178,101,77,176,100,76,2,1,1
10,33,040,4,3,1,4,3,1,0,0,0
10,33,048,17,9,8,0,0,0,17,9,8
10,33,054,1,1,0,0,0,0,1,1,0
10,33,061,1,1,0,1,1,0,0,0,0
10,33,072,89,47,42,86,44,42,3,3,0
10,33,074,2,2,0,2,2,0,0,0,0
10,33,091,67,43,24,61,39,22,6,4,2
10,33,123,1202,666,536,1193,660,533,9,6,3
10,34,002,92,54,38,56,33,23,36,21,15
10,34,005,11,6,5,11,6,5,0,0,0
10,34,006,1857544,962034,895510,1722824,890706,832118,134720,71328,63392
10,34,010,473,262,211,297,168,129,176,94,82
10,34,011,5,3,2,0,0,0,5,3,2
10,34,013,2,2,0,2,2,0,0,0,0
10,34,014,17,11,6,3,3,0,14,8,6
10,34,015,14,8,6,8,4,4,6,4,2
10,34,016,6,4,2,0,0,0,6,4,2
10,34,017,1,1,0,1,1,0,0,0,0
10,34,018,90,53,37,72,41,31,18,12,6
10,34,020,3,3,0,0,0,0,3,3,0
10,34,021,6,3,3,6,3,3,0,0,0
10,34,022,153852,78001,75851,118882,59992,58890,34970,18009,16961
10,34,028,266,131,135,232,114,118,34,17,17
10,34,040,3,2,1,2,2,0,1,0,1
10,34,048,21,9,12,21,9,12,0,0,0
10,34,054,6,5,1,0,0,0,6,5,1
10,34,072,72,37,35,54,26,28,18,11,7
10,34,091,310,177,133,283,161,122,27,16,11
10,34,098,13,9,4,11,7,4,2,2,0
10,34,123,248,130,118,233,121,112,15,9,6
10,35,001,112,83,29,20,15,5,92,68,24
10,35,002,1779,960,819,65,35,30,1714,925,789
10,35,004,78,65,13,0,0,0,78,65,13
10,35,005,100,63,37,0,0,0,100,63,37
10,35,006,3135057,1618497,1516560,2759442,1417782,1341660,375615,200715,174900
10,35,007,80,66,14,1,0,1,79,66,13
10,35,008,14,10,4,1,1,0,13,9,4
10,35,009,1,1,0,0,0,0,1,1,0
10,35,010,1201,652,549,652,340,312,549,312,237
10,35,011,157,110,47,3,2,1,154,108,46
10,35,012,40,31,9,0,0,0,40,31,9
10,35,013,261,186,75,14,8,6,247,178,69
10,35,014,145,102,43,15,10,5,130,92,38
10,35,015,229,157,72,16,8,8,213,149,64
10,35,016,792,491,301,12,9,3,780,482,298
10,35,017,108,52,56,102,50,52,6,2,4
10,35,018,73,39,34,28,19,9,45,20,25
10,35,019,113,55,58,0,0,0,113,55,58
10,35,020,216,178,38,1,1,0,215,177,38
10,35,021,164,121,43,2,1,1,162,120,42
10,35,022,329373,168344,161029,235001,119390,115611,94372,48954,45418
10,35,028,1736,911,825,1095,570,525,641,341,300
10,35,030,4,4,0,0,0,0,4,4,0
10,35,040,673,374,299,506,275,231,167,99,68
10,35,043,2,2,0,1,1,0,1,1,0
10,35,048,12,7,5,7,5,2,5,2,3
10,35,054,7,4,3,5,2,3,2,2,0
10,35,072,36,19,17,5,3,2,31,16,15
10,35,073,6,6,0,0,0,0,6,6,0
10,35,090,68,38,30,66,38,28,2,0,2
10,35,091,206,108,98,166,89,77,40,19,21
10,35,094,7,2,5,0,0,0,7,2,5
10,35,098,1,1,0,1,1,0,0,0,0
10,35,114,32,31,1,3,3,0,29,28,1
10,35,115,3,3,0,0,0,0,3,3,0
10,35,123,542,390,152,249,129,120,293,261,32
10,36,001,1,1,0,1,1,0,0,0,0
10,36,002,104,43,61,69,28,41,35,15,20
10,36,005,39,18,21,39,18,21,0,0,0
10,36,006,1629289,837575,791714,1524164,782038,742126,105125,55537,49588
10,36,007,8,6,2,8,6,2,0,0,0
10,36,010,9947,5104,4843,9119,4646,4473,828,458,370
10,36,011,19,6,13,6,2,4,13,4,9
10,36,013,105,53,52,80,41,39,25,12,13
10,36,014,3684,1975,1709,3202,1727,1475,482,248,234
10,36,015,8,4,4,4,1,3,4,3,1
10,36,016,14,8,6,5,3,2,9,5,4
10,36,017,22,7,15,20,6,14,2,1,1
10,36,018,473,244,229,389,199,190,84,45,39
10,36,019,4,2,2,0,0,0,4,2,2
10,36,020,7,4,3,6,4,2,1,0,1
10,36,021,9,8,1,9,8,1,0,0,0
10,36,022,163989,83887,80102,132194,67284,64910,31795,16603,15192
10,36,028,636,351,285,620,343,277,16,8,8
10,36,040,7,3,4,6,3,3,1,0,1
10,36,054,5,0,5,0,0,0,5,0,5
10,36,062,3,2,1,3,2,1,0,0,0
10,36,072,16,9,7,14,8,6,2,1,1
10,36,090,15,6,9,14,6,8,1,0,1
10,36,091,1,1,0,1,1,0,0,0,0
10,36,123,1291,643,648,1280,641,639,11,2,9
10,37,001,7,3,4,0,0,0,7,3,4
10,37,002,895,396,499,610,254,356,285,142,143
10,37,005,68,33,35,8,5,3,60,28,32
10,37,006,1216578,634918,581660,1131654,589514,542140,84924,45404,39520
10,37,007,1,0,1,1,0,1,0,0,0
10,37,010,1039,526,513,769,396,373,270,130,140
10,37,011,36,7,29,9,2,7,27,5,22
10,37,013,8,5,3,1,1,0,7,4,3
10,37,014,20,13,7,1,1,0,19,12,7
10,37,015,21,9,12,15,5,10,6,4,2
10,37,016,14,9,5,2,1,1,12,8,4
10,37,017,1,1,0,1,1,0,0,0,0
10,37,018,57487,29630,27857,57247,29488,27759,240,142,98
10,37,020,9,5,4,2,2,0,7,3,4
10,37,022,117532,60944,56588,100440,51967,48473,17092,8977,8115
10,37,028,102,57,45,90,50,40,12,7,5
10,37,040,19,10,9,14,7,7,5,3,2
10,37,048,3,2,1,3,2,1,0,0,0
10,37,054,1,1,0,0,0,0,1,1,0
10,37,072,38,19,19,5,2,3,33,17,16
10,37,074,1,0,1,1,0,1,0,0,0
10,37,082,18,10,8,18,10,8,0,0,0
10,37,090,25,14,11,25,14,11,0,0,0
10,37,091,547,306,241,410,227,183,137,79,58
10,37,098,5,3,2,5,3,2,0,0,0
10,37,123,4321,2217,2104,4221,2160,2061,100,57,43
11,01,001,104,74,30,104,74,30,0,0,0
11,01,002,282,219,63,258,201,57,24,18,6
11,01,003,2,2,0,2,2,0,0,0,0
11,01,004,33,26,7,33,26,7,0,0,0
11,01,005,9,9,0,9,9,0,0,0,0
11,01,006,3893,3189,704,3319,2794,525,574,395,179
11,01,007,45,45,0,45,45,0,0,0,0
11,01,008,2,2,0,2,2,0,0,0,0
11,01,010,19,15,4,10,8,2,9,7,2
11,01,011,250,235,15,249,234,15,1,1,0
11,01,012,98,66,32,98,66,32,0,0,0
11,01,013,129,123,6,129,123,6,0,0,0
11,01,014,9198,5103,4095,8853,4912,3941,345,191,154
11,01,015,32,28,4,32,28,4,0,0,0
11,01,016,196,186,10,196,186,10,0,0,0
11,01,018,6,3,3,6,3,3,0,0,0
11,01,020,144,141,3,143,140,3,1,1,0
11,01,021,84,76,8,84,76,8,0,0,0
11,01,022,34,30,4,34,30,4,0,0,0
11,01,023,1,1,0,1,1,0,0,0,0
11,01,031,6418,3279,3139,6214,3167,3047,204,112,92
11,01,032,3,2,1,3,2,1,0,0,0
11,01,040,7,7,0,7,7,0,0,0,0
11,01,043,6,5,1,6,5,1,0,0,0
11,01,044,43,18,25,43,18,25,0,0,0
11,01,053,1,1,0,1,1,0,0,0,0
11,01,055,2,2,0,2,2,0,0,0,0
11,01,061,1,0,1,1,0,1,0,0,0
11,01,071,13,8,5,13,8,5,0,0,0
11,01,078,12628,6464,6164,12565,6433,6132,63,31,32
11,01,080,3697,2039,1658,3689,2035,1654,8,4,4
11,01,081,1,0,1,1,0,1,0,0,0
11,01,082,19,12,7,19,12,7,0,0,0
11,01,090,5,3,2,5,3,2,0,0,0
11,01,093,6,2,4,6,2,4,0,0,0
11,01,095,11,6,5,11,6,5,0,0,0
11,01,102,530,301,229,530,301,229,0,0,0
11,01,106,1,1,0,1,1,0,0,0,0
11,01,107,1581,865,716,1572,859,713,9,6,3
11,01,110,1170,638,532,1170,638,532,0,0,0
11,01,114,125,68,57,124,67,57,1,1,0
11,01,115,13,10,3,13,10,3,0,0,0
11,01,117,1,1,0,1,1,0,0,0,0
11,01,123,187,109,78,178,105,73,9,4,5
11,02,001,4,2,2,3,1,2,1,1,0
11,02,002,539,429,110,493,393,100,46,36,10
11,02,006,2459,1506,953,1721,1076,645,738,430,308
11,02,010,38,24,14,32,21,11,6,3,3
11,02,011,27,16,11,27,16,11,0,0,0
11,02,012,9,6,3,9,6,3,0,0,0
11,02,014,72974,37273,35701,72177,36835,35342,797,438,359
11,02,015,8,5,3,8,5,3,0,0,0
11,02,016,2,2,0,2,2,0,0,0,0
11,02,018,4,1,3,3,0,3,1,1,0
11,02,019,2,1,1,2,1,1,0,0,0
11,02,021,7,4,3,7,4,3,0,0,0
11,02,022,240,182,58,207,162,45,33,20,13
11,02,023,2,2,0,2,2,0,0,0,0
11,02,026,19,9,10,19,9,10,0,0,0
11,02,031,6703,3470,3233,6572,3411,3161,131,59,72
11,02,040,6,2,4,6,2,4,0,0,0
11,02,043,3,2,1,3,2,1,0,0,0
11,02,044,50,24,26,23,10,13,27,14,13
11,02,054,1,1,0,1,1,0,0,0,0
11,02,061,1,1,0,1,1,0,0,0,0
11,02,072,1,0,1,1,0,1,0,0,0
11,02,078,8524,4518,4006,8522,4517,4005,2,1,1
11,02,080,22718,11793,10925,22698,11781,10917,20,12,8
11,02,082,6,2,4,6,2,4,0,0,0
11,02,087,5,2,3,5,2,3,0,0,0
11,02,088,1,1,0,1,1,0,0,0,0
11,02,093,4,4,0,4,4,0,0,0,0
11,02,101,1,0,1,1,0,1,0,0,0
11,02,102,2701,1415,1286,2695,1414,1281,6,1,5
11,02,107,3105,1590,1515,3096,1583,1513,9,7,2
11,02,110,2852,1495,1357,2847,1492,1355,5,3,2
11,02,111,8,4,4,8,4,4,0,0,0
11,02,113,1,0,1,1,0,1,0,0,0
11,02,114,52,32,20,51,31,20,1,1,0
11,02,123,179,94,85,178,94,84,1,0,1
11,03,001,13,11,2,12,10,2,1,1,0
11,03,002,1342,925,417,1261,867,394,81,58,23
11,03,003,6,2,4,4,2,2,2,0,2
11,03,004,34,21,13,34,21,13,0,0,0
11,03,005,16,9,7,16,9,7,0,0,0
11,03,006,5997,3536,2461,4606,2721,1885,1391,815,576
11,03,008,9,4,5,9,4,5,0,0,0
11,03,009,3,3,0,3,3,0,0,0,0
11,03,010,164,103,61,158,99,59,6,4,2
11,03,011,66,42,24,60,38,22,6,4,2
11,03,012,24,12,12,24,12,12,0,0,0
11,03,013,15,12,3,15,12,3,0,0,0
11,03,014,96160,49217,46943,94131,48185,45946,2029,1032,997
11,03,015,54,28,26,51,26,25,3,2,1
11,03,016,70,39,31,69,38,31,1,1,0
11,03,018,4,0,4,3,0,3,1,0,1
11,03,019,1,1,0,1,1,0,0,0,0
11,03,020,25,12,13,24,11,13,1,1,0
11,03,021,15,10,5,15,10,5,0,0,0
11,03,022,630,408,222,475,311,164,155,97,58
11,03,023,3,2,1,3,2,1,0,0,0
11,03,027,1,0,1,1,0,1,0,0,0
11,03,031,5594,2826,2768,5447,2759,2688,147,67,80
11,03,032,5,2,3,5,2,3,0,0,0
11,03,036,4,3,1,4,3,1,0,0,0
11,03,040,7,5,2,7,5,2,0,0,0
11,03,044,4,2,2,4,2,2,0,0,0
11,03,048,1,0,1,1,0,1,0,0,0
11,03,051,2,0,2,2,0,2,0,0,0
11,03,071,2,0,2,2,0,2,0,0,0
11,03,072,12,4,8,12,4,8,0,0,0
11,03,078,5146,2677,2469,5103,2656,2447,43,21,22
11,03,080,3778,1980,1798,3763,1970,1793,15,10,5
11,03,082,6,4,2,6,4,2,0,0,0
11,03,088,5,4,1,5,4,1,0,0,0
11,03,090,9,2,7,9,2,7,0,0,0
11,03,102,2573,1353,1220,2571,1351,1220,2,2,0
11,03,104,2,1,1,2,1,1,0,0,0
11,03,106,2,1,1,2,1,1,0,0,0
11,03,107,4879,2504,2375,4873,2501,2372,6,3,3
11,03,110,2934,1541,1393,2924,1535,1389,10,6,4
11,03,113,9,4,5,9,4,5,0,0,0
11,03,114,734,318,416,728,315,413,6,3,3
11,03,123,1165,613,552,1125,595,530,40,18,22
11,04,001,424,368,56,368,334,34,56,34,22
11,04,002,4157,3067,1090,2276,1786,490,1881,1281,600
11,04,003,45,39,6,42,36,6,3,3,0
11,04,004,148,136,12,125,114,11,23,22,1
11,04,005,107,72,35,93,61,32,14,11,3
11,04,006,23723,15830,7893,11600,8475,3125,12123,7355,4768
11,04,007,101,85,16,91,77,14,10,8,2
11,04,008,25,18,7,15,13,2,10,5,5
11,04,009,14,9,5,11,7,4,3,2,1
11,04,010,322,191,131,205,121,84,117,70,47
11,04,011,678,491,187,520,400,120,158,91,67
11,04,012,92,79,13,66,62,4,26,17,9
11,04,013,377,299,78,310,247,63,67,52,15
11,04,014,160274,82475,77799,132384,68367,64017,27890,14108,13782
11,04,015,421,327,94,274,231,43,147,96,51
11,04,016,1096,989,107,958,912,46,138,77,61
11,04,017,3,3,0,3,3,0,0,0,0
11,04,018,66,34,32,52,28,24,14,6,8
11,04,019,1,1,0,0,0,0,1,1,0
11,04,020,315,271,44,268,233,35,47,38,9
11,04,021,234,175,59,160,136,24,74,39,35
11,04,022,2026,1498,528,1115,827,288,911,671,240
11,04,025,19,19,0,19,19,0,0,0,0
11,04,026,1,1,0,1,1,0,0,0,0
11,04,027,17,16,1,16,16,0,1,0,1
11,04,031,23110,11904,11206,18255,9426,8829,4855,2478,2377
11,04,032,1,1,0,1,1,0,0,0,0
11,04,033,10,10,0,10,10,0,0,0,0
11,04,039,1,0,1,0,0,0,1,0,1
11,04,040,41,21,20,13,4,9,28,17,11
11,04,042,1,1,0,1,1,0,0,0,0
11,04,043,10,8,2,8,8,0,2,0,2
11,04,044,19,8,11,19,8,11,0,0,0
11,04,047,17,15,2,11,11,0,6,4,2
11,04,048,5,2,3,5,2,3,0,0,0
11,04,052,4,1,3,1,0,1,3,1,2
11,04,055,15,7,8,12,6,6,3,1,2
11,04,071,52,51,1,52,51,1,0,0,0
11,04,072,79,52,27,65,48,17,14,4,10
11,04,073,1,1,0,0,0,0,1,1,0
11,04,077,1,1,0,1,1,0,0,0,0
11,04,078,9430,4846,4584,8099,4147,3952,1331,699,632
11,04,080,4099,2213,1886,3543,1917,1626,556,296,260
11,04,081,6,6,0,6,6,0,0,0,0
11,04,082,75,73,2,74,73,1,1,0,1
11,04,085,2,1,1,0,0,0,2,1,1
11,04,088,1,1,0,1,1,0,0,0,0
11,04,089,7,7,0,7,7,0,0,0,0
11,04,090,21,10,11,19,10,9,2,0,2
11,04,091,16,11,5,16,11,5,0,0,0
11,04,092,1,1,0,1,1,0,0,0,0
11,04,094,4,4,0,4,4,0,0,0,0
11,04,095,4,2,2,2,2,0,2,0,2
11,04,101,2,1,1,2,1,1,0,0,0
11,04,102,3052,1642,1410,2944,1583,1361,108,59,49
11,04,104,2,1,1,1,1,0,1,0,1
11,04,106,7,5,2,6,5,1,1,0,1
11,04,107,4357,2348,2009,3740,1951,1789,617,397,220
11,04,109,1,1,0,1,1,0,0,0,0
11,04,110,3133,1710,1423,2709,1470,1239,424,240,184
11,04,111,6,6,0,6,6,0,0,0,0
11,04,112,5,5,0,5,5,0,0,0,0
11,04,113,1,1,0,0,0,0,1,1,0
11,04,114,1066,531,535,466,239,227,600,292,308
11,04,115,9,9,0,9,9,0,0,0,0
11,04,117,1,1,0,1,1,0,0,0,0
11,04,118,7,7,0,7,7,0,0,0,0
11,04,120,1,1,0,1,1,0,0,0,0
11,04,122,4,4,0,4,4,0,0,0,0
11,04,123,1667,893,774,1088,604,484,579,289,290
12,01,001,759,542,217,425,319,106,334,223,111
12,01,002,633,440,193,208,140,68,425,300,125
12,01,003,51,33,18,30,20,10,21,13,8
12,01,004,40,39,1,28,27,1,12,12,0
12,01,005,28,27,1,0,0,0,28,27,1
12,01,006,3391,2921,470,1014,755,259,2377,2166,211
12,01,007,97,96,1,2,1,1,95,95,0
12,01,008,2,2,0,0,0,0,2,2,0
12,01,009,2,2,0,0,0,0,2,2,0
12,01,010,114,80,34,84,60,24,30,20,10
12,01,011,306,275,31,100,88,12,206,187,19
12,01,012,40,32,8,16,13,3,24,19,5
12,01,013,826,811,15,23,17,6,803,794,9
12,01,014,2068,1220,848,1519,889,630,549,331,218
12,01,015,73,66,7,21,14,7,52,52,0
12,01,016,458,445,13,47,38,9,411,407,4
12,01,018,102,87,15,99,84,15,3,3,0
12,01,020,271,262,9,41,35,6,230,227,3
12,01,021,123,116,7,8,8,0,115,108,7
12,01,022,27,22,5,12,11,1,15,11,4
12,01,023,181,107,74,93,60,33,88,47,41
12,01,030,12,12,0,12,12,0,0,0,0
12,01,031,5,3,2,0,0,0,5,3,2
12,01,040,3,2,1,0,0,0,3,2,1
12,01,043,9,4,5,0,0,0,9,4,5
12,01,044,5,3,2,0,0,0,5,3,2
12,01,052,5,2,3,0,0,0,5,2,3
12,01,055,3,2,1,2,1,1,1,1,0
12,01,072,8,5,3,7,4,3,1,1,0
12,01,082,9,5,4,9,5,4,0,0,0
12,01,086,56,30,26,22,13,9,34,17,17
12,01,087,1,0,1,1,0,1,0,0,0
12,01,089,28394,13716,14678,26306,12689,13617,2088,1027,1061
12,01,090,13,6,7,12,5,7,1,1,0
12,01,091,5,1,4,5,1,4,0,0,0
12,01,093,293,156,137,116,64,52,177,92,85
12,01,094,6,4,2,2,1,1,4,3,1
12,01,102,3,2,1,3,2,1,0,0,0
12,01,107,98,51,47,66,33,33,32,18,14
12,01,110,109,51,58,109,51,58,0,0,0
12,01,111,3,1,2,0,0,0,3,1,2
12,01,112,11,4,7,7,2,5,4,2,2
12,01,114,189,93,96,38,27,11,151,66,85
12,01,118,9,5,4,0,0,0,9,5,4
12,01,123,83,63,20,61,45,16,22,18,4
12,02,001,3018,1909,1109,2524,1627,897,494,282,212
12,02,002,2774,1713,1061,2280,1419,861,494,294,200
12,02,003,523,265,258,475,245,230,48,20,28
12,02,004,75,61,14,75,61,14,0,0,0
12,02,005,102,83,19,102,83,19,0,0,0
12,02,006,9680,7074,2606,8662,6475,2187,1018,599,419
12,02,007,183,144,39,182,143,39,1,1,0
12,02,008,5,4,1,5,4,1,0,0,0
12,02,009,3,3,0,3,3,0,0,0,0
12,02,010,249,161,88,226,143,83,23,18,5
12,02,011,731,543,188,673,507,166,58,36,22
12,02,012,125,99,26,106,91,15,19,8,11
12,02,013,664,554,110,664,554,110,0,0,0
12,02,014,13580,7447,6133,12155,6671,5484,1425,776,649
12,02,015,415,272,143,387,258,129,28,14,14
12,02,016,611,505,106,604,503,101,7,2,5
12,02,018,117,91,26,117,91,26,0,0,0
12,02,019,4,3,1,1,1,0,3,2,1
12,02,020,501,422,79,499,420,79,2,2,0
12,02,021,325,257,68,324,256,68,1,1,0
12,02,022,54,41,13,40,31,9,14,10,4
12,02,023,1281,644,637,1119,560,559,162,84,78
12,02,025,3,3,0,3,3,0,0,0,0
12,02,027,1,1,0,1,1,0,0,0,0
12,02,031,191,92,99,16,8,8,175,84,91
12,02,033,3,3,0,3,3,0,0,0,0
12,02,038,17,9,8,13,7,6,4,2,2
12,02,040,1,1,0,1,1,0,0,0,0
12,02,043,75,54,21,72,52,20,3,2,1
12,02,047,13,12,1,12,12,0,1,0,1
12,02,051,1,1,0,1,1,0,0,0,0
12,02,052,7,4,3,7,4,3,0,0,0
12,02,054,17,10,7,17,10,7,0,0,0
12,02,055,17,10,7,14,10,4,3,0,3
12,02,062,1,1,0,1,1,0,0,0,0
12,02,064,2,2,0,2,2,0,0,0,0
12,02,071,61,51,10,55,49,6,6,2,4
12,02,072,23,12,11,23,12,11,0,0,0
12,02,073,4,1,3,4,1,3,0,0,0
12,02,078,2,2,0,2,2,0,0,0,0
12,02,080,7,4,3,7,4,3,0,0,0
12,02,082,66,55,11,57,51,6,9,4,5
12,02,086,258,144,114,193,107,86,65,37,28
12,02,087,4,2,2,3,1,2,1,1,0
12,02,089,21356,10721,10635,19736,9920,9816,1620,801,819
12,02,090,50,34,16,50,34,16,0,0,0
12,02,091,10,9,1,10,9,1,0,0,0
12,02,093,1619,860,759,1259,672,587,360,188,172
12,02,094,26,10,16,12,5,7,14,5,9
12,02,095,2,2,0,2,2,0,0,0,0
12,02,101,6,2,4,6,2,4,0,0,0
12,02,102,57,33,24,56,32,24,1,1,0
12,02,107,217,107,110,204,100,104,13,7,6
12,02,110,298,168,130,290,164,126,8,4,4
12,02,111,4,4,0,4,4,0,0,0,0
12,02,112,7,6,1,7,6,1,0,0,0
12,02,114,5217,2745,2472,4932,2598,2334,285,147,138
12,02,115,5,5,0,5,5,0,0,0,0
12,02,117,2,2,0,2,2,0,0,0,0
12,02,118,2,2,0,2,2,0,0,0,0
12,02,122,3,3,0,3,3,0,0,0,0
12,02,123,9924,5060,4864,9596,4885,4711,328,175,153
12,03,001,1216,719,497,540,329,211,676,390,286
12,03,002,1349,780,569,671,352,319,678,428,250
12,03,003,59,29,30,35,16,19,24,13,11
12,03,004,2,2,0,0,0,0,2,2,0
12,03,005,39,20,19,39,20,19,0,0,0
12,03,006,1703,1029,674,538,314,224,1165,715,450
12,03,007,7,7,0,2,2,0,5,5,0
12,03,008,6,6,0,0,0,0,6,6,0
12,03,010,215,142,73,18,12,6,197,130,67
12,03,011,157,95,62,35,23,12,122,72,50
12,03,012,17,13,4,1,1,0,16,12,4
12,03,013,10,6,4,2,0,2,8,6,2
12,03,014,2857,1596,1261,1354,768,586,1503,828,675
12,03,015,175,100,75,148,84,64,27,16,11
12,03,016,47,26,21,44,23,21,3,3,0
12,03,018,41,34,7,38,31,7,3,3,0
12,03,020,21,14,7,14,9,5,7,5,2
12,03,021,7,6,1,4,3,1,3,3,0
12,03,022,36,20,16,7,0,7,29,20,9
12,03,023,528,288,240,319,180,139,209,108,101
12,03,038,5,4,1,1,1,0,4,3,1
12,03,043,4,2,2,3,2,1,1,0,1
12,03,049,3,3,0,0,0,0,3,3,0
12,03,052,11,9,2,11,9,2,0,0,0
12,03,055,2,0,2,0,0,0,2,0,2
12,03,071,1,1,0,0,0,0,1,1,0
12,03,072,6,3,3,6,3,3,0,0,0
12,03,082,14,7,7,1,1,0,13,6,7
12,03,086,505,262,243,480,248,232,25,14,11
12,03,087,3,1,2,3,1,2,0,0,0
12,03,089,124,62,62,38,10,28,86,52,34
12,03,090,617,286,331,592,275,317,25,11,14
12,03,091,2,1,1,0,0,0,2,1,1
12,03,093,41958,20415,21543,32165,15553,16612,9793,4862,4931
12,03,094,20,14,6,12,7,5,8,7,1
12,03,096,1,1,0,1,1,0,0,0,0
12,03,102,2811,1485,1326,2695,1420,1275,116,65,51
12,03,107,9,4,5,9,4,5,0,0,0
12,03,112,16,7,9,2,1,1,14,6,8
12,03,113,15,6,9,14,6,8,1,0,1
12,03,114,14,8,6,5,3,2,9,5,4
12,03,118,22,17,5,8,6,2,14,11,3
12,03,123,2524,1272,1252,2322,1174,1148,202,98,104
12,04,001,9123,5047,4076,3650,2059,1591,5473,2988,2485
12,04,002,19185,10353,8832,5916,3164,2752,13269,7189,6080
12,04,003,1392,667,725,742,378,364,650,289,361
12,04,004,52,47,5,38,34,4,14,13,1
12,04,005,7,7,0,1,1,0,6,6,0
12,04,006,11804,7237,4567,3816,2345,1471,7988,4892,3096
12,04,007,67,53,14,3,2,1,64,51,13
12,04,008,7,5,2,3,2,1,4,3,1
12,04,009,4,1,3,0,0,0,4,1,3
12,04,010,483,265,218,97,56,41,386,209,177
12,04,011,1562,913,649,394,238,156,1168,675,493
12,04,012,510,296,214,96,55,41,414,241,173
12,04,013,46,36,10,4,4,0,42,32,10
12,04,014,7429,4111,3318,3129,1714,1415,4300,2397,1903
12,04,015,698,412,286,366,222,144,332,190,142
12,04,016,372,225,147,93,62,31,279,163,116
12,04,018,44,29,15,25,16,9,19,13,6
12,04,020,197,137,60,51,38,13,146,99,47
12,04,021,221,123,98,48,26,22,173,97,76
12,04,022,198,141,57,89,68,21,109,73,36
12,04,023,7696,3692,4004,1217,631,586,6479,3061,3418
12,04,025,1,0,1,0,0,0,1,0,1
12,04,026,4,2,2,4,2,2,0,0,0
12,04,027,14,5,9,2,0,2,12,5,7
12,04,028,43,23,20,1,1,0,42,22,20
12,04,030,1,0,1,0,0,0,1,0,1
12,04,031,8,4,4,1,1,0,7,3,4
12,04,032,1,0,1,0,0,0,1,0,1
12,04,033,17,10,7,2,1,1,15,9,6
12,04,035,1,0,1,1,0,1,0,0,0
12,04,038,277,125,152,94,42,52,183,83,100
12,04,040,12,7,5,5,3,2,7,4,3
12,04,042,6,2,4,6,2,4,0,0,0
12,04,043,71,31,40,12,8,4,59,23,36
12,04,048,1,1,0,1,1,0,0,0,0
12,04,051,9,2,7,9,2,7,0,0,0
12,04,052,1156,580,576,1063,533,530,93,47,46
12,04,054,2,2,0,1,1,0,1,1,0
12,04,055,59,21,38,25,8,17,34,13,21
12,04,067,4,3,1,0,0,0,4,3,1
12,04,068,1,1,0,1,1,0,0,0,0
12,04,071,14,8,6,14,8,6,0,0,0
12,04,072,71,43,28,27,15,12,44,28,16
12,04,073,5,1,4,0,0,0,5,1,4
12,04,078,7,5,2,7,5,2,0,0,0
12,04,081,1,1,0,1,1,0,0,0,0
12,04,082,37,18,19,14,5,9,23,13,10
12,04,086,3645,1864,1781,1535,798,737,2110,1066,1044
12,04,087,92,50,42,15,12,3,77,38,39
12,04,089,659,345,314,153,87,66,506,258,248
12,04,090,153,69,84,49,28,21,104,41,63
12,04,091,47,28,19,21,13,8,26,15,11
12,04,093,51539,25608,25931,36179,17928,18251,15360,7680,7680
12,04,094,371,189,182,86,50,36,285,139,146
12,04,095,17,10,7,4,2,2,13,8,5
12,04,097,1,1,0,0,0,0,1,1,0
12,04,101,19,8,11,1,1,0,18,7,11
12,04,102,18,10,8,18,10,8,0,0,0
12,04,103,1,0,1,1,0,1,0,0,0
12,04,105,13,6,7,13,6,7,0,0,0
12,04,106,1,0,1,1,0,1,0,0,0
12,04,107,34,18,16,24,14,10,10,4,6
12,04,109,1,1,0,0,0,0,1,1,0
12,04,110,9,7,2,0,0,0,9,7,2
12,04,111,3,1,2,1,0,1,2,1,1
12,04,112,264,143,121,21,16,5,243,127,116
12,04,113,5,3,2,5,3,2,0,0,0
12,04,114,132,67,65,23,14,9,109,53,56
12,04,115,5,3,2,5,3,2,0,0,0
12,04,118,210,119,91,78,44,34,132,75,57
12,04,123,1844,942,902,659,354,305,1185,588,597
12,05,001,2433,1446,987,1639,999,640,794,447,347
12,05,002,1698,1028,670,781,464,317,917,564,353
12,05,003,182,91,91,114,55,59,68,36,32
12,05,004,8,6,2,8,6,2,0,0,0
12,05,005,2,2,0,1,1,0,1,1,0
12,05,006,2634,1745,889,1574,1077,497,1060,668,392
12,05,007,12,12,0,5,5,0,7,7,0
12,05,008,3,3,0,3,3,0,0,0,0
12,05,009,1,0,1,0,0,0,1,0,1
12,05,010,104,65,39,38,27,11,66,38,28
12,05,011,235,175,60,114,100,14,121,75,46
12,05,012,69,36,33,43,22,21,26,14,12
12,05,013,21,16,5,17,13,4,4,3,1
12,05,014,2143,1225,918,1296,760,536,847,465,382
12,05,015,176,113,63,141,89,52,35,24,11
12,05,016,112,96,16,85,75,10,27,21,6
12,05,018,2,2,0,2,2,0,0,0,0
12,05,019,4,2,2,0,0,0,4,2,2
12,05,020,90,69,21,70,49,21,20,20,0
12,05,021,35,27,8,25,19,6,10,8,2
12,05,022,40,30,10,20,15,5,20,15,5
12,05,023,417,227,190,163,93,70,254,134,120
12,05,027,1,1,0,1,1,0,0,0,0
12,05,032,1,1,0,1,1,0,0,0,0
12,05,033,6,3,3,6,3,3,0,0,0
12,05,038,13,7,6,6,5,1,7,2,5
12,05,039,1,1,0,1,1,0,0,0,0
12,05,040,7,0,7,7,0,7,0,0,0
12,05,043,20,7,13,13,3,10,7,4,3
12,05,052,1,1,0,0,0,0,1,1,0
12,05,054,2,1,1,2,1,1,0,0,0
12,05,055,22,8,14,7,3,4,15,5,10
12,05,061,5,5,0,5,5,0,0,0,0
12,05,072,11,10,1,7,6,1,4,4,0
12,05,082,13,9,4,12,8,4,1,1,0
12,05,086,15317,7538,7779,15015,7392,7623,302,146,156
12,05,087,2,2,0,2,2,0,0,0,0
12,05,089,43,23,20,11,5,6,32,18,14
12,05,090,23,9,14,11,3,8,12,6,6
12,05,091,3,1,2,1,1,0,2,0,2
12,05,093,67620,33070,34550,60104,29419,30685,7516,3651,3865
12,05,094,19,11,8,6,4,2,13,7,6
12,05,095,1,1,0,0,0,0,1,1,0
12,05,098,1,1,0,1,1,0,0,0,0
12,05,102,910,485,425,905,482,423,5,3,2
12,05,105,6,3,3,6,3,3,0,0,0
12,05,110,7,4,3,7,4,3,0,0,0
12,05,112,20,14,6,9,6,3,11,8,3
12,05,113,35,16,19,35,16,19,0,0,0
12,05,114,35,19,16,23,14,9,12,5,7
12,05,115,3,2,1,0,0,0,3,2,1
12,05,118,9,4,5,0,0,0,9,4,5
12,05,123,3666,1869,1797,3517,1799,1718,149,70,79
12,06,001,997,573,424,277,162,115,720,411,309
12,06,002,1168,718,450,317,190,127,851,528,323
12,06,003,68,34,34,13,8,5,55,26,29
12,06,004,7,7,0,4,4,0,3,3,0
12,06,005,1,1,0,0,0,0,1,1,0
12,06,006,1793,1274,519,502,343,159,1291,931,360
12,06,007,6,6,0,3,3,0,3,3,0
12,06,008,1,1,0,0,0,0,1,1,0
12,06,009,1,1,0,0,0,0,1,1,0
12,06,010,42,31,11,23,18,5,19,13,6
12,06,011,235,154,81,42,26,16,193,128,65
12,06,012,54,30,24,7,5,2,47,25,22
12,06,013,8,7,1,1,0,1,7,7,0
12,06,014,1223,712,511,592,334,258,631,378,253
12,06,015,441,289,152,229,161,68,212,128,84
12,06,016,41,36,5,1,1,0,40,35,5
12,06,018,21,21,0,21,21,0,0,0,0
12,06,020,19,19,0,5,5,0,14,14,0
12,06,021,30,20,10,9,6,3,21,14,7
12,06,022,36,29,7,12,8,4,24,21,3
12,06,023,7839,3979,3860,6626,3379,3247,1213,600,613
12,06,027,4,2,2,4,2,2,0,0,0
12,06,038,15,7,8,1,0,1,14,7,7
12,06,043,80,39,41,55,27,28,25,12,13
12,06,055,7,5,2,0,0,0,7,5,2
12,06,078,1,1,0,0,0,0,1,1,0
12,06,082,11,4,7,0,0,0,11,4,7
12,06,083,2,0,2,2,0,2,0,0,0
12,06,086,224,128,96,74,38,36,150,90,60
12,06,089,18,8,10,1,0,1,17,8,9
12,06,090,4,3,1,0,0,0,4,3,1
12,06,093,39970,19609,20361,30268,14848,15420,9702,4761,4941
12,06,094,17,6,11,0,0,0,17,6,11
12,06,112,3,3,0,0,0,0,3,3,0
12,06,114,7,3,4,1,0,1,6,3,3
12,06,118,1,1,0,1,1,0,0,0,0
12,06,123,951,479,472,499,247,252,452,232,220
12,07,001,2390,1400,990,1194,747,447,1196,653,543
12,07,002,3179,1853,1326,1377,804,573,1802,1049,753
12,07,003,510,262,248,342,183,159,168,79,89
12,07,004,56,45,11,21,21,0,35,24,11
12,07,005,16,9,7,5,3,2,11,6,5
12,07,006,6817,4568,2249,2391,1555,836,4426,3013,1413
12,07,007,10,5,5,1,0,1,9,5,4
12,07,008,4,2,2,0,0,0,4,2,2
12,07,010,82,46,36,58,32,26,24,14,10
12,07,011,463,314,149,85,61,24,378,253,125
12,07,012,148,92,56,51,35,16,97,57,40
12,07,013,65,48,17,15,11,4,50,37,13
12,07,014,3768,2280,1488,1985,1141,844,1783,1139,644
12,07,015,630,418,212,478,319,159,152,99,53
12,07,016,112,96,16,35,29,6,77,67,10
12,07,018,95,68,27,88,61,27,7,7,0
12,07,019,8,6,2,4,4,0,4,2,2
12,07,020,131,92,39,46,32,14,85,60,25
12,07,021,84,64,20,33,22,11,51,42,9
12,07,022,239,162,77,97,63,34,142,99,43
12,07,023,79948,39918,40030,70520,35268,35252,9428,4650,4778
12,07,027,2,2,0,1,1,0,1,1,0
12,07,031,1,1,0,1,1,0,0,0,0
12,07,032,2,1,1,2,1,1,0,0,0
12,07,033,9,4,5,0,0,0,9,4,5
12,07,038,23,12,11,11,6,5,12,6,6
12,07,039,4,2,2,4,2,2,0,0,0
12,07,040,2,1,1,0,0,0,2,1,1
12,07,043,5,2,3,4,2,2,1,0,1
12,07,052,2,0,2,2,0,2,0,0,0
12,07,055,4,2,2,0,0,0,4,2,2
12,07,068,1,1,0,1,1,0,0,0,0
12,07,071,4,2,2,0,0,0,4,2,2
12,07,072,39,21,18,33,17,16,6,4,2
12,07,077,1,1,0,1,1,0,0,0,0
12,07,080,8,4,4,0,0,0,8,4,4
12,07,082,11,9,2,5,4,1,6,5,1
12,07,083,19,13,6,19,13,6,0,0,0
12,07,086,453,228,225,320,156,164,133,72,61
12,07,087,11,5,6,10,5,5,1,0,1
12,07,089,2555,1240,1315,2460,1188,1272,95,52,43
12,07,090,15,8,7,11,7,4,4,1,3
12,07,091,1,1,0,0,0,0,1,1,0
12,07,093,1232,628,604,643,335,308,589,293,296
12,07,094,20,10,10,8,3,5,12,7,5
12,07,101,20,11,9,19,10,9,1,1,0
12,07,105,51,30,21,50,29,21,1,1,0
12,07,106,1,0,1,1,0,1,0,0,0
12,07,107,28,12,16,27,12,15,1,0,1
12,07,110,43,24,19,31,16,15,12,8,4
12,07,111,11,6,5,1,1,0,10,5,5
12,07,112,27,15,12,5,3,2,22,12,10
12,07,114,134,67,67,48,27,21,86,40,46
12,07,115,8,6,2,0,0,0,8,6,2
12,07,118,12,7,5,7,4,3,5,3,2
12,07,123,404,225,179,255,153,102,149,72,77
12,08,001,3358,1823,1535,1937,1079,858,1421,744,677
12,08,002,4823,2623,2200,1844,998,846,2979,1625,1354
12,08,003,1088,523,565,820,418,402,268,105,163
12,08,004,12,8,4,3,3,0,9,5,4
12,08,005,7,4,3,7,4,3,0,0,0
12,08,006,7830,4702,3128,2823,1740,1083,5007,2962,2045
12,08,007,6,5,1,5,4,1,1,1,0
12,08,008,7,5,2,0,0,0,7,5,2
12,08,009,1,0,1,0,0,0,1,0,1
12,08,010,164,85,79,46,23,23,118,62,56
12,08,011,228,140,88,57,40,17,171,100,71
12,08,012,160,87,73,63,35,28,97,52,45
12,08,013,22,17,5,9,9,0,13,8,5
12,08,014,8537,4568,3969,4759,2589,2170,3778,1979,1799
12,08,015,549,338,211,269,175,94,280,163,117
12,08,016,111,66,45,13,8,5,98,58,40
12,08,018,33,16,17,26,13,13,7,3,4
12,08,019,20,12,8,14,8,6,6,4,2
12,08,020,52,34,18,43,26,17,9,8,1
12,08,021,30,20,10,18,12,6,12,8,4
12,08,022,184,112,72,46,26,20,138,86,52
12,08,023,55725,27816,27909,49440,24794,24646,6285,3022,3263
12,08,033,4,2,2,0,0,0,4,2,2
12,08,035,1,1,0,0,0,0,1,1,0
12,08,038,33,17,16,16,9,7,17,8,9
12,08,039,3,1,2,0,0,0,3,1,2
12,08,040,4,3,1,3,3,0,1,0,1
12,08,043,78,38,40,48,24,24,30,14,16
12,08,052,9,5,4,9,5,4,0,0,0
12,08,055,8,2,6,4,1,3,4,1,3
12,08,071,3,3,0,1,1,0,2,2,0
12,08,072,27,18,9,27,18,9,0,0,0
12,08,075,1,1,0,1,1,0,0,0,0
12,08,077,1,0,1,1,0,1,0,0,0
12,08,078,1,0,1,1,0,1,0,0,0
12,08,080,9,2,7,0,0,0,9,2,7
12,08,082,56,28,28,16,9,7,40,19,21
12,08,086,2694,1351,1343,2343,1181,1162,351,170,181
12,08,087,221,121,100,196,107,89,25,14,11
12,08,088,4,1,3,0,0,0,4,1,3
12,08,089,93,49,44,13,4,9,80,45,35
12,08,090,28,17,11,24,15,9,4,2,2
12,08,091,7,2,5,7,2,5,0,0,0
12,08,093,657,332,325,200,99,101,457,233,224
12,08,094,58,28,30,12,5,7,46,23,23
12,08,095,1,0,1,1,0,1,0,0,0
12,08,101,34,14,20,30,14,16,4,0,4
12,08,102,25,21,4,25,21,4,0,0,0
12,08,105,34,18,16,17,9,8,17,9,8
12,08,106,7,3,4,0,0,0,7,3,4
12,08,107,5,2,3,3,1,2,2,1,1
12,08,110,45,23,22,22,12,10,23,11,12
12,08,112,20,10,10,10,5,5,10,5,5
12,08,114,46,26,20,26,12,14,20,14,6
12,08,117,1,1,0,1,1,0,0,0,0
12,08,118,24,11,13,5,3,2,19,8,11
12,08,123,208,110,98,128,68,60,80,42,38
12,09,001,631,422,209,631,422,209,0,0,0
12,09,002,756,505,251,756,505,251,0,0,0
12,09,003,90,63,27,90,63,27,0,0,0
12,09,004,420,416,4,420,416,4,0,0,0
12,09,005,1,1,0,1,1,0,0,0,0
12,09,006,2903,1866,1037,2903,1866,1037,0,0,0
12,09,007,1,1,0,1,1,0,0,0,0
12,09,008,44,44,0,44,44,0,0,0,0
12,09,010,56,38,18,56,38,18,0,0,0
12,09,011,112,83,29,112,83,29,0,0,0
12,09,012,46,33,13,46,33,13,0,0,0
12,09,013,19,12,7,19,12,7,0,0,0
12,09,014,1804,1030,774,1804,1030,774,0,0,0
12,09,015,761,506,255,761,506,255,0,0,0
12,09,016,92,75,17,92,75,17,0,0,0
12,09,018,81,76,5,81,76,5,0,0,0
12,09,019,5,3,2,5,3,2,0,0,0
12,09,020,15,15,0,15,15,0,0,0,0
12,09,021,20,15,5,20,15,5,0,0,0
12,09,022,160,155,5,160,155,5,0,0,0
12,09,023,22063,11067,10996,22063,11067,10996,0,0,0
12,09,038,4,4,0,4,4,0,0,0,0
12,09,040,1,1,0,1,1,0,0,0,0
12,09,043,6,2,4,6,2,4,0,0,0
12,09,053,1,1,0,1,1,0,0,0,0
12,09,055,5,5,0,5,5,0,0,0,0
12,09,060,1,1,0,1,1,0,0,0,0
12,09,072,19,10,9,19,10,9,0,0,0
12,09,080,4,1,3,4,1,3,0,0,0
12,09,082,4,3,1,4,3,1,0,0,0
12,09,083,11,7,4,11,7,4,0,0,0
12,09,086,91,47,44,91,47,44,0,0,0
12,09,087,160,69,91,160,69,91,0,0,0
12,09,089,1893,901,992,1893,901,992,0,0,0
12,09,090,2,2,0,2,2,0,0,0,0
12,09,093,224,113,111,224,113,111,0,0,0
12,09,094,9,8,1,9,8,1,0,0,0
12,09,102,5,3,2,5,3,2,0,0,0
12,09,105,30,18,12,30,18,12,0,0,0
12,09,107,1,1,0,1,1,0,0,0,0
12,09,110,34,20,14,34,20,14,0,0,0
12,09,112,100,56,44,100,56,44,0,0,0
12,09,114,401,201,200,401,201,200,0,0,0
12,09,115,4,2,2,4,2,2,0,0,0
12,09,118,22,15,7,22,15,7,0,0,0
12,09,123,251,140,111,251,140,111,0,0,0
12,10,001,2719,1547,1172,1704,995,709,1015,552,463
12,10,002,5340,2995,2345,3625,2034,1591,1715,961,754
12,10,003,183,102,81,158,91,67,25,11,14
12,10,004,12,12,0,9,9,0,3,3,0
12,10,005,1,1,0,0,0,0,1,1,0
12,10,006,4976,3236,1740,3069,2044,1025,1907,1192,715
12,10,007,11,7,4,0,0,0,11,7,4
12,10,008,5,4,1,3,2,1,2,2,0
12,10,009,1,0,1,0,0,0,1,0,1
12,10,010,378,270,108,259,196,63,119,74,45
12,10,011,275,180,95,91,69,22,184,111,73
12,10,012,107,78,29,51,41,10,56,37,19
12,10,013,27,24,3,16,16,0,11,8,3
12,10,014,15463,8445,7018,13355,7331,6024,2108,1114,994
12,10,015,468,304,164,318,212,106,150,92,58
12,10,016,85,67,18,38,34,4,47,33,14
12,10,017,1,1,0,1,1,0,0,0,0
12,10,018,594,559,35,585,551,34,9,8,1
12,10,019,16,10,6,15,10,5,1,0,1
12,10,020,29,19,10,14,11,3,15,8,7
12,10,021,54,28,26,19,11,8,35,17,18
12,10,022,73,42,31,45,25,20,28,17,11
12,10,023,11249,5568,5681,10220,5044,5176,1029,524,505
12,10,030,2,1,1,2,1,1,0,0,0
12,10,032,5,4,1,5,4,1,0,0,0
12,10,037,2,0,2,0,0,0,2,0,2
12,10,038,82,43,39,48,28,20,34,15,19
12,10,043,45,31,14,43,29,14,2,2,0
12,10,044,10,7,3,6,3,3,4,4,0
12,10,052,13,7,6,8,5,3,5,2,3
12,10,054,3,1,2,3,1,2,0,0,0
12,10,055,24,15,9,22,15,7,2,0,2
12,10,065,1,1,0,1,1,0,0,0,0
12,10,071,5,2,3,3,2,1,2,0,2
12,10,072,66,38,28,65,37,28,1,1,0
12,10,080,13,7,6,12,6,6,1,1,0
12,10,082,23,14,9,21,13,8,2,1,1
12,10,086,3146,1624,1522,3073,1579,1494,73,45,28
12,10,087,10573,5197,5376,9778,4714,5064,795,483,312
12,10,089,28,15,13,4,1,3,24,14,10
12,10,090,92,56,36,67,37,30,25,19,6
12,10,091,55,33,22,13,8,5,42,25,17
12,10,093,601,330,271,237,136,101,364,194,170
12,10,094,88,48,40,9,6,3,79,42,37
12,10,101,6,4,2,6,4,2,0,0,0
12,10,102,22,13,9,22,13,9,0,0,0
12,10,107,24,14,10,10,5,5,14,9,5
12,10,110,166,94,72,165,93,72,1,1,0
12,10,111,1,1,0,1,1,0,0,0,0
12,10,112,32,22,10,10,8,2,22,14,8
12,10,114,97,50,47,80,39,41,17,11,6
12,10,115,3,3,0,0,0,0,3,3,0
12,10,118,57,29,28,5,3,2,52,26,26
12,10,123,368,239,129,299,196,103,69,43,26
12,11,001,16331,8658,7673,12914,6844,6070,3417,1814,1603
12,11,002,12920,7031,5889,8470,4608,3862,4450,2423,2027
12,11,003,1881,986,895,1846,966,880,35,20,15
12,11,004,107,90,17,93,78,15,14,12,2
12,11,005,107,61,46,105,59,46,2,2,0
12,11,006,14507,9147,5360,8137,5267,2870,6370,3880,2490
12,11,007,32,26,6,27,22,5,5,4,1
12,11,009,5,4,1,5,4,1,0,0,0
12,11,010,279,181,98,214,134,80,65,47,18
12,11,011,645,424,221,336,244,92,309,180,129
12,11,012,385,242,143,196,131,65,189,111,78
12,11,013,113,89,24,83,66,17,30,23,7
12,11,014,22200,12086,10114,18024,9896,8128,4176,2190,1986
12,11,015,2179,1247,932,1529,877,652,650,370,280
12,11,016,719,429,290,595,344,251,124,85,39
12,11,018,722,405,317,717,401,316,5,4,1
12,11,019,5,4,1,4,3,1,1,1,0
12,11,020,139,111,28,105,87,18,34,24,10
12,11,021,187,112,75,115,73,42,72,39,33
12,11,022,100,61,39,33,22,11,67,39,28
12,11,023,4451,2273,2178,3366,1748,1618,1085,525,560
12,11,025,1,1,0,1,1,0,0,0,0
12,11,027,16,12,4,4,3,1,12,9,3
12,11,030,1,1,0,1,1,0,0,0,0
12,11,032,1,1,0,1,1,0,0,0,0
12,11,033,6,4,2,0,0,0,6,4,2
12,11,038,2735,1401,1334,2639,1352,1287,96,49,47
12,11,039,1,1,0,0,0,0,1,1,0
12,11,040,3,2,1,2,1,1,1,1,0
12,11,042,1,1,0,1,1,0,0,0,0
12,11,043,73,47,26,71,45,26,2,2,0
12,11,044,63,33,30,63,33,30,0,0,0
12,11,047,5,5,0,1,1,0,4,4,0
12,11,048,8,3,5,8,3,5,0,0,0
12,11,052,7,3,4,0,0,0,7,3,4
12,11,054,131,74,57,130,73,57,1,1,0
12,11,055,27,13,14,24,12,12,3,1,2
12,11,061,3,1,2,0,0,0,3,1,2
12,11,066,1,0,1,0,0,0,1,0,1
12,11,071,3,3,0,3,3,0,0,0,0
12,11,072,484,249,235,439,227,212,45,22,23
12,11,077,1,0,1,1,0,1,0,0,0
12,11,078,5,4,1,3,2,1,2,2,0
12,11,080,31,20,11,26,15,11,5,5,0
12,11,081,2,1,1,2,1,1,0,0,0
12,11,082,792,390,402,770,385,385,22,5,17
12,11,083,21,12,9,21,12,9,0,0,0
12,11,086,6709,3460,3249,6434,3318,3116,275,142,133
12,11,087,22370,11100,11270,21125,10454,10671,1245,646,599
12,11,089,97,48,49,44,24,20,53,24,29
12,11,090,894,473,421,885,468,417,9,5,4
12,11,091,683,397,286,666,386,280,17,11,6
12,11,093,1009,503,506,516,267,249,493,236,257
12,11,094,221,126,95,156,93,63,65,33,32
12,11,101,20,12,8,20,12,8,0,0,0
12,11,102,5,2,3,2,1,1,3,1,2
12,11,105,33,20,13,33,20,13,0,0,0
12,11,106,8,4,4,8,4,4,0,0,0
12,11,107,20,10,10,16,8,8,4,2,2
12,11,109,5,2,3,5,2,3,0,0,0
12,11,110,181,97,84,165,90,75,16,7,9
12,11,111,15,11,4,15,11,4,0,0,0
12,11,112,272,150,122,196,104,92,76,46,30
12,11,114,1393,691,702,1286,636,650,107,55,52
12,11,115,24,13,11,18,10,8,6,3,3
12,11,118,158,92,66,93,57,36,65,35,30
12,11,122,6,3,3,6,3,3,0,0,0
12,11,123,26968,14151,12817,23951,12555,11396,3017,1596,1421
12,12,001,5846,3284,2562,4169,2374,1795,1677,910,767
12,12,002,39815,20755,19060,38024,19749,18275,1791,1006,785
12,12,003,416,243,173,402,234,168,14,9,5
12,12,004,40,34,6,8,8,0,32,26,6
12,12,005,113,58,55,110,55,55,3,3,0
12,12,006,7991,4728,3263,5339,3110,2229,2652,1618,1034
12,12,007,5,3,2,4,2,2,1,1,0
12,12,008,6,6,0,0,0,0,6,6,0
12,12,009,5,3,2,5,3,2,0,0,0
12,12,010,589,336,253,507,286,221,82,50,32
12,12,011,324,205,119,144,92,52,180,113,67
12,12,012,267,167,100,150,86,64,117,81,36
12,12,013,28,21,7,20,14,6,8,7,1
12,12,014,11337,6139,5198,9250,4997,4253,2087,1142,945
12,12,015,503,273,230,369,201,168,134,72,62
12,12,016,76,45,31,46,29,17,30,16,14
12,12,018,131,65,66,128,63,65,3,2,1
12,12,019,2,2,0,1,1,0,1,1,0
12,12,020,41,27,14,17,11,6,24,16,8
12,12,021,181,117,64,121,78,43,60,39,21
12,12,022,79,39,40,62,29,33,17,10,7
12,12,023,1201,625,576,805,420,385,396,205,191
12,12,025,6,2,4,0,0,0,6,2,4
12,12,026,1,1,0,1,1,0,0,0,0
12,12,027,26,12,14,26,12,14,0,0,0
12,12,031,62,39,23,62,39,23,0,0,0
12,12,032,13,10,3,12,9,3,1,1,0
12,12,033,11,7,4,5,2,3,6,5,1
12,12,034,7,3,4,7,3,4,0,0,0
12,12,038,1253,641,612,1228,628,600,25,13,12
12,12,039,4,1,3,4,1,3,0,0,0
12,12,042,5,3,2,0,0,0,5,3,2
12,12,043,34,17,17,27,14,13,7,3,4
12,12,044,7,4,3,7,4,3,0,0,0
12,12,048,9,5,4,9,5,4,0,0,0
12,12,051,6,3,3,6,3,3,0,0,0
12,12,052,29,16,13,15,10,5,14,6,8
12,12,054,100,52,48,93,48,45,7,4,3
12,12,055,28,18,10,18,12,6,10,6,4
12,12,057,1,1,0,1,1,0,0,0,0
12,12,061,1,1,0,1,1,0,0,0,0
12,12,062,1,0,1,0,0,0,1,0,1
12,12,068,11,6,5,11,6,5,0,0,0
12,12,071,42,27,15,14,11,3,28,16,12
12,12,072,250,131,119,245,128,117,5,3,2
12,12,077,7,2,5,0,0,0,7,2,5
12,12,078,3,1,2,3,1,2,0,0,0
12,12,080,20,14,6,20,14,6,0,0,0
12,12,081,2,1,1,1,0,1,1,1,0
12,12,082,108,57,51,86,42,44,22,15,7
12,12,086,167,95,72,81,47,34,86,48,38
12,12,087,49,34,15,31,21,10,18,13,5
12,12,088,15,12,3,15,12,3,0,0,0
12,12,089,91,58,33,54,27,27,37,31,6
12,12,090,1110,578,532,956,495,461,154,83,71
12,12,091,1230,644,586,1222,642,580,8,2,6
12,12,093,834,450,384,513,266,247,321,184,137
12,12,094,3960,2004,1956,3709,1867,1842,251,137,114
12,12,098,1,1,0,1,1,0,0,0,0
12,12,099,4,3,1,4,3,1,0,0,0
12,12,100,4,3,1,4,3,1,0,0,0
12,12,101,1,1,0,1,1,0,0,0,0
12,12,102,3,2,1,3,2,1,0,0,0
12,12,105,7,4,3,7,4,3,0,0,0
12,12,106,1,1,0,1,1,0,0,0,0
12,12,110,118,63,55,116,62,54,2,1,1
12,12,112,31638,15886,15752,30047,15074,14973,1591,812,779
12,12,113,1,1,0,1,1,0,0,0,0
12,12,114,1761,798,963,1726,774,952,35,24,11
12,12,115,19,12,7,0,0,0,19,12,7
12,12,116,1,0,1,1,0,1,0,0,0
12,12,117,6,4,2,0,0,0,6,4,2
12,12,118,404,220,184,250,131,119,154,89,65
12,12,119,1,0,1,1,0,1,0,0,0
12,12,123,12953,6697,6256,12707,6563,6144,246,134,112
12,13,001,2730,1548,1182,1194,721,473,1536,827,709
12,13,002,3509,2017,1492,1294,800,494,2215,1217,998
12,13,003,72,39,33,25,12,13,47,27,20
12,13,004,69,61,8,26,24,2,43,37,6
12,13,005,8,8,0,3,3,0,5,5,0
12,13,006,5157,3553,1604,2154,1538,616,3003,2015,988
12,13,007,28,25,3,20,18,2,8,7,1
12,13,008,2,2,0,0,0,0,2,2,0
12,13,009,2,1,1,0,0,0,2,1,1
12,13,010,81,48,33,62,34,28,19,14,5
12,13,011,310,230,80,145,110,35,165,120,45
12,13,012,154,95,59,50,36,14,104,59,45
12,13,013,53,47,6,32,29,3,21,18,3
12,13,014,2510,1417,1093,964,568,396,1546,849,697
12,13,015,779,430,349,653,356,297,126,74,52
12,13,016,144,113,31,64,54,10,80,59,21
12,13,018,59,33,26,46,25,21,13,8,5
12,13,019,5,3,2,5,3,2,0,0,0
12,13,020,89,59,30,60,45,15,29,14,15
12,13,021,276,145,131,65,41,24,211,104,107
12,13,022,32,29,3,15,15,0,17,14,3
12,13,023,800,418,382,325,203,122,475,215,260
12,13,026,1,1,0,0,0,0,1,1,0
12,13,027,38,24,14,35,22,13,3,2,1
12,13,028,1,1,0,1,1,0,0,0,0
12,13,030,4,3,1,4,3,1,0,0,0
12,13,033,12,8,4,1,1,0,11,7,4
12,13,038,47,20,27,16,5,11,31,15,16
12,13,039,5,5,0,0,0,0,5,5,0
12,13,043,23,11,12,22,10,12,1,1,0
12,13,044,1,1,0,0,0,0,1,1,0
12,13,048,2,2,0,2,2,0,0,0,0
12,13,052,6,5,1,2,2,0,4,3,1
12,13,054,19,10,9,8,2,6,11,8,3
12,13,055,12,9,3,5,4,1,7,5,2
12,13,060,1,0,1,1,0,1,0,0,0
12,13,062,1,0,1,0,0,0,1,0,1
12,13,068,1,1,0,1,1,0,0,0,0
12,13,072,128,68,60,34,18,16,94,50,44
12,13,078,4,2,2,4,2,2,0,0,0
12,13,079,1,1,0,0,0,0,1,1,0
12,13,081,1,0,1,1,0,1,0,0,0
12,13,082,10,7,3,8,5,3,2,2,0
12,13,086,116,67,49,25,19,6,91,48,43
12,13,087,36,24,12,19,16,3,17,8,9
12,13,088,1,1,0,0,0,0,1,1,0
12,13,089,77,43,34,26,19,7,51,24,27
12,13,090,131,69,62,49,26,23,82,43,39
12,13,091,61,31,30,61,31,30,0,0,0
12,13,093,781,438,343,320,210,110,461,228,233
12,13,094,27776,13994,13782,24193,12273,11920,3583,1721,1862
12,13,102,3,1,2,3,1,2,0,0,0
12,13,103,2,2,0,1,1,0,1,1,0
12,13,106,3,2,1,1,1,0,2,1,1
12,13,110,17,6,11,12,4,8,5,2,3
12,13,111,4,3,1,1,0,1,3,3,0
12,13,112,1821,918,903,1676,841,835,145,77,68
12,13,114,101,63,38,30,25,5,71,38,33
12,13,115,27,21,6,8,7,1,19,14,5
12,13,117,1,1,0,0,0,0,1,1,0
12,13,118,47614,24152,23462,46866,23784,23082,748,368,380
12,13,123,4567,2201,2366,4394,2115,2279,173,86,87
13,01,001,2581,1833,748,2415,1706,709,166,127,39
13,01,002,2256,1472,784,1752,1102,650,504,370,134
13,01,003,25,15,10,12,7,5,13,8,5
13,01,004,62,50,12,52,40,12,10,10,0
13,01,005,3,3,0,3,3,0,0,0,0
13,01,006,2844,2069,775,2247,1614,633,597,455,142
13,01,007,4,4,0,1,1,0,3,3,0
13,01,008,1,1,0,1,1,0,0,0,0
13,01,009,1,1,0,0,0,0,1,1,0
13,01,010,21,19,2,14,13,1,7,6,1
13,01,011,270,195,75,182,133,49,88,62,26
13,01,012,279,172,107,232,144,88,47,28,19
13,01,013,16,14,2,13,11,2,3,3,0
13,01,014,2708,1551,1157,2262,1294,968,446,257,189
13,01,015,603,357,246,576,335,241,27,22,5
13,01,016,38,32,6,34,28,6,4,4,0
13,01,018,7,4,3,7,4,3,0,0,0
13,01,019,2,2,0,2,2,0,0,0,0
13,01,020,48,33,15,42,27,15,6,6,0
13,01,021,20,9,11,17,7,10,3,2,1
13,01,022,39,31,8,38,30,8,1,1,0
13,01,026,141,78,63,120,67,53,21,11,10
13,01,027,2395,1234,1161,1606,827,779,789,407,382
13,01,030,1,0,1,1,0,1,0,0,0
13,01,032,1,1,0,0,0,0,1,1,0
13,01,034,25,14,11,18,9,9,7,5,2
13,01,035,9,6,3,8,5,3,1,1,0
13,01,036,15,10,5,9,7,2,6,3,3
13,01,040,85,62,23,76,54,22,9,8,1
13,01,042,3,2,1,3,2,1,0,0,0
13,01,043,3,2,1,3,2,1,0,0,0
13,01,047,3,2,1,0,0,0,3,2,1
13,01,048,1,0,1,0,0,0,1,0,1
13,01,049,1,0,1,1,0,1,0,0,0
13,01,051,14,8,6,12,7,5,2,1,1
13,01,052,2,1,1,0,0,0,2,1,1
13,01,054,10,6,4,10,6,4,0,0,0
13,01,055,25,12,13,9,6,3,16,6,10
13,01,057,36,21,15,28,18,10,8,3,5
13,01,066,243493,127994,115499,230330,121005,109325,13163,6989,6174
13,01,068,1,1,0,1,1,0,0,0,0
13,01,069,47,22,25,47,22,25,0,0,0
13,01,071,197,104,93,113,59,54,84,45,39
13,01,072,18,14,4,18,14,4,0,0,0
13,01,080,1,1,0,0,0,0,1,1,0
13,01,081,293,151,142,231,125,106,62,26,36
13,01,082,26,13,13,6,3,3,20,10,10
13,01,086,9,7,2,9,7,2,0,0,0
13,01,090,2,2,0,2,2,0,0,0,0
13,01,091,98,86,12,97,85,12,1,1,0
13,01,093,12,8,4,12,8,4,0,0,0
13,01,099,559,294,265,370,197,173,189,97,92
13,01,100,1,1,0,1,1,0,0,0,0
13,01,103,49,31,18,37,24,13,12,7,5
13,01,104,217,117,100,135,70,65,82,47,35
13,01,106,474,276,198,411,238,173,63,38,25
13,01,108,1,1,0,1,1,0,0,0,0
13,01,111,16,8,8,2,1,1,14,7,7
13,01,112,1,1,0,1,1,0,0,0,0
13,01,113,8,5,3,8,5,3,0,0,0
13,01,114,73,31,42,73,31,42,0,0,0
13,01,115,6,3,3,0,0,0,6,3,3
13,01,117,5,3,2,5,3,2,0,0,0
13,01,119,147,82,65,133,75,58,14,7,7
13,01,120,24,16,8,19,13,6,5,3,2
13,01,123,276,155,121,194,112,82,82,43,39
13,02,001,447,319,128,214,149,65,233,170,63
13,02,002,1427,1040,387,460,304,156,967,736,231
13,02,003,3,3,0,0,0,0,3,3,0
13,02,004,67,58,9,4,4,0,63,54,9
13,02,005,9,8,1,3,2,1,6,6,0
13,02,006,3100,2437,663,1564,1167,397,1536,1270,266
13,02,007,3,3,0,0,0,0,3,3,0
13,02,008,14,11,3,0,0,0,14,11,3
13,02,009,1,1,0,0,0,0,1,1,0
13,02,010,66,54,12,33,26,7,33,28,5
13,02,011,434,310,124,211,135,76,223,175,48
13,02,012,195,131,64,57,35,22,138,96,42
13,02,013,84,77,7,4,4,0,80,73,7
13,02,014,1881,1126,755,901,523,378,980,603,377
13,02,015,62,52,10,31,27,4,31,25,6
13,02,016,85,62,23,18,12,6,67,50,17
13,02,019,14,10,4,0,0,0,14,10,4
13,02,020,29,25,4,10,9,1,19,16,3
13,02,021,151,93,58,135,80,55,16,13,3
13,02,022,107,87,20,68,55,13,39,32,7
13,02,023,1,0,1,0,0,0,1,0,1
13,02,024,1,1,0,0,0,0,1,1,0
13,02,025,2,0,2,2,0,2,0,0,0
13,02,026,123,75,48,48,29,19,75,46,29
13,02,027,3280,1695,1585,1327,714,613,1953,981,972
13,02,031,1,1,0,0,0,0,1,1,0
13,02,034,59,33,26,24,16,8,35,17,18
13,02,035,10,6,4,5,3,2,5,3,2
13,02,036,58160,30333,27827,49009,25546,23463,9151,4787,4364
13,02,039,1,1,0,1,1,0,0,0,0
13,02,040,24,8,16,14,5,9,10,3,7
13,02,042,5,4,1,0,0,0,5,4,1
13,02,043,8,6,2,7,5,2,1,1,0
13,02,051,8,7,1,8,7,1,0,0,0
13,02,055,1,1,0,0,0,0,1,1,0
13,02,056,75,34,41,75,34,41,0,0,0
13,02,057,36959,19475,17484,34289,17978,16311,2670,1497,1173
13,02,066,2233,1186,1047,2225,1181,1044,8,5,3
13,02,071,80,41,39,18,7,11,62,34,28
13,02,081,277,153,124,82,49,33,195,104,91
13,02,082,33,17,16,4,2,2,29,15,14
13,02,084,9,6,3,0,0,0,9,6,3
13,02,086,1,1,0,0,0,0,1,1,0
13,02,091,31,31,0,0,0,0,31,31,0
13,02,093,1,1,0,1,1,0,0,0,0
13,02,095,23,13,10,0,0,0,23,13,10
13,02,099,118572,62695,55877,118252,62533,55719,320,162,158
13,02,100,19,14,5,10,7,3,9,7,2
13,02,102,10,7,3,10,7,3,0,0,0
13,02,103,32,16,16,14,6,8,18,10,8
13,02,104,78666,40767,37899,74741,38778,35963,3925,1989,1936
13,02,106,12496,6516,5980,12178,6358,5820,318,158,160
13,02,111,15,7,8,0,0,0,15,7,8
13,02,112,1080,555,525,1078,554,524,2,1,1
13,02,113,3,1,2,0,0,0,3,1,2
13,02,114,9,7,2,0,0,0,9,7,2
13,02,115,1,1,0,0,0,0,1,1,0
13,02,117,8,3,5,0,0,0,8,3,5
13,02,119,85810,44388,41422,79812,41218,38594,5998,3170,2828
13,02,120,136,75,61,94,50,44,42,25,17
13,02,123,8376,4590,3786,8005,4364,3641,371,226,145
13,03,001,2433,1457,976,2075,1201,874,358,256,102
13,03,002,2314,1621,693,1106,659,447,1208,962,246
13,03,003,29,19,10,15,12,3,14,7,7
13,03,004,36,32,4,1,1,0,35,31,4
13,03,005,29,21,8,24,16,8,5,5,0
13,03,006,4639,3363,1276,2596,1624,972,2043,1739,304
13,03,007,10,9,1,6,5,1,4,4,0
13,03,008,22,15,7,17,11,6,5,4,1
13,03,009,1,1,0,0,0,0,1,1,0
13,03,010,15,13,2,3,3,0,12,10,2
13,03,011,290,192,98,153,90,63,137,102,35
13,03,012,296,209,87,229,157,72,67,52,15
13,03,013,156,147,9,33,25,8,123,122,1
13,03,014,3091,1804,1287,1626,952,674,1465,852,613
13,03,015,171,104,67,143,82,61,28,22,6
13,03,016,98,74,24,37,23,14,61,51,10
13,03,018,2,2,0,1,1,0,1,1,0
13,03,020,106,67,39,69,38,31,37,29,8
13,03,021,73,42,31,58,28,30,15,14,1
13,03,022,105,76,29,55,39,16,50,37,13
13,03,023,1,1,0,0,0,0,1,1,0
13,03,026,187,106,81,132,71,61,55,35,20
13,03,027,207401,105817,101584,184456,94297,90159,22945,11520,11425
13,03,031,40,23,17,38,21,17,2,2,0
13,03,033,9,7,2,9,7,2,0,0,0
13,03,034,84,47,37,45,27,18,39,20,19
13,03,036,3212,1638,1574,2959,1510,1449,253,128,125
13,03,039,1,1,0,1,1,0,0,0,0
13,03,040,44,28,16,34,22,12,10,6,4
13,03,042,1,1,0,0,0,0,1,1,0
13,03,043,18,11,7,5,3,2,13,8,5
13,03,047,1,1,0,1,1,0,0,0,0
13,03,051,2,2,0,1,1,0,1,1,0
13,03,052,5,0,5,5,0,5,0,0,0
13,03,054,2,1,1,2,1,1,0,0,0
13,03,055,8,2,6,4,1,3,4,1,3
13,03,056,7,4,3,2,2,0,5,2,3
13,03,057,148,88,60,96,54,42,52,34,18
13,03,062,8,3,5,8,3,5,0,0,0
13,03,066,397,247,150,336,214,122,61,33,28
13,03,067,1,1,0,1,1,0,0,0,0
13,03,071,147,84,63,132,76,56,15,8,7
13,03,072,1,1,0,0,0,0,1,1,0
13,03,078,1,1,0,1,1,0,0,0,0
13,03,081,734,410,324,432,256,176,302,154,148
13,03,082,32,17,15,19,9,10,13,8,5
13,03,090,2,1,1,0,0,0,2,1,1
13,03,095,1,1,0,0,0,0,1,1,0
13,03,099,1282,707,575,1196,656,540,86,51,35
13,03,100,14,7,7,10,5,5,4,2,2
13,03,103,65,36,29,55,30,25,10,6,4
13,03,104,425,240,185,211,124,87,214,116,98
13,03,106,2263,1179,1084,1340,722,618,923,457,466
13,03,110,12,8,4,9,7,2,3,1,2
13,03,111,1,1,0,0,0,0,1,1,0
13,03,112,8,4,4,8,4,4,0,0,0
13,03,113,1,1,0,1,1,0,0,0,0
13,03,114,1,0,1,0,0,0,1,0,1
13,03,115,9,6,3,2,1,1,7,5,2
13,03,118,14,11,3,14,11,3,0,0,0
13,03,119,708,389,319,597,321,276,111,68,43
13,03,120,51,31,20,46,27,19,5,4,1
13,03,123,820,497,323,416,293,123,404,204,200
13,04,001,468,348,120,203,133,70,265,215,50
13,04,002,489,381,108,197,164,33,292,217,75
13,04,003,16,15,1,14,13,1,2,2,0
13,04,004,76,73,3,19,19,0,57,54,3
13,04,005,300,174,126,298,172,126,2,2,0
13,04,006,1896,1487,409,666,477,189,1230,1010,220
13,04,007,18,15,3,11,9,2,7,6,1
13,04,008,1,1,0,1,1,0,0,0,0
13,04,010,4,3,1,2,2,0,2,1,1
13,04,011,162,141,21,71,60,11,91,81,10
13,04,012,100,79,21,55,44,11,45,35,10
13,04,013,53,50,3,11,10,1,42,40,2
13,04,014,731,471,260,374,218,156,357,253,104
13,04,015,56,50,6,30,27,3,26,23,3
13,04,016,62,57,5,40,36,4,22,21,1
13,04,020,56,44,12,49,40,9,7,4,3
13,04,021,30,25,5,25,20,5,5,5,0
13,04,022,48,38,10,35,26,9,13,12,1
13,04,026,56,27,29,41,20,21,15,7,8
13,04,027,461,275,186,321,200,121,140,75,65
13,04,031,11,5,6,8,2,6,3,3,0
13,04,034,45,26,19,38,22,16,7,4,3
13,04,036,33,19,14,32,18,14,1,1,0
13,04,039,8,8,0,1,1,0,7,7,0
13,04,040,24,14,10,13,7,6,11,7,4
13,04,043,4,3,1,2,1,1,2,2,0
13,04,046,286,151,135,286,151,135,0,0,0
13,04,054,8,4,4,4,3,1,4,1,3
13,04,055,1,0,1,1,0,1,0,0,0
13,04,056,5,4,1,5,4,1,0,0,0
13,04,057,3,3,0,3,3,0,0,0,0
13,04,066,124,64,60,111,57,54,13,7,6
13,04,071,13,9,4,5,4,1,8,5,3
13,04,072,4,4,0,0,0,0,4,4,0
13,04,078,2,2,0,0,0,0,2,2,0
13,04,080,3,2,1,3,2,1,0,0,0
13,04,081,142,85,57,83,53,30,59,32,27
13,04,087,22,11,11,22,11,11,0,0,0
13,04,089,5,3,2,0,0,0,5,3,2
13,04,090,1,1,0,0,0,0,1,1,0
13,04,095,1,1,0,0,0,0,1,1,0
13,04,099,12,9,3,5,3,2,7,6,1
13,04,100,2,1,1,1,0,1,1,1,0
13,04,103,58,33,25,43,22,21,15,11,4
13,04,104,94,59,35,84,52,32,10,7,3
13,04,106,8146,4271,3875,5022,2700,2322,3124,1571,1553
13,04,109,5,2,3,0,0,0,5,2,3
13,04,110,5,2,3,0,0,0,5,2,3
13,04,111,12,8,4,5,5,0,7,3,4
13,04,113,1,1,0,1,1,0,0,0,0
13,04,115,4,2,2,4,2,2,0,0,0
13,04,119,346,202,144,338,198,140,8,4,4
13,04,120,5,2,3,1,1,0,4,1,3
13,04,123,139437,70291,69146,122290,61424,60866,17147,8867,8280
13,05,001,1433,926,507,1072,673,399,361,253,108
13,05,002,1261,898,363,604,381,223,657,517,140
13,05,003,303,172,131,277,155,122,26,17,9
13,05,004,19,18,1,0,0,0,19,18,1
13,05,005,1,1,0,1,1,0,0,0,0
13,05,006,1786,1275,511,728,475,253,1058,800,258
13,05,007,11,8,3,11,8,3,0,0,0
13,05,010,3,3,0,0,0,0,3,3,0
13,05,011,128,92,36,46,31,15,82,61,21
13,05,012,179,117,62,71,47,24,108,70,38
13,05,013,38,23,15,33,19,14,5,4,1
13,05,014,1127,667,460,528,323,205,599,344,255
13,05,015,89,56,33,76,46,30,13,10,3
13,05,016,35,23,12,14,10,4,21,13,8
13,05,018,2,1,1,2,1,1,0,0,0
13,05,019,1,1,0,1,1,0,0,0,0
13,05,020,61,45,16,49,36,13,12,9,3
13,05,021,19,17,2,16,14,2,3,3,0
13,05,022,14,13,1,3,2,1,11,11,0
13,05,023,2,2,0,2,2,0,0,0,0
13,05,025,6,3,3,6,3,3,0,0,0
13,05,026,55,26,29,9,4,5,46,22,24
13,05,027,1101,554,547,533,268,265,568,286,282
13,05,028,7,5,2,7,5,2,0,0,0
13,05,034,66,33,33,17,9,8,49,24,25
13,05,035,10,7,3,3,1,2,7,6,1
13,05,036,3,1,2,1,0,1,2,1,1
13,05,038,4,1,3,4,1,3,0,0,0
13,05,039,6,4,2,5,3,2,1,1,0
13,05,040,9,3,6,3,3,0,6,0,6
13,05,043,65,40,25,53,34,19,12,6,6
13,05,044,1,1,0,1,1,0,0,0,0
13,05,046,6,2,4,6,2,4,0,0,0
13,05,051,3,2,1,0,0,0,3,2,1
13,05,052,26,16,10,25,16,9,1,0,1
13,05,054,158,83,75,6,0,6,152,83,69
13,05,055,2,1,1,1,0,1,1,1,0
13,05,057,20,16,4,18,14,4,2,2,0
13,05,062,5,4,1,5,4,1,0,0,0
13,05,066,99,54,45,92,49,43,7,5,2
13,05,071,47,26,21,34,20,14,13,6,7
13,05,072,134,58,76,134,58,76,0,0,0
13,05,078,3,2,1,3,2,1,0,0,0
13,05,081,148724,76110,72614,115625,58668,56957,33099,17442,15657
13,05,082,11,6,5,0,0,0,11,6,5
13,05,090,10,2,8,10,2,8,0,0,0
13,05,095,1,1,0,0,0,0,1,1,0
13,05,099,40,28,12,15,12,3,25,16,9
13,05,100,1,1,0,1,1,0,0,0,0
13,05,101,2,1,1,2,1,1,0,0,0
13,05,103,150,85,65,59,35,24,91,50,41
13,05,104,121,54,67,54,21,33,67,33,34
13,05,106,1892,1014,878,1547,820,727,345,194,151
13,05,115,5,1,4,0,0,0,5,1,4
13,05,119,54,31,23,31,18,13,23,13,10
13,05,120,39,23,16,25,13,12,14,10,4
13,05,123,1825,1013,812,1718,946,772,107,67,40
13,06,001,7128,3886,3242,4203,2342,1861,2925,1544,1381
13,06,002,46252,25594,20658,14472,7941,6531,31780,17653,14127
13,06,003,3967,2013,1954,3395,1724,1671,572,289,283
13,06,004,189,155,34,170,139,31,19,16,3
13,06,005,167,135,32,123,105,18,44,30,14
13,06,006,32090,21366,10724,11081,8317,2764,21009,13049,7960
13,06,007,240,200,40,173,160,13,67,40,27
13,06,008,21,16,5,1,1,0,20,15,5
13,06,009,17,6,11,8,6,2,9,0,9
13,06,010,365,235,130,97,58,39,268,177,91
13,06,011,1446,1045,401,781,648,133,665,397,268
13,06,012,4299,2416,1883,1565,913,652,2734,1503,1231
13,06,013,689,581,108,570,496,74,119,85,34
13,06,014,15924,8608,7316,11034,6053,4981,4890,2555,2335
13,06,015,2473,1488,985,1400,879,521,1073,609,464
13,06,016,675,474,201,325,258,67,350,216,134
13,06,017,5,5,0,5,5,0,0,0,0
13,06,018,116,74,42,106,68,38,10,6,4
13,06,019,31,15,16,2,0,2,29,15,14
13,06,020,830,640,190,491,432,59,339,208,131
13,06,021,831,555,276,351,284,67,480,271,209
13,06,022,364,251,113,80,55,25,284,196,88
13,06,023,24,16,8,16,10,6,8,6,2
13,06,024,1,1,0,1,1,0,0,0,0
13,06,025,40,26,14,29,19,10,11,7,4
13,06,026,27254,13621,13633,22722,11455,11267,4532,2166,2366
13,06,027,29540,14758,14782,13211,6626,6585,16329,8132,8197
13,06,028,11,6,5,0,0,0,11,6,5
13,06,030,33,17,16,26,13,13,7,4,3
13,06,031,68,33,35,1,1,0,67,32,35
13,06,032,4,1,3,1,1,0,3,0,3
13,06,033,31,18,13,17,10,7,14,8,6
13,06,034,5000,2624,2376,3972,2106,1866,1028,518,510
13,06,035,378,196,182,329,171,158,49,25,24
13,06,036,579,296,283,299,150,149,280,146,134
13,06,037,3,3,0,2,2,0,1,1,0
13,06,038,6,2,4,6,2,4,0,0,0
13,06,039,3472,1710,1762,3444,1690,1754,28,20,8
13,06,040,153,80,73,61,34,27,92,46,46
13,06,041,1,0,1,1,0,1,0,0,0
13,06,042,2,1,1,1,1,0,1,0,1
13,06,043,1571,786,785,1354,679,675,217,107,110
13,06,044,28,14,14,9,3,6,19,11,8
13,06,047,10,4,6,10,4,6,0,0,0
13,06,048,1,0,1,0,0,0,1,0,1
13,06,051,785,389,396,197,93,104,588,296,292
13,06,052,150,72,78,71,31,40,79,41,38
13,06,054,9,6,3,4,3,1,5,3,2
13,06,055,68,36,32,31,20,11,37,16,21
13,06,056,1746,909,837,1615,838,777,131,71,60
13,06,057,325,174,151,239,125,114,86,49,37
13,06,058,1,0,1,1,0,1,0,0,0
13,06,061,2,2,0,0,0,0,2,2,0
13,06,062,9,5,4,1,1,0,8,4,4
13,06,064,20,12,8,12,7,5,8,5,3
13,06,066,700,401,299,316,194,122,384,207,177
13,06,071,6169,3109,3060,5601,2829,2772,568,280,288
13,06,072,72,39,33,34,20,14,38,19,19
13,06,073,6,3,3,0,0,0,6,3,3
13,06,074,1,1,0,1,1,0,0,0,0
13,06,075,1,1,0,0,0,0,1,1,0
13,06,078,2,2,0,2,2,0,0,0,0
13,06,079,3,3,0,3,3,0,0,0,0
13,06,080,9,4,5,9,4,5,0,0,0
13,06,081,12592,6474,6118,5843,3020,2823,6749,3454,3295
13,06,082,233,117,116,98,50,48,135,67,68
13,06,084,18,8,10,8,3,5,10,5,5
13,06,085,28,18,10,4,3,1,24,15,9
13,06,086,24,12,12,4,2,2,20,10,10
13,06,087,4,3,1,0,0,0,4,3,1
13,06,089,2,1,1,0,0,0,2,1,1
13,06,090,42,24,18,8,7,1,34,17,17
13,06,091,168,81,87,160,77,83,8,4,4
13,06,092,9,4,5,7,4,3,2,0,2
13,06,093,27,11,16,12,4,8,15,7,8
13,06,094,6,5,1,5,5,0,1,0,1
13,06,095,31,13,18,13,8,5,18,5,13
13,06,096,6,3,3,3,2,1,3,1,2
13,06,097,9,4,5,9,4,5,0,0,0
13,06,099,1085,598,487,657,348,309,428,250,178
13,06,100,122,73,49,70,40,30,52,33,19
13,06,101,18,9,9,14,6,8,4,3,1
13,06,103,3117,1591,1526,1239,642,597,1878,949,929
13,06,104,3502,1774,1728,2462,1246,1216,1040,528,512
13,06,106,60114,30645,29469,53776,27482,26294,6338,3163,3175
13,06,109,1,1,0,1,1,0,0,0,0
13,06,110,11,7,4,11,7,4,0,0,0
13,06,111,672,344,328,498,257,241,174,87,87
13,06,112,20,8,12,0,0,0,20,8,12
13,06,113,116,55,61,100,46,54,16,9,7
13,06,114,83,43,40,0,0,0,83,43,40
13,06,115,63,46,17,28,22,6,35,24,11
13,06,117,11,4,7,6,1,5,5,3,2
13,06,118,1,1,0,0,0,0,1,1,0
13,06,119,3383,1787,1596,2983,1578,1405,400,209,191
13,06,120,2270,1137,1133,460,242,218,1810,895,915
13,06,121,89,43,46,34,17,17,55,26,29
13,06,122,8,5,3,7,4,3,1,1,0
13,06,123,24732,12575,12157,21822,11102,10720,2910,1473,1437
13,07,001,1779,1179,600,668,457,211,1111,722,389
13,07,002,4072,2868,1204,955,651,304,3117,2217,900
13,07,003,498,260,238,224,127,97,274,133,141
13,07,004,135,113,22,51,49,2,84,64,20
13,07,005,46,34,12,26,20,6,20,14,6
13,07,006,8298,6499,1799,3789,3199,590,4509,3300,1209
13,07,007,40,35,5,24,19,5,16,16,0
13,07,008,12,7,5,0,0,0,12,7,5
13,07,009,41,27,14,34,21,13,7,6,1
13,07,010,183,133,50,51,34,17,132,99,33
13,07,011,946,635,311,413,285,128,533,350,183
13,07,012,1355,829,526,380,245,135,975,584,391
13,07,013,479,447,32,390,371,19,89,76,13
13,07,014,7616,4424,3192,2604,1531,1073,5012,2893,2119
13,07,015,442,309,133,212,142,70,230,167,63
13,07,016,304,240,64,170,139,31,134,101,33
13,07,018,11,8,3,4,3,1,7,5,2
13,07,019,15,11,4,3,3,0,12,8,4
13,07,020,236,191,45,135,116,19,101,75,26
13,07,021,154,117,37,94,70,24,60,47,13
13,07,022,68,57,11,30,26,4,38,31,7
13,07,023,5,1,4,1,0,1,4,1,3
13,07,025,19,9,10,3,1,2,16,8,8
13,07,026,103174,51383,51791,79004,39577,39427,24170,11806,12364
13,07,027,12683,6496,6187,1381,723,658,11302,5773,5529
13,07,030,5,3,2,2,1,1,3,2,1
13,07,031,3,1,2,1,1,0,2,0,2
13,07,033,21,13,8,6,4,2,15,9,6
13,07,034,3773,1988,1785,1404,783,621,2369,1205,1164
13,07,035,1589,857,732,222,127,95,1367,730,637
13,07,036,292,159,133,63,31,32,229,128,101
13,07,039,15,9,6,1,1,0,14,8,6
13,07,040,69,34,35,25,13,12,44,21,23
13,07,042,1,1,0,1,1,0,0,0,0
13,07,043,168,89,79,63,35,28,105,54,51
13,07,044,2,1,1,0,0,0,2,1,1
13,07,046,11,6,5,10,5,5,1,1,0
13,07,050,6,3,3,6,3,3,0,0,0
13,07,051,2207,1074,1133,1977,962,1015,230,112,118
13,07,052,21,15,6,14,12,2,7,3,4
13,07,054,6,1,5,6,1,5,0,0,0
13,07,055,73,27,46,11,5,6,62,22,40
13,07,056,869,460,409,102,63,39,767,397,370
13,07,057,258,153,105,30,20,10,228,133,95
13,07,061,2,2,0,1,1,0,1,1,0
13,07,063,1,1,0,0,0,0,1,1,0
13,07,066,722,408,314,63,40,23,659,368,291
13,07,068,1,0,1,1,0,1,0,0,0
13,07,070,2,1,1,0,0,0,2,1,1
13,07,071,10005,5085,4920,9529,4855,4674,476,230,246
13,07,072,106,56,50,61,30,31,45,26,19
13,07,075,2,1,1,0,0,0,2,1,1
13,07,079,1291,665,626,1275,655,620,16,10,6
13,07,081,5191,2776,2415,711,396,315,4480,2380,2100
13,07,082,255,122,133,37,13,24,218,109,109
13,07,083,1,1,0,1,1,0,0,0,0
13,07,084,49,24,25,25,13,12,24,11,13
13,07,085,5,2,3,1,0,1,4,2,2
13,07,086,5,4,1,0,0,0,5,4,1
13,07,087,5,2,3,0,0,0,5,2,3
13,07,089,3,2,1,0,0,0,3,2,1
13,07,090,22,10,12,14,7,7,8,3,5
13,07,091,3,2,1,3,2,1,0,0,0
13,07,092,1,1,0,0,0,0,1,1,0
13,07,093,14,10,4,2,1,1,12,9,3
13,07,095,61,30,31,3,3,0,58,27,31
13,07,099,873,469,404,78,37,41,795,432,363
13,07,100,292,172,120,77,50,27,215,122,93
13,07,103,54983,27975,27008,53090,26996,26094,1893,979,914
13,07,104,947,520,427,177,102,75,770,418,352
13,07,106,6225,3260,2965,1808,953,855,4417,2307,2110
13,07,107,3,2,1,0,0,0,3,2,1
13,07,110,20,13,7,20,13,7,0,0,0
13,07,111,315,151,164,19,4,15,296,147,149
13,07,112,17,9,8,6,3,3,11,6,5
13,07,113,107,51,56,38,19,19,69,32,37
13,07,114,46,28,18,4,4,0,42,24,18
13,07,115,23,15,8,6,5,1,17,10,7
13,07,116,7,4,3,7,4,3,0,0,0
13,07,117,6,3,3,1,1,0,5,2,3
13,07,119,1468,788,680,1041,558,483,427,230,197
13,07,120,58869,30090,28779,58139,29702,28437,730,388,342
13,07,121,10354,5251,5103,10333,5240,5093,21,11,10
13,07,122,1,1,0,1,1,0,0,0,0
13,07,123,5781,3038,2743,1892,1004,888,3889,2034,1855
13,08,001,544,380,164,365,247,118,179,133,46
13,08,002,819,563,256,555,366,189,264,197,67
13,08,003,33,19,14,12,3,9,21,16,5
13,08,004,42,36,6,6,6,0,36,30,6
13,08,005,3,3,0,3,3,0,0,0,0
13,08,006,2328,1752,576,1357,989,368,971,763,208
13,08,007,6,5,1,6,5,1,0,0,0
13,08,009,13,4,9,13,4,9,0,0,0
13,08,010,66,42,24,10,6,4,56,36,20
13,08,011,225,142,83,109,64,45,116,78,38
13,08,012,224,143,81,103,63,40,121,80,41
13,08,013,18,12,6,8,6,2,10,6,4
13,08,014,1144,696,448,609,347,262,535,349,186
13,08,015,56,38,18,22,15,7,34,23,11
13,08,016,65,55,10,16,16,0,49,39,10
13,08,019,12,5,7,7,4,3,5,1,4
13,08,020,75,43,32,50,31,19,25,12,13
13,08,021,8,7,1,3,3,0,5,4,1
13,08,022,14,9,5,10,6,4,4,3,1
13,08,023,1,1,0,1,1,0,0,0,0
13,08,026,747,405,342,582,316,266,165,89,76
13,08,027,639,380,259,311,183,128,328,197,131
13,08,030,518,279,239,518,279,239,0,0,0
13,08,031,1,1,0,0,0,0,1,1,0
13,08,032,5,3,2,0,0,0,5,3,2
13,08,034,492,250,242,484,243,241,8,7,1
13,08,035,81510,41701,39809,74413,37979,36434,7097,3722,3375
13,08,036,53,30,23,26,14,12,27,16,11
13,08,037,1,1,0,0,0,0,1,1,0
13,08,039,1,1,0,0,0,0,1,1,0
13,08,040,5,4,1,3,2,1,2,2,0
13,08,043,1,1,0,1,1,0,0,0,0
13,08,044,3,1,2,0,0,0,3,1,2
13,08,051,3,1,2,3,1,2,0,0,0
13,08,052,3,1,2,1,0,1,2,1,1
13,08,055,6,2,4,0,0,0,6,2,4
13,08,056,37660,19185,18475,36030,18334,17696,1630,851,779
13,08,057,3,3,0,2,2,0,1,1,0
13,08,066,234,130,104,156,86,70,78,44,34
13,08,067,1,1,0,1,1,0,0,0,0
13,08,071,188,106,82,93,52,41,95,54,41
13,08,072,1,1,0,0,0,0,1,1,0
13,08,075,2,1,1,2,1,1,0,0,0
13,08,077,1,0,1,1,0,1,0,0,0
13,08,079,1,1,0,1,1,0,0,0,0
13,08,081,403,243,160,201,119,82,202,124,78
13,08,082,27,12,15,25,10,15,2,2,0
13,08,084,6,3,3,0,0,0,6,3,3
13,08,085,1,1,0,0,0,0,1,1,0
13,08,090,2,2,0,1,1,0,1,1,0
13,08,094,3,1,2,0,0,0,3,1,2
13,08,095,81,46,35,81,46,35,0,0,0
13,08,096,2,1,1,1,1,0,1,0,1
13,08,099,31,19,12,16,8,8,15,11,4
13,08,100,16230,8432,7798,16106,8363,7743,124,69,55
13,08,102,1,1,0,0,0,0,1,1,0
13,08,103,136,77,59,74,43,31,62,34,28
13,08,104,178,87,91,112,54,58,66,33,33
13,08,106,1274,681,593,1035,551,484,239,130,109
13,08,111,112,54,58,112,54,58,0,0,0
13,08,114,11,7,4,0,0,0,11,7,4
13,08,116,101,49,52,101,49,52,0,0,0
13,08,117,1,1,0,0,0,0,1,1,0
13,08,118,1,1,0,0,0,0,1,1,0
13,08,119,176,102,74,158,89,69,18,13,5
13,08,120,98,53,45,37,19,18,61,34,27
13,08,121,19,11,8,0,0,0,19,11,8
13,08,123,1526,813,713,1378,731,647,148,82,66
14,01,001,55,50,5,55,50,5,0,0,0
14,01,002,151,119,32,151,119,32,0,0,0
14,01,003,2,2,0,2,2,0,0,0,0
14,01,004,8,8,0,8,8,0,0,0,0
14,01,005,211,112,99,211,112,99,0,0,0
14,01,006,2007,1611,396,2007,1611,396,0,0,0
14,01,007,34,34,0,34,34,0,0,0,0
14,01,008,3,3,0,3,3,0,0,0,0
14,01,009,1,1,0,1,1,0,0,0,0
14,01,010,20,14,6,20,14,6,0,0,0
14,01,011,118,94,24,118,94,24,0,0,0
14,01,012,3020,1588,1432,3020,1588,1432,0,0,0
14,01,013,112,93,19,112,93,19,0,0,0
14,01,014,28127,14614,13513,28127,14614,13513,0,0,0
14,01,015,60,46,14,60,46,14,0,0,0
14,01,016,148,129,19,148,129,19,0,0,0
14,01,018,4,4,0,4,4,0,0,0,0
14,01,019,1,0,1,1,0,1,0,0,0
14,01,020,86,77,9,86,77,9,0,0,0
14,01,021,66,62,4,66,62,4,0,0,0
14,01,022,12,11,1,12,11,1,0,0,0
14,01,024,1,0,1,1,0,1,0,0,0
14,01,026,1,0,1,1,0,1,0,0,0
14,01,027,10,7,3,10,7,3,0,0,0
14,01,030,1,1,0,1,1,0,0,0,0
14,01,031,65,31,34,65,31,34,0,0,0
14,01,040,1,1,0,1,1,0,0,0,0
14,01,042,517,266,251,517,266,251,0,0,0
14,01,043,35,20,15,35,20,15,0,0,0
14,01,047,175,84,91,175,84,91,0,0,0
14,01,051,3830,1935,1895,3830,1935,1895,0,0,0
14,01,052,2,2,0,2,2,0,0,0,0
14,01,054,1,1,0,1,1,0,0,0,0
14,01,064,4333,2202,2131,4333,2202,2131,0,0,0
14,01,065,1,1,0,1,1,0,0,0,0
14,01,071,2534,1282,1252,2534,1282,1252,0,0,0
14,01,072,1,1,0,1,1,0,0,0,0
14,01,079,6146,3111,3035,6146,3111,3035,0,0,0
14,01,082,48,23,25,48,23,25,0,0,0
14,01,084,1291,643,648,1291,643,648,0,0,0
14,01,085,2813,1395,1418,2813,1395,1418,0,0,0
14,01,089,1,1,0,1,1,0,0,0,0
14,01,090,1,1,0,1,1,0,0,0,0
14,01,095,89,46,43,89,46,43,0,0,0
14,01,099,1,0,1,1,0,1,0,0,0
14,01,102,23,10,13,23,10,13,0,0,0
14,01,107,93,43,50,93,43,50,0,0,0
14,01,109,1297,662,635,1297,662,635,0,0,0
14,01,110,21,9,12,21,9,12,0,0,0
14,01,111,8804,4449,4355,8804,4449,4355,0,0,0
14,01,112,1,0,1,1,0,1,0,0,0
14,01,113,72361,36384,35977,72361,36384,35977,0,0,0
14,01,114,1,1,0,1,1,0,0,0,0
14,01,115,1,1,0,1,1,0,0,0,0
14,01,117,6953,3484,3469,6953,3484,3469,0,0,0
14,01,122,47,20,27,47,20,27,0,0,0
14,01,123,10767,5441,5326,10767,5441,5326,0,0,0
14,02,001,7,7,0,7,7,0,0,0,0
14,02,002,265,160,105,265,160,105,0,0,0
14,02,004,369,369,0,369,369,0,0,0,0
14,02,005,2,2,0,2,2,0,0,0,0
14,02,006,1324,1202,122,1324,1202,122,0,0,0
14,02,007,1,1,0,1,1,0,0,0,0
14,02,008,27,27,0,27,27,0,0,0,0
14,02,010,1,1,0,1,1,0,0,0,0
14,02,011,61,53,8,61,53,8,0,0,0
14,02,012,324,213,111,324,213,111,0,0,0
14,02,013,13,13,0,13,13,0,0,0,0
14,02,014,868,826,42,868,826,42,0,0,0
14,02,015,6,5,1,6,5,1,0,0,0
14,02,016,49,46,3,49,46,3,0,0,0
14,02,020,11,11,0,11,11,0,0,0,0
14,02,021,7,6,1,7,6,1,0,0,0
14,02,022,333,333,0,333,333,0,0,0,0
14,02,025,7,3,4,7,3,4,0,0,0
14,02,026,2,1,1,2,1,1,0,0,0
14,02,042,1751,885,866,1751,885,866,0,0,0
14,02,047,432,212,220,432,212,220,0,0,0
14,02,051,62699,31698,31001,62699,31698,31001,0,0,0
14,02,055,277,129,148,277,129,148,0,0,0
14,02,056,12,6,6,12,6,6,0,0,0
14,02,064,2,1,1,2,1,1,0,0,0
14,02,071,913,456,457,913,456,457,0,0,0
14,02,072,6,2,4,6,2,4,0,0,0
14,02,079,25782,13182,12600,25782,13182,12600,0,0,0
14,02,082,11,7,4,11,7,4,0,0,0
14,02,084,2,1,1,2,1,1,0,0,0
14,02,085,1,1,0,1,1,0,0,0,0
14,02,095,107,62,45,107,62,45,0,0,0
14,02,103,1,1,0,1,1,0,0,0,0
14,02,111,30,17,13,30,17,13,0,0,0
14,02,112,3,1,2,3,1,2,0,0,0
14,02,113,6163,3198,2965,6163,3198,2965,0,0,0
14,02,115,5,3,2,5,3,2,0,0,0
14,02,117,216,109,107,216,109,107,0,0,0
14,02,121,8037,4065,3972,8037,4065,3972,0,0,0
14,02,122,41,22,19,41,22,19,0,0,0
14,02,123,1331,677,654,1331,677,654,0,0,0
14,03,001,148,130,18,148,130,18,0,0,0
14,03,002,1839,1164,675,1839,1164,675,0,0,0
14,03,003,11,9,2,11,9,2,0,0,0
14,03,004,68,67,1,68,67,1,0,0,0
14,03,005,21,21,0,21,21,0,0,0,0
14,03,006,3423,3052,371,3423,3052,371,0,0,0
14,03,007,60,57,3,60,57,3,0,0,0
14,03,008,21,21,0,21,21,0,0,0,0
14,03,010,90,51,39,90,51,39,0,0,0
14,03,011,183,155,28,183,155,28,0,0,0
14,03,012,6163,3206,2957,6163,3206,2957,0,0,0
14,03,013,138,137,1,138,137,1,0,0,0
14,03,014,733,462,271,733,462,271,0,0,0
14,03,015,129,123,6,129,123,6,0,0,0
14,03,016,190,183,7,190,183,7,0,0,0
14,03,018,5,5,0,5,5,0,0,0,0
14,03,019,1,1,0,1,1,0,0,0,0
14,03,020,134,130,4,134,130,4,0,0,0
14,03,021,384,376,8,384,376,8,0,0,0
14,03,022,58,56,2,58,56,2,0,0,0
14,03,023,1,1,0,1,1,0,0,0,0
14,03,025,2,2,0,2,2,0,0,0,0
14,03,027,1,1,0,1,1,0,0,0,0
14,03,030,338,165,173,338,165,173,0,0,0
14,03,033,108,61,47,108,61,47,0,0,0
14,03,040,14,7,7,14,7,7,0,0,0
14,03,042,9534,4916,4618,9534,4916,4618,0,0,0
14,03,043,6,3,3,6,3,3,0,0,0
14,03,044,1,1,0,1,1,0,0,0,0
14,03,047,37760,19117,18643,37760,19117,18643,0,0,0
14,03,048,1,1,0,1,1,0,0,0,0
14,03,049,1,1,0,1,1,0,0,0,0
14,03,051,3355,1693,1662,3355,1693,1662,0,0,0
14,03,052,1,1,0,1,1,0,0,0,0
14,03,054,2,2,0,2,2,0,0,0,0
14,03,064,4849,2436,2413,4849,2436,2413,0,0,0
14,03,071,3039,1541,1498,3039,1541,1498,0,0,0
14,03,072,14,14,0,14,14,0,0,0,0
14,03,079,2,2,0,2,2,0,0,0,0
14,03,082,5452,2629,2823,5452,2629,2823,0,0,0
14,03,085,20,11,9,20,11,9,0,0,0
14,03,090,11,11,0,11,11,0,0,0,0
14,03,095,45049,22566,22483,45049,22566,22483,0,0,0
14,03,109,7985,3963,4022,7985,3963,4022,0,0,0
14,03,111,559,283,276,559,283,276,0,0,0
14,03,113,53908,27204,26704,53908,27204,26704,0,0,0
14,03,115,32,17,15,32,17,15,0,0,0
14,03,117,22898,11594,11304,22898,11594,11304,0,0,0
14,03,122,15427,7748,7679,15427,7748,7679,0,0,0
14,03,123,3736,1835,1901,3736,1835,1901,0,0,0
14,04,001,38,36,2,8,8,0,30,28,2
14,04,002,768,448,320,670,358,312,98,90,8
14,04,003,3,3,0,1,1,0,2,2,0
14,04,004,14,14,0,3,3,0,11,11,0
14,04,005,15,15,0,5,5,0,10,10,0
14,04,006,1052,965,87,463,457,6,589,508,81
14,04,007,19,18,1,13,13,0,6,5,1
14,04,008,1,1,0,1,1,0,0,0,0
14,04,009,3,2,1,0,0,0,3,2,1
14,04,010,176,92,84,169,88,81,7,4,3
14,04,011,43,42,1,12,12,0,31,30,1
14,04,012,197190,98307,98883,125850,62809,63041,71340,35498,35842
14,04,013,29,28,1,17,17,0,12,11,1
14,04,014,57,40,17,24,17,7,33,23,10
14,04,015,26,26,0,24,24,0,2,2,0
14,04,016,53,52,1,33,33,0,20,19,1
14,04,020,32,29,3,26,26,0,6,3,3
14,04,021,15,15,0,10,10,0,5,5,0
14,04,022,10,10,0,5,5,0,5,5,0
14,04,023,11,6,5,11,6,5,0,0,0
14,04,024,12,8,4,10,7,3,2,1,1
14,04,035,1,0,1,0,0,0,1,0,1
14,04,038,1,0,1,1,0,1,0,0,0
14,04,040,1,1,0,0,0,0,1,1,0
14,04,042,123,63,60,29,15,14,94,48,46
14,04,043,4,4,0,3,3,0,1,1,0
14,04,047,565,281,284,564,281,283,1,0,1
14,04,051,1338,642,696,572,268,304,766,374,392
14,04,052,2,2,0,0,0,0,2,2,0
14,04,064,2319,1168,1151,2264,1134,1130,55,34,21
14,04,071,505,263,242,469,245,224,36,18,18
14,04,082,55,33,22,13,9,4,42,24,18
14,04,091,1,1,0,1,1,0,0,0,0
14,04,095,12,4,8,3,1,2,9,3,6
14,04,106,1,1,0,1,1,0,0,0,0
14,04,111,12,7,5,3,2,1,9,5,4
14,04,113,363,180,183,252,118,134,111,62,49
14,04,117,122,59,63,23,10,13,99,49,50
14,04,122,6,5,1,0,0,0,6,5,1
14,04,123,3370,1679,1691,2074,1021,1053,1296,658,638
14,05,001,216,161,55,40,32,8,176,129,47
14,05,002,973,533,440,766,393,373,207,140,67
14,05,003,10,10,0,10,10,0,0,0,0
14,05,004,73,59,14,4,4,0,69,55,14
14,05,005,1,1,0,1,1,0,0,0,0
14,05,006,1231,966,265,607,457,150,624,509,115
14,05,007,25,24,1,21,21,0,4,3,1
14,05,008,3,3,0,1,1,0,2,2,0
14,05,010,3,3,0,3,3,0,0,0,0
14,05,011,86,73,13,17,16,1,69,57,12
14,05,012,349446,174323,175123,221926,111087,110839,127520,63236,64284
14,05,013,18,13,5,17,12,5,1,1,0
14,05,014,1750,920,830,1447,699,748,303,221,82
14,05,015,26,22,4,15,11,4,11,11,0
14,05,016,33,31,2,22,22,0,11,9,2
14,05,018,6,4,2,6,4,2,0,0,0
14,05,020,17,15,2,17,15,2,0,0,0
14,05,021,4,4,0,4,4,0,0,0,0
14,05,022,1,1,0,0,0,0,1,1,0
14,05,023,1,1,0,0,0,0,1,1,0
14,05,024,8,4,4,0,0,0,8,4,4
14,05,025,9,4,5,6,3,3,3,1,2
14,05,026,1,0,1,1,0,1,0,0,0
14,05,033,60,34,26,60,34,26,0,0,0
14,05,040,151,70,81,83,37,46,68,33,35
14,05,042,2,1,1,2,1,1,0,0,0
14,05,044,2,0,2,2,0,2,0,0,0
14,05,051,492,241,251,6,0,6,486,241,245
14,05,064,672,330,342,668,327,341,4,3,1
14,05,071,122,66,56,119,64,55,3,2,1
14,05,079,3,1,2,3,1,2,0,0,0
14,05,082,32,17,15,7,4,3,25,13,12
14,05,085,334,188,146,308,168,140,26,20,6
14,05,086,4,4,0,0,0,0,4,4,0
14,05,087,9,6,3,9,6,3,0,0,0
14,05,094,5,5,0,0,0,0,5,5,0
14,05,095,8,4,4,7,4,3,1,0,1
14,05,111,385,200,185,367,192,175,18,8,10
14,05,113,934,479,455,907,463,444,27,16,11
14,05,115,3,2,1,2,2,0,1,0,1
14,05,117,591,294,297,582,291,291,9,3,6
14,05,121,12,12,0,0,0,0,12,12,0
14,05,122,50,28,22,23,15,8,27,13,14
14,05,123,6328,3093,3235,4782,2331,2451,1546,762,784
14,06,001,365,286,79,189,139,50,176,147,29
14,06,002,2223,1352,871,304,198,106,1919,1154,765
14,06,003,31,25,6,29,23,6,2,2,0
14,06,004,36,31,5,13,9,4,23,22,1
14,06,005,25,18,7,9,6,3,16,12,4
14,06,006,6757,4675,2082,1304,998,306,5453,3677,1776
14,06,007,56,36,20,39,22,17,17,14,3
14,06,008,6,5,1,4,3,1,2,2,0
14,06,010,75,51,24,40,23,17,35,28,7
14,06,011,242,197,45,76,54,22,166,143,23
14,06,012,383182,189121,194061,171314,85470,85844,211868,103651,108217
14,06,013,98,72,26,66,44,22,32,28,4
14,06,014,6266,3310,2956,5269,2706,2563,997,604,393
14,06,015,396,351,45,67,45,22,329,306,23
14,06,016,641,397,244,96,68,28,545,329,216
14,06,018,9,6,3,6,3,3,3,3,0
14,06,019,2,1,1,1,0,1,1,1,0
14,06,020,133,97,36,92,60,32,41,37,4
14,06,021,74,51,23,42,26,16,32,25,7
14,06,022,35,30,5,13,10,3,22,20,2
14,06,023,14,10,4,0,0,0,14,10,4
14,06,024,7,1,6,7,1,6,0,0,0
14,06,025,203,96,107,60,32,28,143,64,79
14,06,026,30,16,14,7,2,5,23,14,9
14,06,027,33,17,16,10,5,5,23,12,11
14,06,030,1,0,1,1,0,1,0,0,0
14,06,031,1,1,0,0,0,0,1,1,0
14,06,033,4,3,1,4,3,1,0,0,0
14,06,034,11,9,2,0,0,0,11,9,2
14,06,035,2,1,1,1,0,1,1,1,0
14,06,038,1,1,0,0,0,0,1,1,0
14,06,039,2,1,1,2,1,1,0,0,0
14,06,040,73,38,35,11,6,5,62,32,30
14,06,042,386,204,182,202,107,95,184,97,87
14,06,043,30,18,12,0,0,0,30,18,12
14,06,044,1,0,1,1,0,1,0,0,0
14,06,047,646,319,327,271,131,140,375,188,187
14,06,048,1,1,0,1,1,0,0,0,0
14,06,051,8617,4376,4241,3996,1968,2028,4621,2408,2213
14,06,053,1,1,0,1,1,0,0,0,0
14,06,055,62,23,39,0,0,0,62,23,39
14,06,056,21,10,11,7,3,4,14,7,7
14,06,064,612,296,316,413,206,207,199,90,109
14,06,066,1,1,0,0,0,0,1,1,0
14,06,071,778,414,364,526,279,247,252,135,117
14,06,072,16,10,6,11,7,4,5,3,2
14,06,073,2,1,1,0,0,0,2,1,1
14,06,078,4,4,0,0,0,0,4,4,0
14,06,079,637,322,315,569,288,281,68,34,34
14,06,080,4,2,2,0,0,0,4,2,2
14,06,081,6,6,0,0,0,0,6,6,0
14,06,082,340,172,168,120,65,55,220,107,113
14,06,084,40,21,19,12,6,6,28,15,13
14,06,085,145,77,68,40,21,19,105,56,49
14,06,086,2,2,0,0,0,0,2,2,0
14,06,087,7,3,4,0,0,0,7,3,4
14,06,089,1,1,0,0,0,0,1,1,0
14,06,090,2,2,0,1,1,0,1,1,0
14,06,091,1,1,0,1,1,0,0,0,0
14,06,093,9,8,1,0,0,0,9,8,1
14,06,095,1957,976,981,933,472,461,1024,504,520
14,06,099,2,2,0,0,0,0,2,2,0
14,06,100,3,3,0,0,0,0,3,3,0
14,06,103,10,4,6,0,0,0,10,4,6
14,06,104,2,1,1,1,1,0,1,0,1
14,06,106,5,1,4,0,0,0,5,1,4
14,06,107,2,2,0,0,0,0,2,2,0
14,06,109,223,98,125,109,53,56,114,45,69
14,06,110,8,5,3,8,5,3,0,0,0
14,06,111,2423,1190,1233,1110,565,545,1313,625,688
14,06,112,26,15,11,14,9,5,12,6,6
14,06,113,1529,734,795,788,386,402,741,348,393
14,06,114,6,5,1,0,0,0,6,5,1
14,06,115,63,40,23,17,11,6,46,29,17
14,06,116,1,1,0,1,1,0,0,0,0
14,06,117,694,361,333,435,227,208,259,134,125
14,06,119,1,1,0,1,1,0,0,0,0
14,06,120,3,2,1,0,0,0,3,2,1
14,06,121,21,9,12,8,4,4,13,5,8
14,06,122,216,112,104,118,63,55,98,49,49
14,06,123,23781,11618,12163,8908,4438,4470,14873,7180,7693
14,07,001,263,218,45,198,174,24,65,44,21
14,07,002,20415,10533,9882,18385,9443,8942,2030,1090,940
14,07,003,23,20,3,18,17,1,5,3,2
14,07,004,41,40,1,38,37,1,3,3,0
14,07,005,16,15,1,12,11,1,4,4,0
14,07,006,5298,3379,1919,1694,1335,359,3604,2044,1560
14,07,007,37,35,2,31,29,2,6,6,0
14,07,008,1,1,0,0,0,0,1,1,0
14,07,009,1,1,0,1,1,0,0,0,0
14,07,010,43,32,11,7,7,0,36,25,11
14,07,011,259,190,69,179,142,37,80,48,32
14,07,012,319957,159463,160494,239278,119915,119363,80679,39548,41131
14,07,013,51,47,4,42,38,4,9,9,0
14,07,014,5777,3004,2773,3341,1808,1533,2436,1196,1240
14,07,015,63,51,12,51,43,8,12,8,4
14,07,016,118,106,12,92,89,3,26,17,9
14,07,019,2,1,1,0,0,0,2,1,1
14,07,020,54,50,4,47,44,3,7,6,1
14,07,021,43,37,6,26,23,3,17,14,3
14,07,022,21,20,1,18,17,1,3,3,0
14,07,023,10,8,2,8,7,1,2,1,1
14,07,025,180,88,92,26,15,11,154,73,81
14,07,026,14,13,1,13,13,0,1,0,1
14,07,027,15,13,2,13,12,1,2,1,1
14,07,033,1285,651,634,1138,583,555,147,68,79
14,07,035,1,1,0,1,1,0,0,0,0
14,07,039,19,10,9,0,0,0,19,10,9
14,07,040,107,45,62,8,2,6,99,43,56
14,07,042,217,117,100,29,15,14,188,102,86
14,07,043,16,10,6,6,6,0,10,4,6
14,07,046,2,2,0,2,2,0,0,0,0
14,07,047,3296,1684,1612,2724,1399,1325,572,285,287
14,07,051,6814,3309,3505,2311,1117,1194,4503,2192,2311
14,07,052,8,3,5,8,3,5,0,0,0
14,07,055,170,78,92,159,71,88,11,7,4
14,07,056,222,109,113,17,10,7,205,99,106
14,07,064,611,307,304,159,85,74,452,222,230
14,07,071,2067,1047,1020,533,297,236,1534,750,784
14,07,072,3,3,0,2,2,0,1,1,0
14,07,078,1,1,0,1,1,0,0,0,0
14,07,079,188,89,99,60,31,29,128,58,70
14,07,081,9,7,2,7,7,0,2,0,2
14,07,082,323,165,158,36,24,12,287,141,146
14,07,084,41,25,16,6,4,2,35,21,14
14,07,085,234,133,101,31,26,5,203,107,96
14,07,088,2,2,0,2,2,0,0,0,0
14,07,089,1,1,0,1,1,0,0,0,0
14,07,090,5,2,3,5,2,3,0,0,0
14,07,091,1,1,0,1,1,0,0,0,0
14,07,092,2,1,1,0,0,0,2,1,1
14,07,093,19,19,0,19,19,0,0,0,0
14,07,095,1024,519,505,213,121,92,811,398,413
14,07,106,8,8,0,7,7,0,1,1,0
14,07,109,80,39,41,10,7,3,70,32,38
14,07,111,5422,2634,2788,2567,1284,1283,2855,1350,1505
14,07,112,8,4,4,0,0,0,8,4,4
14,07,113,2479,1262,1217,545,310,235,1934,952,982
14,07,114,7,5,2,3,2,1,4,3,1
14,07,115,18,10,8,5,3,2,13,7,6
14,07,117,742,382,360,241,137,104,501,245,256
14,07,121,25,13,12,2,2,0,23,11,12
14,07,122,221,108,113,38,20,18,183,88,95
14,07,123,16476,8200,8276,12151,6042,6109,4325,2158,2167
14,08,001,357,282,75,357,282,75,0,0,0
14,08,002,196,151,45,196,151,45,0,0,0
14,08,003,8,5,3,8,5,3,0,0,0
14,08,004,87,86,1,87,86,1,0,0,0
14,08,005,9,8,1,9,8,1,0,0,0
14,08,006,2538,2041,497,2538,2041,497,0,0,0
14,08,007,11,7,4,11,7,4,0,0,0
14,08,008,17,14,3,17,14,3,0,0,0
14,08,009,9,5,4,9,5,4,0,0,0
14,08,010,10,6,4,10,6,4,0,0,0
14,08,011,215,175,40,215,175,40,0,0,0
14,08,012,1592,1183,409,1592,1183,409,0,0,0
14,08,013,13,10,3,13,10,3,0,0,0
14,08,014,1568,921,647,1568,921,647,0,0,0
14,08,015,82,61,21,82,61,21,0,0,0
14,08,016,81,65,16,81,65,16,0,0,0
14,08,018,127,67,60,127,67,60,0,0,0
14,08,020,26,20,6,26,20,6,0,0,0
14,08,021,20,16,4,20,16,4,0,0,0
14,08,022,12,8,4,12,8,4,0,0,0
14,08,023,4,1,3,4,1,3,0,0,0
14,08,024,1,1,0,1,1,0,0,0,0
14,08,027,6,2,4,6,2,4,0,0,0
14,08,031,8,5,3,8,5,3,0,0,0
14,08,034,1757,886,871,1757,886,871,0,0,0
14,08,040,2,2,0,2,2,0,0,0,0
14,08,042,4,2,2,4,2,2,0,0,0
14,08,043,15,14,1,15,14,1,0,0,0
14,08,047,15,13,2,15,13,2,0,0,0
14,08,051,37,20,17,37,20,17,0,0,0
14,08,054,1,1,0,1,1,0,0,0,0
14,08,055,6,5,1,6,5,1,0,0,0
14,08,064,7,3,4,7,3,4,0,0,0
14,08,071,782,395,387,782,395,387,0,0,0
14,08,079,2,1,1,2,1,1,0,0,0
14,08,081,1,0,1,1,0,1,0,0,0
14,08,082,9,8,1,9,8,1,0,0,0
14,08,085,107,58,49,107,58,49,0,0,0
14,08,087,1,1,0,1,1,0,0,0,0
14,08,090,1,1,0,1,1,0,0,0,0
14,08,091,1,1,0,1,1,0,0,0,0
14,08,093,2,2,0,2,2,0,0,0,0
14,08,095,36,26,10,36,26,10,0,0,0
14,08,104,4,3,1,4,3,1,0,0,0
14,08,109,391,196,195,391,196,195,0,0,0
14,08,111,121362,61946,59416,121362,61946,59416,0,0,0
14,08,113,4680,2397,2283,4680,2397,2283,0,0,0
14,08,115,3058,1544,1514,3058,1544,1514,0,0,0
14,08,117,748,399,349,748,399,349,0,0,0
14,08,120,2,2,0,2,2,0,0,0,0
14,08,122,75,39,36,75,39,36,0,0,0
14,08,123,675,360,315,675,360,315,0,0,0
14,09,001,7,4,3,4,2,2,3,2,1
14,09,002,270,150,120,26,17,9,244,133,111
14,09,003,2,2,0,2,2,0,0,0,0
14,09,005,1,1,0,0,0,0,1,1,0
14,09,006,1090,655,435,161,100,61,929,555,374
14,09,010,15,10,5,9,6,3,6,4,2
14,09,011,24,10,14,7,1,6,17,9,8
14,09,012,5224,2684,2540,1350,708,642,3874,1976,1898
14,09,014,852,442,410,386,208,178,466,234,232
14,09,015,66,41,25,0,0,0,66,41,25
14,09,016,125,61,64,0,0,0,125,61,64
14,09,018,2,1,1,0,0,0,2,1,1
14,09,019,1,1,0,0,0,0,1,1,0
14,09,020,1786,952,834,0,0,0,1786,952,834
14,09,021,86,50,36,0,0,0,86,50,36
14,09,022,1,1,0,1,1,0,0,0,0
14,09,023,2,2,0,2,2,0,0,0,0
14,09,025,21786,10747,11039,21786,10747,11039,0,0,0
14,09,027,1083,537,546,1083,537,546,0,0,0
14,09,040,10,10,0,9,9,0,1,1,0
14,09,042,1218,604,614,797,411,386,421,193,228
14,09,043,3,2,1,3,2,1,0,0,0
14,09,047,248,120,128,120,59,61,128,61,67
14,09,051,768,399,369,768,399,369,0,0,0
14,09,054,1,1,0,1,1,0,0,0,0
14,09,064,1153,587,566,1152,587,565,1,0,1
14,09,071,2160,1087,1073,2092,1059,1033,68,28,40
14,09,079,27,10,17,27,10,17,0,0,0
14,09,082,555,273,282,147,74,73,408,199,209
14,09,084,298,155,143,298,155,143,0,0,0
14,09,085,18500,9492,9008,18500,9492,9008,0,0,0
14,09,087,163,79,84,163,79,84,0,0,0
14,09,095,97,46,51,38,18,20,59,28,31
14,09,106,1,1,0,1,1,0,0,0,0
14,09,109,52,24,28,40,19,21,12,5,7
14,09,111,982,492,490,900,452,448,82,40,42
14,09,112,861,416,445,861,416,445,0,0,0
14,09,113,36279,18298,17981,31469,15945,15524,4810,2353,2457
14,09,115,2,2,0,0,0,0,2,2,0
14,09,117,4589,2331,2258,3719,1875,1844,870,456,414
14,09,121,2,0,2,2,0,2,0,0,0
14,09,122,4543,2303,2240,4084,2090,1994,459,213,246
14,09,123,13392,6658,6734,13357,6640,6717,35,18,17
15,01,001,46,44,2,41,39,2,5,5,0
15,01,002,9912,5318,4594,9740,5195,4545,172,123,49
15,01,003,5,4,1,4,3,1,1,1,0
15,01,004,5,5,0,5,5,0,0,0,0
15,01,005,5,5,0,5,5,0,0,0,0
15,01,006,434,375,59,406,352,54,28,23,5
15,01,007,4,4,0,4,4,0,0,0,0
15,01,008,1,1,0,1,1,0,0,0,0
15,01,009,2,2,0,0,0,0,2,2,0
15,01,011,44,37,7,31,28,3,13,9,4
15,01,012,45,38,7,30,24,6,15,14,1
15,01,013,3,2,1,2,2,0,1,0,1
15,01,014,271,213,58,220,182,38,51,31,20
15,01,015,39,36,3,38,35,3,1,1,0
15,01,016,47,45,2,42,40,2,5,5,0
15,01,018,371,342,29,276,248,28,95,94,1
15,01,020,10,10,0,10,10,0,0,0,0
15,01,021,18,14,4,17,13,4,1,1,0
15,01,022,4,4,0,4,4,0,0,0,0
15,01,030,2,2,0,2,2,0,0,0,0
15,01,034,1,0,1,1,0,1,0,0,0
15,01,039,1,1,0,1,1,0,0,0,0
15,01,040,11,11,0,7,7,0,4,4,0
15,01,043,3,3,0,3,3,0,0,0,0
15,01,046,154,84,70,112,64,48,42,20,22
15,01,047,30,13,17,12,6,6,18,7,11
15,01,048,2,2,0,2,2,0,0,0,0
15,01,051,17,7,10,17,7,10,0,0,0
15,01,055,27,14,13,27,14,13,0,0,0
15,01,071,17,10,7,12,7,5,5,3,2
15,01,072,3,3,0,1,1,0,2,2,0
15,01,076,1,1,0,1,1,0,0,0,0
15,01,079,1,1,0,1,1,0,0,0,0
15,01,080,1,1,0,1,1,0,0,0,0
15,01,082,44244,22723,21521,34213,17643,16570,10031,5080,4951
15,01,088,3,3,0,3,3,0,0,0,0
15,01,090,11,10,1,11,10,1,0,0,0
15,01,091,1,1,0,1,1,0,0,0,0
15,01,095,11,9,2,7,6,1,4,3,1
15,01,097,48,36,12,35,28,7,13,8,5
15,01,102,3,3,0,2,2,0,1,1,0
15,01,111,2,2,0,1,1,0,1,1,0
15,01,112,5,3,2,5,3,2,0,0,0
15,01,115,6471,3440,3031,6371,3388,2983,100,52,48
15,01,117,2,1,1,0,0,0,2,1,1
15,01,122,4,4,0,1,1,0,3,3,0
15,01,123,443,227,216,406,210,196,37,17,20
15,02,001,105,88,17,22,17,5,83,71,12
15,02,002,2508,1480,1028,1703,934,769,805,546,259
15,02,003,23,17,6,15,11,4,8,6,2
15,02,004,24,21,3,2,2,0,22,19,3
15,02,005,3,3,0,0,0,0,3,3,0
15,02,006,1103,896,207,311,270,41,792,626,166
15,02,007,5,3,2,0,0,0,5,3,2
15,02,008,1,1,0,0,0,0,1,1,0
15,02,009,8,0,8,0,0,0,8,0,8
15,02,011,141,116,25,23,20,3,118,96,22
15,02,012,107,79,28,25,18,7,82,61,21
15,02,013,32,24,8,1,1,0,31,23,8
15,02,014,1486,852,634,170,118,52,1316,734,582
15,02,015,54,50,4,37,33,4,17,17,0
15,02,016,45,40,5,5,5,0,40,35,5
15,02,018,426,378,48,319,292,27,107,86,21
15,02,020,29,21,8,4,4,0,25,17,8
15,02,021,21,15,6,1,1,0,20,14,6
15,02,022,5,5,0,4,4,0,1,1,0
15,02,023,1,1,0,0,0,0,1,1,0
15,02,033,5,3,2,0,0,0,5,3,2
15,02,039,7,4,3,4,2,2,3,2,1
15,02,040,41,27,14,6,6,0,35,21,14
15,02,042,95,53,42,5,3,2,90,50,40
15,02,043,7,6,1,4,3,1,3,3,0
15,02,046,2,2,0,0,0,0,2,2,0
15,02,047,3161,1618,1543,2070,1052,1018,1091,566,525
15,02,051,3,1,2,3,1,2,0,0,0
15,02,054,16,11,5,13,10,3,3,1,2
15,02,055,367,176,191,39,18,21,328,158,170
15,02,071,61,36,25,41,23,18,20,13,7
15,02,072,15,13,2,12,10,2,3,3,0
15,02,076,4,2,2,2,2,0,2,0,2
15,02,081,3,1,2,0,0,0,3,1,2
15,02,082,53819,27285,26534,22745,11659,11086,31074,15626,15448
15,02,090,23,21,2,19,18,1,4,3,1
15,02,091,21,21,0,19,19,0,2,2,0
15,02,095,35,28,7,23,19,4,12,9,3
15,02,097,34,21,13,23,17,6,11,4,7
15,02,101,4,3,1,4,3,1,0,0,0
15,02,103,1,1,0,1,1,0,0,0,0
15,02,106,1,0,1,0,0,0,1,0,1
15,02,109,5,3,2,4,2,2,1,1,0
15,02,111,2,2,0,1,1,0,1,1,0
15,02,112,4,2,2,0,0,0,4,2,2
15,02,113,12,6,6,5,3,2,7,3,4
15,02,115,1938,1028,910,1710,911,799,228,117,111
15,02,117,26,15,11,5,3,2,21,12,9
15,02,123,121,83,38,61,45,16,60,38,22
15,03,001,587,425,162,103,96,7,484,329,155
15,03,002,6649,5606,1043,237,223,14,6412,5383,1029
15,03,003,72,44,28,4,4,0,68,40,28
15,03,004,169,151,18,72,69,3,97,82,15
15,03,005,19,15,4,2,2,0,17,13,4
15,03,006,4698,3660,1038,1022,919,103,3676,2741,935
15,03,007,89,81,8,30,30,0,59,51,8
15,03,008,1,1,0,1,1,0,0,0,0
15,03,009,15,5,10,3,1,2,12,4,8
15,03,010,66,42,24,7,5,2,59,37,22
15,03,011,667,501,166,173,147,26,494,354,140
15,03,012,1141,777,364,54,39,15,1087,738,349
15,03,013,68,52,16,17,14,3,51,38,13
15,03,014,5740,3256,2484,338,256,82,5402,3000,2402
15,03,015,196,149,47,68,56,12,128,93,35
15,03,016,207,164,43,85,74,11,122,90,32
15,03,017,2,2,0,2,2,0,0,0,0
15,03,018,732,652,80,104,89,15,628,563,65
15,03,019,2,1,1,0,0,0,2,1,1
15,03,020,239,202,37,50,45,5,189,157,32
15,03,021,149,116,33,28,24,4,121,92,29
15,03,022,55,44,11,13,11,2,42,33,9
15,03,023,19,10,9,0,0,0,19,10,9
15,03,025,1,0,1,0,0,0,1,0,1
15,03,026,3,1,2,0,0,0,3,1,2
15,03,027,24,9,15,1,1,0,23,8,15
15,03,030,3,1,2,0,0,0,3,1,2
15,03,031,1,1,0,1,1,0,0,0,0
15,03,033,15,9,6,0,0,0,15,9,6
15,03,034,1,0,1,0,0,0,1,0,1
15,03,039,11,7,4,0,0,0,11,7,4
15,03,040,34,23,11,1,1,0,33,22,11
15,03,042,343,194,149,325,180,145,18,14,4
15,03,043,50,31,19,8,2,6,42,29,13
15,03,044,1,1,0,1,1,0,0,0,0
15,03,045,2,1,1,0,0,0,2,1,1
15,03,046,37,20,17,0,0,0,37,20,17
15,03,047,10586,5371,5215,9661,4903,4758,925,468,457
15,03,051,13,7,6,0,0,0,13,7,6
15,03,052,4,3,1,1,1,0,3,2,1
15,03,054,7,7,0,2,2,0,5,5,0
15,03,055,253,177,76,132,92,40,121,85,36
15,03,058,1,1,0,1,1,0,0,0,0
15,03,059,4,2,2,0,0,0,4,2,2
15,03,071,53,32,21,8,8,0,45,24,21
15,03,072,12,8,4,2,2,0,10,6,4
15,03,073,1,1,0,1,1,0,0,0,0
15,03,074,3,1,2,0,0,0,3,1,2
15,03,075,1,1,0,0,0,0,1,1,0
15,03,076,65,35,30,3,3,0,62,32,30
15,03,078,1,1,0,0,0,0,1,1,0
15,03,079,1,1,0,0,0,0,1,1,0
15,03,081,3,1,2,0,0,0,3,1,2
15,03,082,288941,142982,145959,63385,32183,31202,225556,110799,114757
15,03,083,1,1,0,0,0,0,1,1,0
15,03,088,1,0,1,0,0,0,1,0,1
15,03,089,1,0,1,0,0,0,1,0,1
15,03,090,8,8,0,5,5,0,3,3,0
15,03,091,9,9,0,0,0,0,9,9,0
15,03,093,11,1,10,0,0,0,11,1,10
15,03,095,1816,932,884,1213,619,594,603,313,290
15,03,097,385,198,187,86,50,36,299,148,151
15,03,101,1,1,0,0,0,0,1,1,0
15,03,102,3,3,0,3,3,0,0,0,0
15,03,106,2,1,1,0,0,0,2,1,1
15,03,109,65,36,29,51,28,23,14,8,6
15,03,110,19,11,8,0,0,0,19,11,8
15,03,111,14,7,7,2,2,0,12,5,7
15,03,112,14,7,7,1,0,1,13,7,6
15,03,113,126,72,54,46,27,19,80,45,35
15,03,114,23,11,12,0,0,0,23,11,12
15,03,115,110,73,37,6,2,4,104,71,33
15,03,116,1,1,0,0,0,0,1,1,0
15,03,117,152,90,62,87,53,34,65,37,28
15,03,120,2,1,1,0,0,0,2,1,1
15,03,122,33,17,16,32,16,16,1,1,0
15,03,123,822,512,310,53,39,14,769,473,296
15,04,001,55,50,5,11,10,1,44,40,4
15,04,002,281,249,32,88,79,9,193,170,23
15,04,003,6,6,0,0,0,0,6,6,0
15,04,004,24,21,3,0,0,0,24,21,3
15,04,005,7,3,4,0,0,0,7,3,4
15,04,006,1345,1226,119,509,452,57,836,774,62
15,04,007,12,9,3,0,0,0,12,9,3
15,04,009,3,3,0,0,0,0,3,3,0
15,04,011,106,87,19,10,9,1,96,78,18
15,04,012,94,85,9,41,39,2,53,46,7
15,04,013,11,8,3,1,0,1,10,8,2
15,04,014,229,196,33,59,54,5,170,142,28
15,04,015,32,27,5,2,2,0,30,25,5
15,04,016,33,33,0,2,2,0,31,31,0
15,04,018,553,544,9,75,69,6,478,475,3
15,04,020,21,18,3,2,2,0,19,16,3
15,04,021,8,5,3,5,3,2,3,2,1
15,04,022,4,4,0,1,1,0,3,3,0
15,04,023,1,0,1,1,0,1,0,0,0
15,04,025,1,1,0,0,0,0,1,1,0
15,04,030,17,7,10,14,5,9,3,2,1
15,04,033,2,2,0,0,0,0,2,2,0
15,04,039,2,2,0,0,0,0,2,2,0
15,04,040,3,2,1,2,1,1,1,1,0
15,04,042,7,4,3,6,3,3,1,1,0
15,04,043,6,5,1,2,2,0,4,3,1
15,04,046,2,1,1,0,0,0,2,1,1
15,04,047,314,172,142,312,171,141,2,1,1
15,04,051,3,3,0,0,0,0,3,3,0
15,04,055,4,3,1,0,0,0,4,3,1
15,04,071,5,4,1,1,1,0,4,3,1
15,04,072,2,2,0,0,0,0,2,2,0
15,04,076,7,3,4,6,3,3,1,0,1
15,04,079,3,2,1,0,0,0,3,2,1
15,04,082,91544,46113,45431,52676,26648,26028,38868,19465,19403
15,04,083,1,1,0,0,0,0,1,1,0
15,04,084,1,1,0,0,0,0,1,1,0
15,04,091,1,1,0,1,1,0,0,0,0
15,04,095,12267,6105,6162,11655,5802,5853,612,303,309
15,04,097,646,318,328,486,238,248,160,80,80
15,04,101,2,2,0,0,0,0,2,2,0
15,04,102,2,1,1,0,0,0,2,1,1
15,04,106,1,1,0,0,0,0,1,1,0
15,04,109,1,0,1,1,0,1,0,0,0
15,04,110,1,1,0,1,1,0,0,0,0
15,04,111,1,1,0,0,0,0,1,1,0
15,04,113,16,8,8,16,8,8,0,0,0
15,04,115,9,8,1,3,3,0,6,5,1
15,04,117,255,137,118,244,129,115,11,8,3
15,04,121,1,1,0,0,0,0,1,1,0
15,04,122,9,4,5,9,4,5,0,0,0
15,04,123,431,266,165,101,54,47,330,212,118
15,05,001,15,12,3,12,9,3,3,3,0
15,05,002,233,204,29,85,77,8,148,127,21
15,05,005,1,1,0,1,1,0,0,0,0
15,05,006,176,146,30,98,88,10,78,58,20
15,05,009,11,0,11,5,0,5,6,0,6
15,05,010,8,7,1,8,7,1,0,0,0
15,05,011,29,23,6,17,15,2,12,8,4
15,05,012,35,30,5,7,7,0,28,23,5
15,05,014,121,94,27,48,45,3,73,49,24
15,05,015,2,1,1,0,0,0,2,1,1
15,05,018,246,233,13,216,207,9,30,26,4
15,05,020,7,6,1,4,3,1,3,3,0
15,05,021,1,1,0,1,1,0,0,0,0
15,05,022,7,4,3,1,1,0,6,3,3
15,05,025,1,1,0,0,0,0,1,1,0
15,05,030,4,3,1,4,3,1,0,0,0
15,05,031,3,0,3,0,0,0,3,0,3
15,05,040,8,6,2,0,0,0,8,6,2
15,05,043,2,2,0,1,1,0,1,1,0
15,05,044,1,1,0,1,1,0,0,0,0
15,05,046,1,1,0,1,1,0,0,0,0
15,05,047,22,13,9,1,0,1,21,13,8
15,05,054,1,1,0,1,1,0,0,0,0
15,05,055,3,3,0,2,2,0,1,1,0
15,05,072,1,1,0,1,1,0,0,0,0
15,05,076,10,4,6,0,0,0,10,4,6
15,05,081,1,1,0,1,1,0,0,0,0
15,05,082,52739,26488,26251,27400,13861,13539,25339,12627,12712
15,05,095,10,4,6,6,3,3,4,1,3
15,05,097,107,49,58,37,16,21,70,33,37
15,05,100,1,0,1,1,0,1,0,0,0
15,05,115,17,16,1,7,7,0,10,9,1
15,05,121,4,2,2,0,0,0,4,2,2
15,05,123,33,22,11,16,10,6,17,12,5
15,06,001,123,98,25,34,32,2,89,66,23
15,06,002,26119,13938,12181,24112,12526,11586,2007,1412,595
15,06,003,26,15,11,20,11,9,6,4,2
15,06,004,31,27,4,22,18,4,9,9,0
15,06,005,9,7,2,1,1,0,8,6,2
15,06,006,1733,1457,276,609,547,62,1124,910,214
15,06,007,18,17,1,6,5,1,12,12,0
15,06,009,4,1,3,0,0,0,4,1,3
15,06,010,13,11,2,9,9,0,4,2,2
15,06,011,212,160,52,88,76,12,124,84,40
15,06,012,265,189,76,12,12,0,253,177,76
15,06,013,34,29,5,23,20,3,11,9,2
15,06,014,768,566,202,188,177,11,580,389,191
15,06,015,11,10,1,3,3,0,8,7,1
15,06,016,97,92,5,61,56,5,36,36,0
15,06,018,1271,1236,35,682,679,3,589,557,32
15,06,020,69,57,12,30,27,3,39,30,9
15,06,021,20,16,4,9,8,1,11,8,3
15,06,022,10,10,0,3,3,0,7,7,0
15,06,023,1,0,1,0,0,0,1,0,1
15,06,026,1,1,0,0,0,0,1,1,0
15,06,030,41,25,16,13,9,4,28,16,12
15,06,035,1,0,1,0,0,0,1,0,1
15,06,038,1,1,0,0,0,0,1,1,0
15,06,040,8,8,0,0,0,0,8,8,0
15,06,042,6,4,2,0,0,0,6,4,2
15,06,043,11,9,2,2,2,0,9,7,2
15,06,046,1,1,0,1,1,0,0,0,0
15,06,047,43,20,23,19,11,8,24,9,15
15,06,048,2,2,0,2,2,0,0,0,0
15,06,054,1,1,0,0,0,0,1,1,0
15,06,055,2,1,1,1,0,1,1,1,0
15,06,071,19,10,9,1,1,0,18,9,9
15,06,072,1,1,0,0,0,0,1,1,0
15,06,076,56,39,17,33,22,11,23,17,6
15,06,082,100967,50591,50376,48677,24620,24057,52290,25971,26319
15,06,083,1,1,0,1,1,0,0,0,0
15,06,086,3,2,1,0,0,0,3,2,1
15,06,088,69,32,37,69,32,37,0,0,0
15,06,090,5,5,0,1,1,0,4,4,0
15,06,091,7,7,0,4,4,0,3,3,0
15,06,095,131,88,43,72,47,25,59,41,18
15,06,097,910,482,428,683,362,321,227,120,107
15,06,102,3,3,0,3,3,0,0,0,0
15,06,107,4,4,0,4,4,0,0,0,0
15,06,110,1,1,0,1,1,0,0,0,0
15,06,111,5,4,1,0,0,0,5,4,1
15,06,113,1,1,0,1,1,0,0,0,0
15,06,115,3529,1806,1723,3508,1794,1714,21,12,9
15,06,117,3,2,1,0,0,0,3,2,1
15,06,122,8,5,3,0,0,0,8,5,3
15,06,123,548,309,239,259,155,104,289,154,135
15,07,001,24,23,1,24,23,1,0,0,0
15,07,002,34213,17882,16331,34213,17882,16331,0,0,0
15,07,003,2,2,0,2,2,0,0,0,0
15,07,004,6,6,0,6,6,0,0,0,0
15,07,006,665,614,51,665,614,51,0,0,0
15,07,007,14,14,0,14,14,0,0,0,0
15,07,010,2,2,0,2,2,0,0,0,0
15,07,011,72,70,2,72,70,2,0,0,0
15,07,012,34,28,6,34,28,6,0,0,0
15,07,013,24,14,10,24,14,10,0,0,0
15,07,014,125,97,28,125,97,28,0,0,0
15,07,015,9,9,0,9,9,0,0,0,0
15,07,016,34,31,3,34,31,3,0,0,0
15,07,017,4,4,0,4,4,0,0,0,0
15,07,018,622,613,9,622,613,9,0,0,0
15,07,020,25,22,3,25,22,3,0,0,0
15,07,021,10,10,0,10,10,0,0,0,0
15,07,022,12,12,0,12,12,0,0,0,0
15,07,030,458,231,227,458,231,227,0,0,0
15,07,031,3250,1677,1573,3250,1677,1573,0,0,0
15,07,039,1,1,0,1,1,0,0,0,0
15,07,040,1,1,0,1,1,0,0,0,0
15,07,043,7,6,1,7,6,1,0,0,0
15,07,046,1,0,1,1,0,1,0,0,0
15,07,047,22,11,11,22,11,11,0,0,0
15,07,054,1,1,0,1,1,0,0,0,0
15,07,055,12,8,4,12,8,4,0,0,0
15,07,071,4,3,1,4,3,1,0,0,0
15,07,072,7,4,3,7,4,3,0,0,0
15,07,076,332,166,166,332,166,166,0,0,0
15,07,082,10568,5402,5166,10568,5402,5166,0,0,0
15,07,083,1,1,0,1,1,0,0,0,0
15,07,088,631,352,279,631,352,279,0,0,0
15,07,090,5,5,0,5,5,0,0,0,0
15,07,091,3,2,1,3,2,1,0,0,0
15,07,095,47,21,26,47,21,26,0,0,0
15,07,097,14808,7448,7360,14808,7448,7360,0,0,0
15,07,101,1,1,0,1,1,0,0,0,0
15,07,102,5,3,2,5,3,2,0,0,0
15,07,111,1,1,0,1,1,0,0,0,0
15,07,112,33,24,9,33,24,9,0,0,0
15,07,113,32,18,14,32,18,14,0,0,0
15,07,114,90,48,42,90,48,42,0,0,0
15,07,115,5497,2858,2639,5497,2858,2639,0,0,0
15,07,117,7,4,3,7,4,3,0,0,0
15,07,122,3,2,1,3,2,1,0,0,0
15,07,123,1895,1024,871,1895,1024,871,0,0,0
15,08,001,24,21,3,10,10,0,14,11,3
15,08,002,474,398,76,67,64,3,407,334,73
15,08,003,11,7,4,1,1,0,10,6,4
15,08,004,16,14,2,3,2,1,13,12,1
15,08,005,1,1,0,1,1,0,0,0,0
15,08,006,376,320,56,167,162,5,209,158,51
15,08,008,2,2,0,0,0,0,2,2,0
15,08,010,3,2,1,0,0,0,3,2,1
15,08,011,51,36,15,19,16,3,32,20,12
15,08,012,104,83,21,9,8,1,95,75,20
15,08,013,2,2,0,1,1,0,1,1,0
15,08,014,208,155,53,62,58,4,146,97,49
15,08,015,3,3,0,2,2,0,1,1,0
15,08,016,16,13,3,12,9,3,4,4,0
15,08,018,456,435,21,396,393,3,60,42,18
15,08,020,31,15,16,8,6,2,23,9,14
15,08,021,1,1,0,0,0,0,1,1,0
15,08,022,1,1,0,1,1,0,0,0,0
15,08,030,453,223,230,360,182,178,93,41,52
15,08,033,2,2,0,2,2,0,0,0,0
15,08,042,1,1,0,0,0,0,1,1,0
15,08,043,1,1,0,0,0,0,1,1,0
15,08,047,62,35,27,14,5,9,48,30,18
15,08,055,200,100,100,187,95,92,13,5,8
15,08,071,7,3,4,0,0,0,7,3,4
15,08,072,9,9,0,5,5,0,4,4,0
15,08,076,34256,17224,17032,23738,11900,11838,10518,5324,5194
15,08,082,7783,3905,3878,2719,1385,1334,5064,2520,2544
15,08,090,2,2,0,2,2,0,0,0,0
15,08,091,2,2,0,2,2,0,0,0,0
15,08,095,50,20,30,13,6,7,37,14,23
15,08,097,7962,3958,4004,4955,2449,2506,3007,1509,1498
15,08,100,2,2,0,2,2,0,0,0,0
15,08,109,5,4,1,5,4,1,0,0,0
15,08,113,1,1,0,1,1,0,0,0,0
15,08,115,9,5,4,8,4,4,1,1,0
15,08,117,7,6,1,6,5,1,1,1,0
15,08,123,8462,4230,4232,8452,4222,4230,10,8,2
16,01,001,720,508,212,453,330,123,267,178,89
16,01,002,1087590,554464,533126,710949,364779,346170,376641,189685,186956
16,01,003,54,37,17,43,28,15,11,9,2
16,01,004,269,243,26,158,151,7,111,92,19
16,01,005,706,414,292,637,369,268,69,45,24
16,01,006,25504,16097,9407,15794,10184,5610,9710,5913,3797
16,01,007,308,248,60,182,162,20,126,86,40
16,01,008,53,50,3,36,36,0,17,14,3
16,01,009,20,14,6,15,11,4,5,3,2
16,01,010,126,88,38,58,51,7,68,37,31
16,01,011,962,732,230,421,352,69,541,380,161
16,01,012,10470,5354,5116,7708,3957,3751,2762,1397,1365
16,01,013,636,496,140,349,301,48,287,195,92
16,01,014,1666,976,690,998,576,422,668,400,268
16,01,015,14776,7625,7151,13685,7048,6637,1091,577,514
16,01,016,988,885,103,380,340,40,608,545,63
16,01,018,1979,1042,937,1945,1016,929,34,26,8
16,01,019,4,3,1,3,2,1,1,1,0
16,01,020,694,586,108,393,354,39,301,232,69
16,01,021,2789,1644,1145,2556,1479,1077,233,165,68
16,01,022,153,126,27,99,89,10,54,37,17
16,01,023,7,7,0,1,1,0,6,6,0
16,01,024,1,1,0,0,0,0,1,1,0
16,01,026,1,1,0,1,1,0,0,0,0
16,01,027,3,3,0,2,2,0,1,1,0
16,01,028,1,1,0,0,0,0,1,1,0
16,01,030,205,117,88,200,114,86,5,3,2
16,01,031,14,7,7,0,0,0,14,7,7
16,01,032,95,47,48,95,47,48,0,0,0
16,01,033,1190,633,557,946,502,444,244,131,113
16,01,036,2,2,0,2,2,0,0,0,0
16,01,037,2,1,1,0,0,0,2,1,1
16,01,039,4,2,2,0,0,0,4,2,2
16,01,040,37,16,21,15,9,6,22,7,15
16,01,043,1805,920,885,1658,847,811,147,73,74
16,01,044,333,169,164,331,168,163,2,1,1
16,01,045,1,0,1,1,0,1,0,0,0
16,01,046,1673,817,856,1618,789,829,55,28,27
16,01,047,27,12,15,27,12,15,0,0,0
16,01,048,2,2,0,2,2,0,0,0,0
16,01,051,2,2,0,2,2,0,0,0,0
16,01,052,3,2,1,3,2,1,0,0,0
16,01,053,1,1,0,1,1,0,0,0,0
16,01,054,265,143,122,263,141,122,2,2,0
16,01,055,19,14,5,15,10,5,4,4,0
16,01,058,5,1,4,5,1,4,0,0,0
16,01,061,1,0,1,0,0,0,1,0,1
16,01,064,3,1,2,3,1,2,0,0,0
16,01,065,15,8,7,15,8,7,0,0,0
16,01,071,474,249,225,382,199,183,92,50,42
16,01,072,1850,1004,846,1831,995,836,19,9,10
16,01,077,1,1,0,1,1,0,0,0,0
16,01,078,2,2,0,2,2,0,0,0,0
16,01,080,3,1,2,3,1,2,0,0,0
16,01,082,161,84,77,89,50,39,72,34,38
16,01,083,122,55,67,122,55,67,0,0,0
16,01,084,5,1,4,5,1,4,0,0,0
16,01,086,2,1,1,0,0,0,2,1,1
16,01,088,350,194,156,286,159,127,64,35,29
16,01,090,5497,2849,2648,5468,2836,2632,29,13,16
16,01,091,35,25,10,25,18,7,10,7,3
16,01,092,1,1,0,1,1,0,0,0,0
16,01,093,3,2,1,1,1,0,2,1,1
16,01,095,11,9,2,6,4,2,5,5,0
16,01,098,5,4,1,5,4,1,0,0,0
16,01,101,309,155,154,309,155,154,0,0,0
16,01,102,16,8,8,16,8,8,0,0,0
16,01,105,1030,530,500,1030,530,500,0,0,0
16,01,106,7,5,2,6,4,2,1,1,0
16,01,109,1,1,0,1,1,0,0,0,0
16,01,111,9,5,4,8,4,4,1,1,0
16,01,112,1,1,0,1,1,0,0,0,0
16,01,113,5,3,2,5,3,2,0,0,0
16,01,114,1,1,0,1,1,0,0,0,0
16,01,115,363112,183914,179198,347554,176016,171538,15558,7898,7660
16,01,119,5,4,1,0,0,0,5,4,1
16,01,123,3780,1908,1872,3689,1855,1834,91,53,38
16,02,001,204,193,11,192,183,9,12,10,2
16,02,002,493300,253793,239507,441556,227295,214261,51744,26498,25246
16,02,003,16,15,1,16,15,1,0,0,0
16,02,004,112,106,6,108,102,6,4,4,0
16,02,005,63,59,4,62,58,4,1,1,0
16,02,006,4314,3638,676,3851,3249,602,463,389,74
16,02,007,146,141,5,126,121,5,20,20,0
16,02,008,25,23,2,14,12,2,11,11,0
16,02,009,9,4,5,9,4,5,0,0,0
16,02,010,29,24,5,29,24,5,0,0,0
16,02,011,360,320,40,313,273,40,47,47,0
16,02,012,152,113,39,128,97,31,24,16,8
16,02,013,189,180,9,170,161,9,19,19,0
16,02,014,499,357,142,479,342,137,20,15,5
16,02,015,411,275,136,360,239,121,51,36,15
16,02,016,229,214,15,207,194,13,22,20,2
16,02,018,193,97,96,192,96,96,1,1,0
16,02,020,310,303,7,256,251,5,54,52,2
16,02,021,206,203,3,129,128,1,77,75,2
16,02,022,55,42,13,41,30,11,14,12,2
16,02,028,2,1,1,2,1,1,0,0,0
16,02,030,597,313,284,597,313,284,0,0,0
16,02,031,2,2,0,2,2,0,0,0,0
16,02,033,45,30,15,38,25,13,7,5,2
16,02,039,3,1,2,3,1,2,0,0,0
16,02,040,73,35,38,73,35,38,0,0,0
16,02,043,4762,2368,2394,4738,2349,2389,24,19,5
16,02,044,1,1,0,1,1,0,0,0,0
16,02,046,4092,2003,2089,4084,1997,2087,8,6,2
16,02,047,8,5,3,8,5,3,0,0,0
16,02,048,2,2,0,2,2,0,0,0,0
16,02,051,6,4,2,6,4,2,0,0,0
16,02,054,1,1,0,1,1,0,0,0,0
16,02,055,1,1,0,1,1,0,0,0,0
16,02,059,1,1,0,1,1,0,0,0,0
16,02,071,237,125,112,237,125,112,0,0,0
16,02,072,98,58,40,97,57,40,1,1,0
16,02,082,107,56,51,107,56,51,0,0,0
16,02,084,3,0,3,3,0,3,0,0,0
16,02,088,25032,12667,12365,24961,12632,12329,71,35,36
16,02,090,1561,789,772,1553,784,769,8,5,3
16,02,091,200,100,100,199,99,100,1,1,0
16,02,095,13,7,6,13,7,6,0,0,0
16,02,101,1,1,0,1,1,0,0,0,0
16,02,105,702,345,357,702,345,357,0,0,0
16,02,107,3,3,0,3,3,0,0,0,0
16,02,111,10,5,5,10,5,5,0,0,0
16,02,115,227640,114877,112763,226250,113933,112317,1390,944,446
16,02,123,1415,704,711,1362,674,688,53,30,23
16,03,001,122,103,19,110,91,19,12,12,0
16,03,002,143709,73593,70116,128172,65594,62578,15537,7999,7538
16,03,003,7,5,2,7,5,2,0,0,0
16,03,004,159,151,8,147,139,8,12,12,0
16,03,005,168,96,72,168,96,72,0,0,0
16,03,006,9648,6042,3606,9095,5627,3468,553,415,138
16,03,007,49,49,0,48,48,0,1,1,0
16,03,008,31,31,0,30,30,0,1,1,0
16,03,009,3,3,0,3,3,0,0,0,0
16,03,010,37,22,15,33,20,13,4,2,2
16,03,011,163,152,11,120,114,6,43,38,5
16,03,012,4589,2293,2296,4501,2249,2252,88,44,44
16,03,013,108,103,5,100,96,4,8,7,1
16,03,014,786,482,304,657,393,264,129,89,40
16,03,015,4360,2322,2038,4205,2242,1963,155,80,75
16,03,016,216,212,4,177,176,1,39,36,3
16,03,018,155,86,69,149,83,66,6,3,3
16,03,020,88,81,7,73,70,3,15,11,4
16,03,021,179,129,50,171,121,50,8,8,0
16,03,022,66,61,5,59,56,3,7,5,2
16,03,028,40,23,17,40,23,17,0,0,0
16,03,030,5,2,3,0,0,0,5,2,3
16,03,032,1,1,0,1,1,0,0,0,0
16,03,033,4756,2308,2448,4452,2169,2283,304,139,165
16,03,040,4,2,2,4,2,2,0,0,0
16,03,043,4148,2078,2070,4104,2055,2049,44,23,21
16,03,044,34,14,20,34,14,20,0,0,0
16,03,046,5126,2644,2482,4980,2560,2420,146,84,62
16,03,047,19,7,12,19,7,12,0,0,0
16,03,048,4,3,1,4,3,1,0,0,0
16,03,049,1,1,0,1,1,0,0,0,0
16,03,055,3,3,0,3,3,0,0,0,0
16,03,065,6,2,4,6,2,4,0,0,0
16,03,071,1409,716,693,1409,716,693,0,0,0
16,03,072,83,50,33,73,46,27,10,4,6
16,03,073,1,1,0,1,1,0,0,0,0
16,03,078,1,1,0,1,1,0,0,0,0
16,03,082,85,45,40,79,43,36,6,2,4
16,03,086,1,1,0,1,1,0,0,0,0
16,03,087,3,2,1,3,2,1,0,0,0
16,03,088,2956,1515,1441,2934,1502,1432,22,13,9
16,03,090,432,239,193,401,225,176,31,14,17
16,03,091,19,13,6,18,12,6,1,1,0
16,03,093,1,1,0,1,1,0,0,0,0
16,03,095,2,2,0,2,2,0,0,0,0
16,03,105,192,98,94,192,98,94,0,0,0
16,03,107,3,2,1,3,2,1,0,0,0
16,03,112,5,3,2,5,3,2,0,0,0
16,03,115,122273,62488,59785,120622,61583,59039,1651,905,746
16,03,117,3,1,2,3,1,2,0,0,0
16,03,119,4,1,3,4,1,3,0,0,0
16,03,123,1605,812,793,1576,795,781,29,17,12
16,04,001,163,131,32,140,118,22,23,13,10
16,04,002,423395,216050,207345,366458,187406,179052,56937,28644,28293
16,04,003,15,15,0,14,14,0,1,1,0
16,04,004,55,53,2,53,51,2,2,2,0
16,04,005,231,127,104,230,126,104,1,1,0
16,04,006,14225,8185,6040,12714,7160,5554,1511,1025,486
16,04,007,64,58,6,59,53,6,5,5,0
16,04,008,30,29,1,30,29,1,0,0,0
16,04,009,114,55,59,111,55,56,3,0,3
16,04,010,46,33,13,38,28,10,8,5,3
16,04,011,262,234,28,245,221,24,17,13,4
16,04,012,5505,2791,2714,4154,2105,2049,1351,686,665
16,04,013,65,48,17,60,43,17,5,5,0
16,04,014,426,271,155,392,253,139,34,18,16
16,04,015,4352,2287,2065,4314,2258,2056,38,29,9
16,04,016,204,177,27,190,165,25,14,12,2
16,04,018,298,172,126,234,143,91,64,29,35
16,04,019,1,1,0,0,0,0,1,1,0
16,04,020,220,202,18,213,195,18,7,7,0
16,04,021,638,352,286,603,334,269,35,18,17
16,04,022,39,24,15,36,21,15,3,3,0
16,04,027,1,1,0,1,1,0,0,0,0
16,04,028,17,8,9,17,8,9,0,0,0
16,04,030,206,99,107,206,99,107,0,0,0
16,04,031,3,2,1,2,1,1,1,1,0
16,04,032,1,1,0,1,1,0,0,0,0
16,04,033,15725,7761,7964,14478,7146,7332,1247,615,632
16,04,038,9,7,2,9,7,2,0,0,0
16,04,039,3,2,1,1,0,1,2,2,0
16,04,040,69,39,30,65,38,27,4,1,3
16,04,042,2,2,0,2,2,0,0,0,0
16,04,043,597,325,272,523,286,237,74,39,35
16,04,044,26,14,12,26,14,12,0,0,0
16,04,046,7099,3631,3468,7065,3609,3456,34,22,12
16,04,047,13,7,6,13,7,6,0,0,0
16,04,048,3,3,0,3,3,0,0,0,0
16,04,052,10,6,4,10,6,4,0,0,0
16,04,054,72,36,36,72,36,36,0,0,0
16,04,055,151,82,69,151,82,69,0,0,0
16,04,062,12,8,4,12,8,4,0,0,0
16,04,065,4,4,0,4,4,0,0,0,0
16,04,071,2883,1462,1421,2846,1443,1403,37,19,18
16,04,072,2847,1437,1410,2838,1431,1407,9,6,3
16,04,073,1,1,0,1,1,0,0,0,0
16,04,076,6,6,0,6,6,0,0,0,0
16,04,077,5,0,5,0,0,0,5,0,5
16,04,078,2,1,1,1,1,0,1,0,1
16,04,080,14,7,7,14,7,7,0,0,0
16,04,082,4618,2326,2292,4607,2320,2287,11,6,5
16,04,088,512,258,254,502,250,252,10,8,2
16,04,090,740,384,356,740,384,356,0,0,0
16,04,091,175,94,81,175,94,81,0,0,0
16,04,095,2,2,0,2,2,0,0,0,0
16,04,105,231,114,117,231,114,117,0,0,0
16,04,106,1,1,0,1,1,0,0,0,0
16,04,109,3,1,2,3,1,2,0,0,0
16,04,110,1,1,0,1,1,0,0,0,0
16,04,111,3,3,0,3,3,0,0,0,0
16,04,115,101350,51913,49437,100209,51216,48993,1141,697,444
16,04,123,3148,1602,1546,3115,1584,1531,33,18,15
17,01,001,16059,8173,7886,15289,7736,7553,770,437,333
17,01,002,119936,61537,58399,109111,55854,53257,10825,5683,5142
17,01,003,1481,770,711,1423,734,689,58,36,22
17,01,004,55,50,5,40,37,3,15,13,2
17,01,005,40,35,5,23,20,3,17,15,2
17,01,006,7640,4759,2881,4003,2440,1563,3637,2319,1318
17,01,007,70,62,8,43,40,3,27,22,5
17,01,008,18,18,0,7,7,0,11,11,0
17,01,009,4,2,2,1,1,0,3,1,2
17,01,010,52,39,13,13,13,0,39,26,13
17,01,011,243,155,88,146,85,61,97,70,27
17,01,012,139,95,44,74,52,22,65,43,22
17,01,013,164,109,55,134,83,51,30,26,4
17,01,014,3370,1800,1570,1868,1020,848,1502,780,722
17,01,015,68,50,18,8,7,1,60,43,17
17,01,016,239,178,61,108,82,26,131,96,35
17,01,017,1,1,0,0,0,0,1,1,0
17,01,018,9,8,1,4,3,1,5,5,0
17,01,020,107,77,30,48,38,10,59,39,20
17,01,021,86,54,32,58,34,24,28,20,8
17,01,022,18,14,4,7,7,0,11,7,4
17,01,027,1,0,1,0,0,0,1,0,1
17,01,037,1,1,0,0,0,0,1,1,0
17,01,039,29,17,12,29,17,12,0,0,0
17,01,040,17,9,8,2,0,2,15,9,6
17,01,042,6,3,3,0,0,0,6,3,3
17,01,043,332650,167210,165440,292252,147317,144935,40398,19893,20505
17,01,047,3,1,2,0,0,0,3,1,2
17,01,048,1,1,0,0,0,0,1,1,0
17,01,051,1,0,1,0,0,0,1,0,1
17,01,052,11,7,4,8,5,3,3,2,1
17,01,053,1,1,0,1,1,0,0,0,0
17,01,055,536,299,237,311,173,138,225,126,99
17,01,061,19625,9895,9730,18980,9564,9416,645,331,314
17,01,071,3,1,2,3,1,2,0,0,0
17,01,072,23,12,11,4,1,3,19,11,8
17,01,082,56,32,24,1,1,0,55,31,24
17,01,084,1,0,1,1,0,1,0,0,0
17,01,090,14,7,7,5,3,2,9,4,5
17,01,091,1,0,1,1,0,1,0,0,0
17,01,093,1,1,0,0,0,0,1,1,0
17,01,101,15129,7688,7441,14983,7614,7369,146,74,72
17,01,102,1,1,0,1,1,0,0,0,0
17,01,107,5,3,2,0,0,0,5,3,2
17,01,110,1,1,0,1,1,0,0,0,0
17,01,111,15,6,9,6,3,3,9,3,6
17,01,113,1,0,1,0,0,0,1,0,1
17,01,114,1,1,0,0,0,0,1,1,0
17,01,115,1,1,0,0,0,0,1,1,0
17,01,123,456,240,216,415,224,191,41,16,25
17,02,001,4292,2315,1977,2372,1268,1104,1920,1047,873
17,02,002,3507,2114,1393,800,534,266,2707,1580,1127
17,02,003,128,67,61,86,49,37,42,18,24
17,02,004,1,1,0,1,1,0,0,0,0
17,02,005,6,5,1,2,2,0,4,3,1
17,02,006,1224,843,381,547,397,150,677,446,231
17,02,007,6,5,1,5,4,1,1,1,0
17,02,008,6,6,0,5,5,0,1,1,0
17,02,010,4,3,1,0,0,0,4,3,1
17,02,011,97,63,34,68,53,15,29,10,19
17,02,012,42,31,11,10,9,1,32,22,10
17,02,013,107,59,48,102,54,48,5,5,0
17,02,014,923,525,398,661,381,280,262,144,118
17,02,015,13,11,2,11,9,2,2,2,0
17,02,016,22,18,4,10,9,1,12,9,3
17,02,018,2,2,0,0,0,0,2,2,0
17,02,020,15,14,1,12,11,1,3,3,0
17,02,021,10,10,0,7,7,0,3,3,0
17,02,022,3,2,1,0,0,0,3,2,1
17,02,027,1,1,0,1,1,0,0,0,0
17,02,028,7,1,6,7,1,6,0,0,0
17,02,040,57,28,29,57,28,29,0,0,0
17,02,043,233325,117933,115392,204199,103392,100807,29126,14541,14585
17,02,047,6,4,2,0,0,0,6,4,2
17,02,052,1,1,0,1,1,0,0,0,0
17,02,055,164,87,77,77,40,37,87,47,40
17,02,061,171,88,83,51,28,23,120,60,60
17,02,072,1,1,0,1,1,0,0,0,0
17,02,082,9,5,4,1,0,1,8,5,3
17,02,101,6185,3098,3087,5524,2770,2754,661,328,333
17,02,115,2,1,1,1,1,0,1,0,1
17,02,123,245,132,113,56,34,22,189,98,91
17,03,001,172,150,22,131,117,14,41,33,8
17,03,002,3576,2226,1350,2038,1299,739,1538,927,611
17,03,003,16,10,6,11,7,4,5,3,2
17,03,004,2,2,0,2,2,0,0,0,0
17,03,005,6,6,0,4,4,0,2,2,0
17,03,006,699,581,118,506,450,56,193,131,62
17,03,007,18,18,0,11,11,0,7,7,0
17,03,008,3,3,0,3,3,0,0,0,0
17,03,010,1,1,0,1,1,0,0,0,0
17,03,011,23,14,9,20,11,9,3,3,0
17,03,012,21,19,2,9,9,0,12,10,2
17,03,013,10,10,0,9,9,0,1,1,0
17,03,014,377,255,122,347,231,116,30,24,6
17,03,015,5,5,0,3,3,0,2,2,0
17,03,016,44,43,1,35,34,1,9,9,0
17,03,020,22,22,0,22,22,0,0,0,0
17,03,021,10,10,0,10,10,0,0,0,0
17,03,022,7,7,0,7,7,0,0,0,0
17,03,026,1,1,0,1,1,0,0,0,0
17,03,038,1,1,0,1,1,0,0,0,0
17,03,039,1,1,0,1,1,0,0,0,0
17,03,040,1,1,0,0,0,0,1,1,0
17,03,043,95777,48480,47297,89041,45077,43964,6736,3403,3333
17,03,051,1,1,0,0,0,0,1,1,0
17,03,055,61,54,7,36,30,6,25,24,1
17,03,061,49,26,23,36,14,22,13,12,1
17,03,082,2,2,0,1,1,0,1,1,0
17,03,101,41,33,8,28,25,3,13,8,5
17,03,109,2,0,2,0,0,0,2,0,2
17,03,113,3,3,0,0,0,0,3,3,0
17,03,115,2,2,0,2,2,0,0,0,0
17,03,123,26,20,6,21,17,4,5,3,2
17,04,001,229,180,49,150,121,29,79,59,20
17,04,002,3866,2079,1787,3821,2046,1775,45,33,12
17,04,003,33,21,12,32,20,12,1,1,0
17,04,004,5,5,0,5,5,0,0,0,0
17,04,005,28,18,10,28,18,10,0,0,0
17,04,006,578,420,158,449,343,106,129,77,52
17,04,007,7,6,1,7,6,1,0,0,0
17,04,008,32,22,10,32,22,10,0,0,0
17,04,009,2,1,1,2,1,1,0,0,0
17,04,011,46,27,19,32,23,9,14,4,10
17,04,012,37,22,15,13,9,4,24,13,11
17,04,013,15,9,6,2,1,1,13,8,5
17,04,014,473,289,184,372,226,146,101,63,38
17,04,015,21,20,1,19,19,0,2,1,1
17,04,016,435,220,215,435,220,215,0,0,0
17,04,020,8,8,0,8,8,0,0,0,0
17,04,021,2,2,0,2,2,0,0,0,0
17,04,022,4,4,0,4,4,0,0,0,0
17,04,023,31,21,10,31,21,10,0,0,0
17,04,030,8,5,3,8,5,3,0,0,0
17,04,031,183,98,85,183,98,85,0,0,0
17,04,039,1,1,0,1,1,0,0,0,0
17,04,040,58,35,23,57,34,23,1,1,0
17,04,043,37018,18775,18243,36726,18596,18130,292,179,113
17,04,052,4,4,0,4,4,0,0,0,0
17,04,055,215396,109315,106081,181538,92342,89196,33858,16973,16885
17,04,061,180,84,96,180,84,96,0,0,0
17,04,071,1,1,0,1,1,0,0,0,0
17,04,082,20,12,8,1,1,0,19,11,8
17,04,084,35248,17665,17583,35247,17665,17582,1,0,1
17,04,085,75,27,48,75,27,48,0,0,0
17,04,090,1,1,0,1,1,0,0,0,0
17,04,091,30,14,16,30,14,16,0,0,0
17,04,101,102,53,49,94,49,45,8,4,4
17,04,105,77,36,41,77,36,41,0,0,0
17,04,111,12,12,0,2,2,0,10,10,0
17,04,112,231,124,107,231,124,107,0,0,0
17,04,113,1,0,1,1,0,1,0,0,0
17,04,115,1,1,0,1,1,0,0,0,0
17,04,123,1550,782,768,1549,781,768,1,1,0
17,05,001,6212,3500,2712,5743,3208,2535,469,292,177
17,05,002,2196,1243,953,1827,1035,792,369,208,161
17,05,003,504,270,234,480,256,224,24,14,10
17,05,004,151,128,23,151,128,23,0,0,0
17,05,005,116,90,26,115,89,26,1,1,0
17,05,006,5352,3507,1845,4743,3143,1600,609,364,245
17,05,007,15,7,8,15,7,8,0,0,0
17,05,009,7,3,4,7,3,4,0,0,0
17,05,010,21,11,10,21,11,10,0,0,0
17,05,011,206,115,91,196,112,84,10,3,7
17,05,012,349,222,127,325,207,118,24,15,9
17,05,013,37604,18818,18786,35167,17626,17541,2437,1192,1245
17,05,014,9668,5301,4367,8715,4775,3940,953,526,427
17,05,015,78,48,30,75,45,30,3,3,0
17,05,016,347,187,160,336,181,155,11,6,5
17,05,018,135,66,69,134,66,68,1,0,1
17,05,019,4,3,1,4,3,1,0,0,0
17,05,020,68,37,31,64,35,29,4,2,2
17,05,021,58,36,22,57,35,22,1,1,0
17,05,022,48,28,20,47,27,20,1,1,0
17,05,023,1,1,0,1,1,0,0,0,0
17,05,024,1,1,0,1,1,0,0,0,0
17,05,025,56,33,23,56,33,23,0,0,0
17,05,026,1,1,0,1,1,0,0,0,0
17,05,027,4,3,1,1,1,0,3,2,1
17,05,031,8,2,6,8,2,6,0,0,0
17,05,033,13,8,5,13,8,5,0,0,0
17,05,036,1,1,0,1,1,0,0,0,0
17,05,039,5,5,0,4,4,0,1,1,0
17,05,040,5,2,3,4,1,3,1,1,0
17,05,042,12,5,7,12,5,7,0,0,0
17,05,043,10182,5325,4857,9938,5190,4748,244,135,109
17,05,047,17,10,7,17,10,7,0,0,0
17,05,052,10792,5441,5351,10769,5429,5340,23,12,11
17,05,055,105247,53078,52169,97397,49177,48220,7850,3901,3949
17,05,058,3,2,1,3,2,1,0,0,0
17,05,061,17,9,8,17,9,8,0,0,0
17,05,064,7,4,3,7,4,3,0,0,0
17,05,068,1,1,0,1,1,0,0,0,0
17,05,071,53,39,14,53,39,14,0,0,0
17,05,072,11,6,5,11,6,5,0,0,0
17,05,077,568,302,266,567,301,266,1,1,0
17,05,081,2,2,0,2,2,0,0,0,0
17,05,082,214,120,94,174,105,69,40,15,25
17,05,084,268,128,140,236,116,120,32,12,20
17,05,085,1,0,1,1,0,1,0,0,0
17,05,089,92,46,46,92,46,46,0,0,0
17,05,090,23,17,6,23,17,6,0,0,0
17,05,091,4,2,2,4,2,2,0,0,0
17,05,093,5,4,1,5,4,1,0,0,0
17,05,094,20,15,5,15,10,5,5,5,0
17,05,095,27,12,15,24,9,15,3,3,0
17,05,101,762,386,376,757,381,376,5,5,0
17,05,102,16,5,11,16,5,11,0,0,0
17,05,106,6,4,2,6,4,2,0,0,0
17,05,107,1,1,0,1,1,0,0,0,0
17,05,109,7,4,3,7,4,3,0,0,0
17,05,111,8,7,1,8,7,1,0,0,0
17,05,112,1,1,0,1,1,0,0,0,0
17,05,113,21,15,6,21,15,6,0,0,0
17,05,115,26,20,6,21,15,6,5,5,0
17,05,117,11,9,2,11,9,2,0,0,0
17,05,118,4,4,0,4,4,0,0,0,0
17,05,121,4,1,3,4,1,3,0,0,0
17,05,122,8,3,5,8,3,5,0,0,0
17,05,123,1115,614,501,1065,584,481,50,30,20
17,06,001,9181,5412,3769,2275,1500,775,6906,3912,2994
17,06,002,50113,26323,23790,10733,5659,5074,39380,20664,18716
17,06,003,1162,621,541,198,145,53,964,476,488
17,06,004,144,96,48,76,57,19,68,39,29
17,06,005,101,59,42,46,29,17,55,30,25
17,06,006,32920,20505,12415,7354,4736,2618,25566,15769,9797
17,06,007,178,132,46,76,64,12,102,68,34
17,06,008,24,19,5,16,11,5,8,8,0
17,06,009,44,26,18,11,2,9,33,24,9
17,06,010,436,295,141,55,39,16,381,256,125
17,06,011,1344,850,494,456,313,143,888,537,351
17,06,012,2711,1651,1060,687,482,205,2024,1169,855
17,06,013,380,238,142,132,84,48,248,154,94
17,06,014,35145,18901,16244,7348,4407,2941,27797,14494,13303
17,06,015,780,495,285,382,235,147,398,260,138
17,06,016,3607,2042,1565,521,397,124,3086,1645,1441
17,06,018,76,34,42,42,21,21,34,13,21
17,06,019,180,97,83,3,3,0,177,94,83
17,06,020,600,414,186,270,193,77,330,221,109
17,06,021,386,217,169,148,89,59,238,128,110
17,06,022,2423,1429,994,118,79,39,2305,1350,955
17,06,023,25,19,6,9,9,0,16,10,6
17,06,024,9,4,5,0,0,0,9,4,5
17,06,025,92,49,43,15,11,4,77,38,39
17,06,026,101,71,30,6,5,1,95,66,29
17,06,027,383,222,161,42,29,13,341,193,148
17,06,028,2,1,1,2,1,1,0,0,0
17,06,030,9,3,6,0,0,0,9,3,6
17,06,031,72,43,29,13,13,0,59,30,29
17,06,032,1,1,0,0,0,0,1,1,0
17,06,033,196,115,81,22,12,10,174,103,71
17,06,034,6,6,0,1,1,0,5,5,0
17,06,035,7,4,3,0,0,0,7,4,3
17,06,036,6,5,1,0,0,0,6,5,1
17,06,037,6,3,3,1,1,0,5,2,3
17,06,038,4,4,0,0,0,0,4,4,0
17,06,039,113,61,52,93,49,44,20,12,8
17,06,040,284,159,125,158,80,78,126,79,47
17,06,042,57,35,22,7,6,1,50,29,21
17,06,043,19058,9952,9106,13134,6837,6297,5924,3115,2809
17,06,046,23,12,11,0,0,0,23,12,11
17,06,047,627,310,317,32,20,12,595,290,305
17,06,051,117,72,45,9,8,1,108,64,44
17,06,052,170,107,63,20,11,9,150,96,54
17,06,054,3,2,1,1,1,0,2,1,1
17,06,055,487393,236608,250785,336338,166971,169367,151055,69637,81418
17,06,056,8,5,3,0,0,0,8,5,3
17,06,058,1,1,0,1,1,0,0,0,0
17,06,061,785,406,379,662,346,316,123,60,63
17,06,064,27,20,7,13,10,3,14,10,4
17,06,066,12,4,8,3,1,2,9,3,6
17,06,071,601,378,223,160,116,44,441,262,179
17,06,072,90,59,31,29,21,8,61,38,23
17,06,074,7,4,3,0,0,0,7,4,3
17,06,075,5,1,4,0,0,0,5,1,4
17,06,076,11,5,6,6,2,4,5,3,2
17,06,077,2,2,0,0,0,0,2,2,0
17,06,078,22,11,11,5,2,3,17,9,8
17,06,079,15,10,5,0,0,0,15,10,5
17,06,081,120,82,38,42,30,12,78,52,26
17,06,082,3808,1948,1860,458,328,130,3350,1620,1730
17,06,084,19,12,7,4,1,3,15,11,4
17,06,085,5,5,0,2,2,0,3,3,0
17,06,086,35,20,15,0,0,0,35,20,15
17,06,087,1,1,0,0,0,0,1,1,0
17,06,088,13,6,7,0,0,0,13,6,7
17,06,089,19,15,4,5,5,0,14,10,4
17,06,090,34,16,18,4,3,1,30,13,17
17,06,091,62,30,32,43,19,24,19,11,8
17,06,092,1,1,0,0,0,0,1,1,0
17,06,093,26,20,6,9,8,1,17,12,5
17,06,094,22,13,9,2,2,0,20,11,9
17,06,095,359,195,164,60,28,32,299,167,132
17,06,096,1,1,0,1,1,0,0,0,0
17,06,097,13,4,9,0,0,0,13,4,9
17,06,099,6,5,1,0,0,0,6,5,1
17,06,100,2,2,0,0,0,0,2,2,0
17,06,101,163,91,72,47,22,25,116,69,47
17,06,103,24,14,10,1,1,0,23,13,10
17,06,104,8,6,2,1,1,0,7,5,2
17,06,106,103,65,38,7,6,1,96,59,37
17,06,107,14,6,8,0,0,0,14,6,8
17,06,109,37,22,15,11,4,7,26,18,8
17,06,110,31,17,14,2,2,0,29,15,14
17,06,111,409,282,127,44,40,4,365,242,123
17,06,112,7,4,3,0,0,0,7,4,3
17,06,113,108,69,39,12,10,2,96,59,37
17,06,114,471,233,238,0,0,0,471,233,238
17,06,115,435,327,108,77,58,19,358,269,89
17,06,116,3,2,1,0,0,0,3,2,1
17,06,117,155,84,71,56,32,24,99,52,47
17,06,118,4,4,0,3,3,0,1,1,0
17,06,120,21,6,15,2,2,0,19,4,15
17,06,121,7,6,1,0,0,0,7,6,1
17,06,122,72,44,28,7,5,2,65,39,26
17,06,123,2020,1265,755,546,396,150,1474,869,605
17,07,001,431,327,104,290,235,55,141,92,49
17,07,002,2498,1856,642,2218,1652,566,280,204,76
17,07,003,146,110,36,134,100,34,12,10,2
17,07,004,12,12,0,12,12,0,0,0,0
17,07,005,13,10,3,4,4,0,9,6,3
17,07,006,1642,1335,307,1294,1090,204,348,245,103
17,07,007,7,7,0,7,7,0,0,0,0
17,07,008,1,1,0,1,1,0,0,0,0
17,07,009,9,8,1,9,8,1,0,0,0
17,07,010,10,7,3,10,7,3,0,0,0
17,07,011,41,31,10,34,29,5,7,2,5
17,07,012,223,171,52,171,143,28,52,28,24
17,07,013,358,194,164,356,193,163,2,1,1
17,07,014,2199,1314,885,1784,1082,702,415,232,183
17,07,015,278,150,128,278,150,128,0,0,0
17,07,016,59,41,18,43,34,9,16,7,9
17,07,018,135,107,28,135,107,28,0,0,0
17,07,019,10,2,8,10,2,8,0,0,0
17,07,020,14,14,0,13,13,0,1,1,0
17,07,021,8,7,1,4,4,0,4,3,1
17,07,022,28,25,3,22,21,1,6,4,2
17,07,023,28,15,13,28,15,13,0,0,0
17,07,025,1,1,0,1,1,0,0,0,0
17,07,031,10,5,5,10,5,5,0,0,0
17,07,033,59,49,10,47,42,5,12,7,5
17,07,039,21,13,8,20,12,8,1,1,0
17,07,040,79,35,44,76,34,42,3,1,2
17,07,043,414,272,142,336,221,115,78,51,27
17,07,046,3,1,2,3,1,2,0,0,0
17,07,047,297,160,137,259,140,119,38,20,18
17,07,051,21,7,14,21,7,14,0,0,0
17,07,052,811,410,401,807,408,399,4,2,2
17,07,053,8,2,6,8,2,6,0,0,0
17,07,054,3,2,1,3,2,1,0,0,0
17,07,055,282290,139635,142655,258846,128390,130456,23444,11245,12199
17,07,056,1,1,0,1,1,0,0,0,0
17,07,061,7,7,0,6,6,0,1,1,0
17,07,071,151,76,75,149,74,75,2,2,0
17,07,072,12,11,1,12,11,1,0,0,0
17,07,082,142,63,79,136,61,75,6,2,4
17,07,086,6,2,4,6,2,4,0,0,0
17,07,088,1,1,0,1,1,0,0,0,0
17,07,090,11,6,5,11,6,5,0,0,0
17,07,091,77,67,10,77,67,10,0,0,0
17,07,101,13,8,5,13,8,5,0,0,0
17,07,103,4,3,1,4,3,1,0,0,0
17,07,111,13,5,8,13,5,8,0,0,0
17,07,113,1855,937,918,1807,914,893,48,23,25
17,07,115,3,3,0,2,2,0,1,1,0
17,07,117,548,281,267,548,281,267,0,0,0
17,07,123,4097,2084,2013,3971,2013,1958,126,71,55
18,01,001,183690,94484,89206,175735,90262,85473,7955,4222,3733
18,01,002,190776,98320,92456,155963,80224,75739,34813,18096,16717
18,01,003,293214,148359,144855,281113,142213,138900,12101,6146,5955
18,01,004,30,30,0,22,22,0,8,8,0
18,01,005,246,141,105,240,135,105,6,6,0
18,01,006,25609,14306,11303,18179,10051,8128,7430,4255,3175
18,01,007,116,114,2,107,105,2,9,9,0
18,01,008,7,6,1,7,6,1,0,0,0
18,01,009,2,1,1,2,1,1,0,0,0
18,01,010,66,43,23,30,17,13,36,26,10
18,01,011,166,142,24,133,109,24,33,33,0
18,01,012,132,92,40,74,49,25,58,43,15
18,01,013,1074,933,141,1047,906,141,27,27,0
18,01,014,19292,10064,9228,18590,9686,8904,702,378,324
18,01,015,968,524,444,907,475,432,61,49,12
18,01,016,113,102,11,79,70,9,34,32,2
18,01,018,151338,78611,72727,151038,78452,72586,300,159,141
18,01,019,46,23,23,46,23,23,0,0,0
18,01,020,167,158,9,113,108,5,54,50,4
18,01,021,224,200,24,179,157,22,45,43,2
18,01,022,45,31,14,35,25,10,10,6,4
18,01,024,4,4,0,0,0,0,4,4,0
18,01,027,1,1,0,0,0,0,1,1,0
18,01,028,17,7,10,17,7,10,0,0,0
18,01,031,4,1,3,4,1,3,0,0,0
18,01,032,15,6,9,15,6,9,0,0,0
18,01,033,4,3,1,4,3,1,0,0,0
18,01,039,4,3,1,4,3,1,0,0,0
18,01,040,10,4,6,10,4,6,0,0,0
18,01,043,2522,1266,1256,2509,1260,1249,13,6,7
18,01,052,23,19,4,10,7,3,13,12,1
18,01,055,1,0,1,1,0,1,0,0,0
18,01,061,245,119,126,224,108,116,21,11,10
18,01,071,2,2,0,0,0,0,2,2,0
18,01,072,17571,8995,8576,17522,8976,8546,49,19,30
18,01,077,2,1,1,2,1,1,0,0,0
18,01,080,17,10,7,17,10,7,0,0,0
18,01,082,1,1,0,1,1,0,0,0,0
18,01,086,31,15,16,17,8,9,14,7,7
18,01,090,2136,1091,1045,2134,1091,1043,2,0,2
18,01,091,1776,884,892,1770,881,889,6,3,3
18,01,095,1,1,0,1,1,0,0,0,0
18,01,101,13043,6549,6494,12916,6481,6435,127,68,59
18,01,102,45,21,24,45,21,24,0,0,0
18,01,107,3,2,1,3,2,1,0,0,0
18,01,110,3,2,1,3,2,1,0,0,0
18,01,111,1,1,0,1,1,0,0,0,0
18,01,113,7,4,3,7,4,3,0,0,0
18,01,115,1,1,0,1,1,0,0,0,0
18,01,123,953,494,459,946,489,457,7,5,2
18,02,001,1147404,589795,557609,1053473,541887,511586,93931,47908,46023
18,02,002,395422,201685,193737,323957,165219,158738,71465,36466,34999
18,02,003,22279,11106,11173,21674,10789,10885,605,317,288
18,02,004,34,25,9,8,5,3,26,20,6
18,02,005,118,114,4,18,16,2,100,98,2
18,02,006,36995,20188,16807,12056,6444,5612,24939,13744,11195
18,02,007,81,68,13,18,16,2,63,52,11
18,02,008,20,20,0,4,4,0,16,16,0
18,02,010,32,19,13,3,3,0,29,16,13
18,02,011,147,119,28,26,20,6,121,99,22
18,02,012,263,161,102,159,94,65,104,67,37
18,02,013,71,55,16,28,19,9,43,36,7
18,02,014,2191,1164,1027,1803,965,838,388,199,189
18,02,015,416,234,182,316,162,154,100,72,28
18,02,016,1331,723,608,1150,584,566,181,139,42
18,02,017,5,2,3,5,2,3,0,0,0
18,02,018,9027,4667,4360,8968,4636,4332,59,31,28
18,02,019,318,166,152,318,166,152,0,0,0
18,02,020,67,62,5,10,10,0,57,52,5
18,02,021,32,30,2,3,3,0,29,27,2
18,02,022,44,31,13,10,5,5,34,26,8
18,02,023,301,143,158,301,143,158,0,0,0
18,02,024,8,5,3,0,0,0,8,5,3
18,02,025,2,2,0,0,0,0,2,2,0
18,02,028,1,1,0,1,1,0,0,0,0
18,02,033,4,3,1,4,3,1,0,0,0
18,02,038,6,3,3,0,0,0,6,3,3
18,02,040,2,0,2,1,0,1,1,0,1
18,02,043,7606,3814,3792,7572,3797,3775,34,17,17
18,02,047,1,1,0,0,0,0,1,1,0
18,02,051,1,1,0,0,0,0,1,1,0
18,02,052,4,3,1,2,1,1,2,2,0
18,02,055,8,2,6,6,1,5,2,1,1
18,02,061,917,465,452,901,459,442,16,6,10
18,02,071,4,1,3,3,0,3,1,1,0
18,02,072,371,190,181,369,188,181,2,2,0
18,02,082,27,16,11,13,6,7,14,10,4
18,02,085,4,2,2,0,0,0,4,2,2
18,02,090,1016,528,488,1015,527,488,1,1,0
18,02,095,1,1,0,0,0,0,1,1,0
18,02,101,10272,5163,5109,10235,5146,5089,37,17,20
18,02,106,1,1,0,0,0,0,1,1,0
18,02,115,4,4,0,0,0,0,4,4,0
18,02,123,486,261,225,471,253,218,15,8,7
18,03,001,380192,194272,185920,333413,170227,163186,46779,24045,22734
18,03,002,269539,138386,131153,254198,130594,123604,15341,7792,7549
18,03,003,33937,16938,16999,33702,16816,16886,235,122,113
18,03,004,11,11,0,7,7,0,4,4,0
18,03,005,7,6,1,6,5,1,1,1,0
18,03,006,8543,5002,3541,4884,2893,1991,3659,2109,1550
18,03,007,23,21,2,16,15,1,7,6,1
18,03,008,16,16,0,14,14,0,2,2,0
18,03,010,65,45,20,58,40,18,7,5,2
18,03,011,50,27,23,40,18,22,10,9,1
18,03,012,226,164,62,201,147,54,25,17,8
18,03,013,16,15,1,12,12,0,4,3,1
18,03,014,2665,1577,1088,2371,1429,942,294,148,146
18,03,015,39,23,16,22,14,8,17,9,8
18,03,016,134,121,13,90,85,5,44,36,8
18,03,018,7,3,4,7,3,4,0,0,0
18,03,019,59,34,25,12,5,7,47,29,18
18,03,020,22,18,4,15,13,2,7,5,2
18,03,021,21,15,6,12,8,4,9,7,2
18,03,022,14,10,4,13,9,4,1,1,0
18,03,028,1,1,0,1,1,0,0,0,0
18,03,033,5,3,2,5,3,2,0,0,0
18,03,038,2,2,0,2,2,0,0,0,0
18,03,039,51,27,24,49,25,24,2,2,0
18,03,040,9,6,3,7,4,3,2,2,0
18,03,043,64289,32294,31995,64108,32220,31888,181,74,107
18,03,048,2,2,0,0,0,0,2,2,0
18,03,052,16,12,4,12,10,2,4,2,2
18,03,054,7,5,2,7,5,2,0,0,0
18,03,055,15,9,6,14,9,5,1,0,1
18,03,061,5146,2551,2595,5142,2548,2594,4,3,1
18,03,071,1,1,0,0,0,0,1,1,0
18,03,072,299,171,128,292,165,127,7,6,1
18,03,082,2,1,1,2,1,1,0,0,0
18,03,086,17,9,8,10,5,5,7,4,3
18,03,090,131,62,69,131,62,69,0,0,0
18,03,091,1,1,0,0,0,0,1,1,0
18,03,101,56255,28290,27965,56117,28220,27897,138,70,68
18,03,107,5,3,2,0,0,0,5,3,2
18,03,115,1,1,0,1,1,0,0,0,0
18,03,123,194,96,98,140,71,69,54,25,29
18,04,001,385516,196128,189388,352285,179095,173190,33231,17033,16198
18,04,002,350928,181986,168942,300450,155952,144498,50478,26034,24444
18,04,003,101416,50717,50699,97916,48869,49047,3500,1848,1652
18,04,004,9,9,0,5,5,0,4,4,0
18,04,005,21,15,6,6,6,0,15,9,6
18,04,006,30180,17208,12972,11426,6629,4797,18754,10579,8175
18,04,007,62,57,5,43,41,2,19,16,3
18,04,008,8,5,3,5,3,2,3,2,1
18,04,010,68,41,27,11,5,6,57,36,21
18,04,011,168,99,69,86,58,28,82,41,41
18,04,012,4966,2602,2364,4840,2540,2300,126,62,64
18,04,013,60,45,15,33,28,5,27,17,10
18,04,014,6505,3368,3137,5147,2669,2478,1358,699,659
18,04,015,577,346,231,391,231,160,186,115,71
18,04,016,615,367,248,125,86,39,490,281,209
18,04,018,9838,5114,4724,9802,5099,4703,36,15,21
18,04,019,124,57,67,120,55,65,4,2,2
18,04,020,109,95,14,70,69,1,39,26,13
18,04,021,987,554,433,89,86,3,898,468,430
18,04,022,82,54,28,15,15,0,67,39,28
18,04,023,6,4,2,6,4,2,0,0,0
18,04,024,4,4,0,0,0,0,4,4,0
18,04,027,2,1,1,0,0,0,2,1,1
18,04,031,29,21,8,29,21,8,0,0,0
18,04,033,3,2,1,2,1,1,1,1,0
18,04,038,6,3,3,0,0,0,6,3,3
18,04,039,6,4,2,1,0,1,5,4,1
18,04,040,5,2,3,0,0,0,5,2,3
18,04,043,3923,1988,1935,3867,1960,1907,56,28,28
18,04,046,1,1,0,1,1,0,0,0,0
18,04,052,15,11,4,6,5,1,9,6,3
18,04,055,1,0,1,1,0,1,0,0,0
18,04,061,142,66,76,141,65,76,1,1,0
18,04,071,6,4,2,0,0,0,6,4,2
18,04,072,2491,1294,1197,2422,1262,1160,69,32,37
18,04,077,4,2,2,0,0,0,4,2,2
18,04,078,1,1,0,1,1,0,0,0,0
18,04,082,7,3,4,6,2,4,1,1,0
18,04,086,52,24,28,10,6,4,42,18,24
18,04,090,297,151,146,286,144,142,11,7,4
18,04,091,1,1,0,1,1,0,0,0,0
18,04,093,1,0,1,1,0,1,0,0,0
18,04,101,4832,2392,2440,4733,2339,2394,99,53,46
18,04,115,7,5,2,5,4,1,2,1,1
18,04,123,754,389,365,669,349,320,85,40,45
18,05,001,774229,396943,377286,688451,353189,335262,85778,43754,42024
18,05,002,735845,381627,354218,704460,365219,339241,31385,16408,14977
18,05,003,115655,57793,57862,114695,57297,57398,960,496,464
18,05,004,175,175,0,0,0,0,175,175,0
18,05,005,10,10,0,0,0,0,10,10,0
18,05,006,14419,8216,6203,7101,3812,3289,7318,4404,2914
18,05,007,58,57,1,3,3,0,55,54,1
18,05,008,26,23,3,0,0,0,26,23,3
18,05,009,1,1,0,0,0,0,1,1,0
18,05,010,6,3,3,0,0,0,6,3,3
18,05,011,129,105,24,9,7,2,120,98,22
18,05,012,296,177,119,206,113,93,90,64,26
18,05,013,45,37,8,2,2,0,43,35,8
18,05,014,2474,1261,1213,2276,1146,1130,198,115,83
18,05,015,167,102,65,77,41,36,90,61,29
18,05,016,286,210,76,115,71,44,171,139,32
18,05,018,46,24,22,33,14,19,13,10,3
18,05,019,3,3,0,0,0,0,3,3,0
18,05,020,178,164,14,23,20,3,155,144,11
18,05,021,108,93,15,12,12,0,96,81,15
18,05,022,23,20,3,6,3,3,17,17,0
18,05,023,1,0,1,1,0,1,0,0,0
18,05,026,1,1,0,0,0,0,1,1,0
18,05,028,5,5,0,0,0,0,5,5,0
18,05,033,8,5,3,5,3,2,3,2,1
18,05,040,79,40,39,69,36,33,10,4,6
18,05,043,14,4,10,2,2,0,12,2,10
18,05,044,8,3,5,8,3,5,0,0,0
18,05,048,1,1,0,0,0,0,1,1,0
18,05,051,1,1,0,0,0,0,1,1,0
18,05,052,15,12,3,7,6,1,8,6,2
18,05,055,6,1,5,3,1,2,3,0,3
18,05,061,7,2,5,7,2,5,0,0,0
18,05,071,1,1,0,0,0,0,1,1,0
18,05,072,1114,559,555,1066,547,519,48,12,36
18,05,077,1,1,0,1,1,0,0,0,0
18,05,086,6,6,0,3,3,0,3,3,0
18,05,090,519,259,260,509,259,250,10,0,10
18,05,091,1,0,1,1,0,1,0,0,0
18,05,101,23,12,11,16,9,7,7,3,4
18,05,113,1,0,1,0,0,0,1,0,1
18,05,123,1210,621,589,1166,593,573,44,28,16
18,06,001,1619713,844587,775126,1102710,568238,534472,517003,276349,240654
18,06,002,500969,260956,240013,314400,162552,151848,186569,98404,88165
18,06,003,95896,48477,47419,81028,40795,40233,14868,7682,7186
18,06,004,262,211,51,98,78,20,164,133,31
18,06,005,617,354,263,37,31,6,580,323,257
18,06,006,149871,89767,60104,18059,11027,7032,131812,78740,53072
18,06,007,356,253,103,96,69,27,260,184,76
18,06,008,44,38,6,9,7,2,35,31,4
18,06,009,33,23,10,4,4,0,29,19,10
18,06,010,2256,1556,700,122,71,51,2134,1485,649
18,06,011,1857,1181,676,381,266,115,1476,915,561
18,06,012,7668,4247,3421,378,230,148,7290,4017,3273
18,06,013,1139,792,347,202,156,46,937,636,301
18,06,014,37388,19892,17496,18545,9748,8797,18843,10144,8699
18,06,015,3731,2321,1410,1968,1198,770,1763,1123,640
18,06,016,5607,3493,2114,582,467,115,5025,3026,1999
18,06,017,10,6,4,0,0,0,10,6,4
18,06,018,615,311,304,393,196,197,222,115,107
18,06,019,215,109,106,5,3,2,210,106,104
18,06,020,1306,896,410,282,227,55,1024,669,355
18,06,021,6688,3521,3167,515,318,197,6173,3203,2970
18,06,022,500,316,184,47,31,16,453,285,168
18,06,023,55,32,23,0,0,0,55,32,23
18,06,024,10,10,0,1,1,0,9,9,0
18,06,026,8,4,4,0,0,0,8,4,4
18,06,027,56,37,19,1,1,0,55,36,19
18,06,028,37,21,16,3,2,1,34,19,15
18,06,029,1,1,0,0,0,0,1,1,0
18,06,030,1,1,0,0,0,0,1,1,0
18,06,032,2,2,0,0,0,0,2,2,0
18,06,033,1915,1084,831,14,7,7,1901,1077,824
18,06,034,1,1,0,0,0,0,1,1,0
18,06,037,9,5,4,0,0,0,9,5,4
18,06,038,138,79,59,15,9,6,123,70,53
18,06,039,141,82,59,9,5,4,132,77,55
18,06,040,309,158,151,23,13,10,286,145,141
18,06,042,4,2,2,0,0,0,4,2,2
18,06,043,28706,14602,14104,27261,13884,13377,1445,718,727
18,06,044,8,3,5,8,3,5,0,0,0
18,06,046,1,1,0,1,1,0,0,0,0
18,06,047,69,36,33,0,0,0,69,36,33
18,06,048,1,1,0,0,0,0,1,1,0
18,06,051,10,8,2,0,0,0,10,8,2
18,06,052,20789,10350,10439,17659,8750,8909,3130,1600,1530
18,06,054,3,3,0,1,1,0,2,2,0
18,06,055,3429,1754,1675,3110,1640,1470,319,114,205
18,06,056,2,1,1,0,0,0,2,1,1
18,06,061,16,10,6,1,1,0,15,9,6
18,06,062,2,0,2,0,0,0,2,0,2
18,06,064,1,1,0,0,0,0,1,1,0
18,06,071,113,58,55,4,3,1,109,55,54
18,06,072,781,412,369,691,372,319,90,40,50
18,06,077,1840,901,939,1805,877,928,35,24,11
18,06,079,3,0,3,0,0,0,3,0,3
18,06,081,12,8,4,0,0,0,12,8,4
18,06,082,245,132,113,18,17,1,227,115,112
18,06,085,10,5,5,0,0,0,10,5,5
18,06,086,919,477,442,22,12,10,897,465,432
18,06,088,6,3,3,0,0,0,6,3,3
18,06,089,2,2,0,0,0,0,2,2,0
18,06,090,191,111,80,142,80,62,49,31,18
18,06,091,87,34,53,83,32,51,4,2,2
18,06,093,30,20,10,0,0,0,30,20,10
18,06,094,4,2,2,0,0,0,4,2,2
18,06,095,29,15,14,0,0,0,29,15,14
18,06,096,1,1,0,0,0,0,1,1,0
18,06,101,22492,11526,10966,21471,10989,10482,1021,537,484
18,06,103,11,6,5,0,0,0,11,6,5
18,06,104,1,1,0,0,0,0,1,1,0
18,06,106,20,15,5,0,0,0,20,15,5
18,06,109,6,2,4,0,0,0,6,2,4
18,06,110,18,9,9,18,9,9,0,0,0
18,06,111,29,16,13,0,0,0,29,16,13
18,06,112,4,4,0,0,0,0,4,4,0
18,06,113,24,12,12,0,0,0,24,12,12
18,06,114,22,11,11,16,8,8,6,3,3
18,06,115,110,60,50,1,1,0,109,59,50
18,06,116,9,6,3,4,2,2,5,4,1
18,06,117,5,3,2,0,0,0,5,3,2
18,06,118,1,0,1,0,0,0,1,0,1
18,06,120,4,3,1,0,0,0,4,3,1
18,06,121,1,1,0,0,0,0,1,1,0
18,06,122,5,3,2,0,0,0,5,3,2
18,06,123,2824,1526,1298,1864,1006,858,960,520,440
18,07,001,777304,400264,377040,753537,387994,365543,23767,12270,11497
18,07,002,127056,66075,60981,126322,65701,60621,734,374,360
18,07,003,164703,83144,81559,164607,83097,81510,96,47,49
18,07,004,270,269,1,270,269,1,0,0,0
18,07,005,171,85,86,165,82,83,6,3,3
18,07,006,20225,11759,8466,17409,10105,7304,2816,1654,1162
18,07,007,78,76,2,78,76,2,0,0,0
18,07,008,73,73,0,73,73,0,0,0,0
18,07,009,1,1,0,1,1,0,0,0,0
18,07,010,22,12,10,22,12,10,0,0,0
18,07,011,163,145,18,162,144,18,1,1,0
18,07,012,431,232,199,426,228,198,5,4,1
18,07,013,147,107,40,147,107,40,0,0,0
18,07,014,23714,12186,11528,23671,12162,11509,43,24,19
18,07,015,2442,1257,1185,2439,1255,1184,3,2,1
18,07,016,226,169,57,221,166,55,5,3,2
18,07,017,5,4,1,5,4,1,0,0,0
18,07,018,16973,8761,8212,16973,8761,8212,0,0,0
18,07,020,159,157,2,159,157,2,0,0,0
18,07,021,148,138,10,146,136,10,2,2,0
18,07,022,42,37,5,40,35,5,2,2,0
18,07,023,1,0,1,1,0,1,0,0,0
18,07,028,15,13,2,15,13,2,0,0,0
18,07,031,7,4,3,7,4,3,0,0,0
18,07,032,50,24,26,50,24,26,0,0,0
18,07,033,1,1,0,0,0,0,1,1,0
18,07,039,3,1,2,3,1,2,0,0,0
18,07,040,2,2,0,2,2,0,0,0,0
18,07,043,160,88,72,157,87,70,3,1,2
18,07,044,194,113,81,194,113,81,0,0,0
18,07,048,17,7,10,17,7,10,0,0,0
18,07,052,9,4,5,9,4,5,0,0,0
18,07,054,34,16,18,34,16,18,0,0,0
18,07,055,3,0,3,3,0,3,0,0,0
18,07,058,17,9,8,17,9,8,0,0,0
18,07,061,9,3,6,9,3,6,0,0,0
18,07,065,43,24,19,43,24,19,0,0,0
18,07,070,23,11,12,23,11,12,0,0,0
18,07,071,1,1,0,1,1,0,0,0,0
18,07,072,3506,1762,1744,3506,1762,1744,0,0,0
18,07,073,2,2,0,2,2,0,0,0,0
18,07,077,1,1,0,1,1,0,0,0,0
18,07,082,3,2,1,3,2,1,0,0,0
18,07,086,12,7,5,12,7,5,0,0,0
18,07,090,1537,773,764,1537,773,764,0,0,0
18,07,091,86,38,48,86,38,48,0,0,0
18,07,098,4,4,0,4,4,0,0,0,0
18,07,101,5510,2819,2691,5510,2819,2691,0,0,0
18,07,107,8,3,5,8,3,5,0,0,0
18,07,110,13,6,7,13,6,7,0,0,0
18,07,114,23,12,11,23,12,11,0,0,0
18,07,123,3177,1674,1503,3175,1672,1503,2,2,0
18,08,001,589006,303395,285611,558213,287537,270676,30793,15858,14935
18,08,002,462676,238587,224089,432105,222541,209564,30571,16046,14525
18,08,003,198991,100181,98810,196035,98652,97383,2956,1529,1427
18,08,004,661,659,2,427,426,1,234,233,1
18,08,005,121,77,44,108,64,44,13,13,0
18,08,006,91734,48256,43478,84075,43640,40435,7659,4616,3043
18,08,007,15,14,1,1,1,0,14,13,1
18,08,008,2,2,0,0,0,0,2,2,0
18,08,009,5,4,1,5,4,1,0,0,0
18,08,010,31,17,14,23,12,11,8,5,3
18,08,011,76,46,30,40,12,28,36,34,2
18,08,012,330,203,127,257,152,105,73,51,22
18,08,013,92,77,15,49,34,15,43,43,0
18,08,014,47306,24345,22961,46009,23641,22368,1297,704,593
18,08,015,19045,9651,9394,19008,9626,9382,37,25,12
18,08,016,1138,768,370,720,398,322,418,370,48
18,08,018,19119,9917,9202,18923,9814,9109,196,103,93
18,08,019,1,0,1,1,0,1,0,0,0
18,08,020,67,61,6,29,23,6,38,38,0
18,08,021,205,123,82,185,103,82,20,20,0
18,08,022,127,87,40,117,78,39,10,9,1
18,08,023,7,6,1,6,5,1,1,1,0
18,08,024,5,4,1,3,2,1,2,2,0
18,08,025,2,2,0,2,2,0,0,0,0
18,08,027,6,5,1,5,5,0,1,0,1
18,08,028,10,4,6,9,3,6,1,1,0
18,08,031,7,3,4,7,3,4,0,0,0
18,08,032,751,396,355,751,396,355,0,0,0
18,08,033,30,16,14,29,15,14,1,1,0
18,08,038,4,1,3,4,1,3,0,0,0
18,08,039,13,7,6,12,6,6,1,1,0
18,08,040,12,6,6,11,6,5,1,0,1
18,08,042,2,2,0,0,0,0,2,2,0
18,08,043,5283,2663,2620,5267,2653,2614,16,10,6
18,08,044,3736,1915,1821,3723,1905,1818,13,10,3
18,08,047,9,9,0,4,4,0,5,5,0
18,08,048,28,15,13,28,15,13,0,0,0
18,08,051,3,0,3,3,0,3,0,0,0
18,08,052,10,10,0,8,8,0,2,2,0
18,08,054,293,148,145,293,148,145,0,0,0
18,08,055,34,16,18,28,13,15,6,3,3
18,08,058,154,79,75,154,79,75,0,0,0
18,08,060,113,53,60,113,53,60,0,0,0
18,08,061,190,101,89,190,101,89,0,0,0
18,08,062,34,15,19,34,15,19,0,0,0
18,08,064,1,1,0,1,1,0,0,0,0
18,08,065,51,25,26,51,25,26,0,0,0
18,08,068,19,12,7,19,12,7,0,0,0
18,08,069,19,11,8,19,11,8,0,0,0
18,08,070,6,3,3,6,3,3,0,0,0
18,08,071,31,27,4,17,13,4,14,14,0
18,08,072,16435,8364,8071,16394,8346,8048,41,18,23
18,08,076,1,1,0,1,1,0,0,0,0
18,08,080,15,5,10,15,5,10,0,0,0
18,08,081,1,0,1,1,0,1,0,0,0
18,08,082,78,67,11,35,33,2,43,34,9
18,08,083,13,8,5,13,8,5,0,0,0
18,08,086,28,18,10,19,10,9,9,8,1
18,08,088,2,1,1,2,1,1,0,0,0
18,08,089,4,4,0,3,3,0,1,1,0
18,08,090,9681,4840,4841,9668,4831,4837,13,9,4
18,08,091,3559,1841,1718,3555,1839,1716,4,2,2
18,08,093,3,2,1,2,1,1,1,1,0
18,08,094,3,3,0,2,2,0,1,1,0
18,08,095,5,5,0,0,0,0,5,5,0
18,08,096,92,46,46,92,46,46,0,0,0
18,08,098,6,3,3,6,3,3,0,0,0
18,08,101,13257,6656,6601,13166,6609,6557,91,47,44
18,08,105,247,125,122,247,125,122,0,0,0
18,08,106,2,2,0,2,2,0,0,0,0
18,08,107,7,4,3,7,4,3,0,0,0
18,08,109,1,1,0,1,1,0,0,0,0
18,08,110,15,5,10,15,5,10,0,0,0
18,08,111,2,2,0,1,1,0,1,1,0
18,08,113,1,1,0,0,0,0,1,1,0
18,08,114,43,26,17,43,26,17,0,0,0
18,08,115,3,2,1,2,1,1,1,1,0
18,08,117,1,1,0,1,1,0,0,0,0
18,08,122,3,3,0,3,3,0,0,0,0
18,08,123,19201,9800,9401,19069,9719,9350,132,81,51
18,09,001,515274,263490,251784,490344,250595,239749,24930,12895,12035
18,09,002,219039,113297,105742,210132,108674,101458,8907,4623,4284
18,09,003,12123,6070,6053,12007,6011,5996,116,59,57
18,09,005,13,9,4,12,8,4,1,1,0
18,09,006,18188,10083,8105,15272,8208,7064,2916,1875,1041
18,09,007,18,14,4,9,5,4,9,9,0
18,09,008,3,3,0,0,0,0,3,3,0
18,09,010,6,3,3,6,3,3,0,0,0
18,09,011,65,49,16,50,35,15,15,14,1
18,09,012,150,82,68,124,63,61,26,19,7
18,09,013,51,28,23,31,14,17,20,14,6
18,09,014,2871,1553,1318,2489,1329,1160,382,224,158
18,09,015,192,100,92,177,89,88,15,11,4
18,09,016,79,51,28,22,15,7,57,36,21
18,09,018,302,151,151,302,151,151,0,0,0
18,09,020,32,24,8,19,11,8,13,13,0
18,09,021,107,59,48,92,45,47,15,14,1
18,09,022,46,23,23,22,7,15,24,16,8
18,09,024,3,3,0,0,0,0,3,3,0
18,09,027,1,1,0,1,1,0,0,0,0
18,09,028,22,13,9,0,0,0,22,13,9
18,09,033,11,8,3,1,1,0,10,7,3
18,09,038,3,1,2,3,1,2,0,0,0
18,09,039,6,4,2,5,3,2,1,1,0
18,09,040,71,35,36,71,35,36,0,0,0
18,09,043,9,4,5,9,4,5,0,0,0
18,09,047,16,8,8,16,8,8,0,0,0
18,09,052,1195,596,599,1164,581,583,31,15,16
18,09,055,2,1,1,1,0,1,1,1,0
18,09,072,12,4,8,12,4,8,0,0,0
18,09,075,1,1,0,1,1,0,0,0,0
18,09,077,5461,2714,2747,5034,2508,2526,427,206,221
18,09,082,11,6,5,8,4,4,3,2,1
18,09,086,6,3,3,6,3,3,0,0,0
18,09,090,5,3,2,5,3,2,0,0,0
18,09,101,17,5,12,12,3,9,5,2,3
18,09,123,845,427,418,809,409,400,36,18,18
18,10,001,1393837,713795,680042,1296560,663842,632718,97277,49953,47324
18,10,002,722963,372352,350611,578295,297491,280804,144668,74861,69807
18,10,003,14572,7389,7183,14112,7135,6977,460,254,206
18,10,004,12,12,0,0,0,0,12,12,0
18,10,005,163,87,76,120,61,59,43,26,17
18,10,006,86248,47501,38747,58569,31489,27080,27679,16012,11667
18,10,007,174,157,17,144,127,17,30,30,0
18,10,008,26,23,3,0,0,0,26,23,3
18,10,009,7,5,2,7,5,2,0,0,0
18,10,010,113,62,51,0,0,0,113,62,51
18,10,011,283,237,46,210,190,20,73,47,26
18,10,012,16251,8131,8120,14249,7079,7170,2002,1052,950
18,10,013,110,73,37,39,26,13,71,47,24
18,10,014,13026,6872,6154,10667,5588,5079,2359,1284,1075
18,10,015,12608,6394,6214,12380,6263,6117,228,131,97
18,10,016,2222,1164,1058,1211,612,599,1011,552,459
18,10,018,1390,700,690,1386,698,688,4,2,2
18,10,019,3,1,2,3,1,2,0,0,0
18,10,020,381,345,36,324,301,23,57,44,13
18,10,021,1376,770,606,342,241,101,1034,529,505
18,10,022,121,75,46,46,28,18,75,47,28
18,10,023,20,11,9,20,11,9,0,0,0
18,10,027,158,79,79,13,7,6,145,72,73
18,10,028,57,30,27,28,18,10,29,12,17
18,10,032,120,65,55,120,65,55,0,0,0
18,10,033,43,20,23,30,16,14,13,4,9
18,10,037,1,1,0,1,1,0,0,0,0
18,10,038,6,3,3,2,1,1,4,2,2
18,10,039,6627,3296,3331,6543,3243,3300,84,53,31
18,10,040,196,103,93,187,97,90,9,6,3
18,10,041,5,3,2,5,3,2,0,0,0
18,10,042,1,1,0,0,0,0,1,1,0
18,10,043,5048,2555,2493,5027,2544,2483,21,11,10
18,10,044,141,77,64,141,77,64,0,0,0
18,10,046,3,2,1,3,2,1,0,0,0
18,10,047,7,3,4,1,1,0,6,2,4
18,10,048,1,1,0,0,0,0,1,1,0
18,10,051,10,5,5,0,0,0,10,5,5
18,10,052,18195,9219,8976,18088,9156,8932,107,63,44
18,10,054,7,5,2,7,5,2,0,0,0
18,10,055,52,22,30,34,14,20,18,8,10
18,10,058,127,69,58,127,69,58,0,0,0
18,10,061,1083,549,534,1077,545,532,6,4,2
18,10,062,7,4,3,7,4,3,0,0,0
18,10,065,27,12,15,26,11,15,1,1,0
18,10,067,6,2,4,6,2,4,0,0,0
18,10,071,16,11,5,6,3,3,10,8,2
18,10,072,1366,708,658,1361,706,655,5,2,3
18,10,076,1,0,1,1,0,1,0,0,0
18,10,077,4824,2439,2385,4808,2432,2376,16,7,9
18,10,081,5,3,2,0,0,0,5,3,2
18,10,082,102,60,42,34,19,15,68,41,27
18,10,086,56,28,28,32,17,15,24,11,13
18,10,090,1604,814,790,1596,810,786,8,4,4
18,10,091,775,391,384,773,390,383,2,1,1
18,10,095,7,5,2,0,0,0,7,5,2
18,10,098,4,2,2,4,2,2,0,0,0
18,10,101,360,185,175,349,179,170,11,6,5
18,10,103,6,1,5,0,0,0,6,1,5
18,10,105,28,15,13,28,15,13,0,0,0
18,10,111,6,3,3,0,0,0,6,3,3
18,10,113,3,3,0,0,0,0,3,3,0
18,10,115,31,23,8,17,10,7,14,13,1
18,10,116,1,1,0,0,0,0,1,1,0
18,10,117,1,1,0,0,0,0,1,1,0
18,10,123,7599,3975,3624,7176,3746,3430,423,229,194
18,11,001,562048,290333,271715,488785,252219,236566,73263,38114,35149
18,11,002,315840,163140,152700,268758,138613,130145,47082,24527,22555
18,11,003,129606,66390,63216,128330,65693,62637,1276,697,579
18,11,004,263,240,23,9,5,4,254,235,19
18,11,005,1802,959,843,1637,840,797,165,119,46
18,11,006,241560,130004,111556,204076,105691,98385,37484,24313,13171
18,11,007,337,229,108,58,28,30,279,201,78
18,11,008,23,15,8,4,3,1,19,12,7
18,11,009,38,21,17,29,14,15,9,7,2
18,11,010,353,219,134,144,81,63,209,138,71
18,11,011,1580,1055,525,199,81,118,1381,974,407
18,11,012,707,454,253,332,172,160,375,282,93
18,11,013,1358,910,448,187,94,93,1171,816,355
18,11,014,131270,67052,64218,125944,64053,61891,5326,2999,2327
18,11,015,74284,37491,36793,72622,36502,36120,1662,989,673
18,11,016,6004,3300,2704,4549,2301,2248,1455,999,456
18,11,017,7,4,3,3,2,1,4,2,2
18,11,018,10892,5707,5185,10813,5669,5144,79,38,41
18,11,019,42,25,17,38,23,15,4,2,2
18,11,020,972,677,295,153,72,81,819,605,214
18,11,021,1690,1008,682,857,438,419,833,570,263
18,11,022,647,363,284,325,165,160,322,198,124
18,11,023,334,178,156,302,158,144,32,20,12
18,11,024,18,14,4,13,9,4,5,5,0
18,11,026,3,3,0,0,0,0,3,3,0
18,11,027,6,6,0,0,0,0,6,6,0
18,11,028,397,221,176,390,217,173,7,4,3
18,11,030,110,59,51,103,55,48,7,4,3
18,11,031,3,1,2,3,1,2,0,0,0
18,11,032,801,401,400,799,400,399,2,1,1
18,11,033,20,14,6,8,6,2,12,8,4
18,11,034,1,1,0,0,0,0,1,1,0
18,11,035,1,1,0,0,0,0,1,1,0
18,11,038,774,395,379,745,380,365,29,15,14
18,11,039,4,2,2,1,0,1,3,2,1
18,11,040,67,44,23,36,21,15,31,23,8
18,11,041,2,2,0,0,0,0,2,2,0
18,11,043,3009,1500,1509,2975,1484,1491,34,16,18
18,11,044,1765,899,866,1734,883,851,31,16,15
18,11,047,12,8,4,10,6,4,2,2,0
18,11,048,78,40,38,78,40,38,0,0,0
18,11,052,14175,7199,6976,14138,7177,6961,37,22,15
18,11,053,4,3,1,4,3,1,0,0,0
18,11,054,1121,558,563,1094,546,548,27,12,15
18,11,055,81,40,41,54,28,26,27,12,15
18,11,058,83,42,41,83,42,41,0,0,0
18,11,060,1233,609,624,1233,609,624,0,0,0
18,11,061,1,1,0,0,0,0,1,1,0
18,11,062,108,57,51,108,57,51,0,0,0
18,11,064,2,2,0,0,0,0,2,2,0
18,11,065,35,16,19,34,15,19,1,1,0
18,11,068,63,30,33,63,30,33,0,0,0
18,11,069,25,15,10,25,15,10,0,0,0
18,11,071,34,18,16,12,5,7,22,13,9
18,11,072,9784,4987,4797,9599,4897,4702,185,90,95
18,11,073,23,22,1,0,0,0,23,22,1
18,11,077,8,3,5,4,2,2,4,1,3
18,11,080,16,8,8,14,6,8,2,2,0
18,11,081,2,2,0,0,0,0,2,2,0
18,11,082,42,30,12,17,8,9,25,22,3
18,11,083,11,7,4,11,7,4,0,0,0
18,11,084,1,0,1,1,0,1,0,0,0
18,11,086,44387,22675,21712,44093,22518,21575,294,157,137
18,11,087,3,3,0,0,0,0,3,3,0
18,11,088,17,7,10,17,7,10,0,0,0
18,11,089,48,39,9,0,0,0,48,39,9
18,11,090,52862,26877,25985,52319,26577,25742,543,300,243
18,11,091,10024,5089,4935,10001,5077,4924,23,12,11
18,11,092,1,1,0,0,0,0,1,1,0
18,11,093,915,482,433,848,436,412,67,46,21
18,11,095,11,6,5,6,3,3,5,3,2
18,11,096,372,191,181,370,190,180,2,1,1
18,11,098,188,92,96,188,92,96,0,0,0
18,11,100,1,1,0,0,0,0,1,1,0
18,11,101,1581,807,774,1566,800,766,15,7,8
18,11,102,1,1,0,0,0,0,1,1,0
18,11,103,2,0,2,2,0,2,0,0,0
18,11,105,106,51,55,106,51,55,0,0,0
18,11,106,9,6,3,0,0,0,9,6,3
18,11,107,51,23,28,44,19,25,7,4,3
18,11,110,43,23,20,42,22,20,1,1,0
18,11,111,26,12,14,4,3,1,22,9,13
18,11,112,6,4,2,0,0,0,6,4,2
18,11,114,157,77,80,148,75,73,9,2,7
18,11,115,14,11,3,10,7,3,4,4,0
18,11,116,1,1,0,0,0,0,1,1,0
18,11,118,5,4,1,0,0,0,5,4,1
18,11,123,55102,28051,27051,54412,27646,26766,690,405,285
18,12,001,473427,241659,231768,431070,219739,211331,42357,21920,20437
18,12,002,134616,69201,65415,121306,62160,59146,13310,7041,6269
18,12,003,6552,3403,3149,6379,3306,3073,173,97,76
18,12,004,1,1,0,1,1,0,0,0,0
18,12,005,195,103,92,191,102,89,4,1,3
18,12,006,41730,22858,18872,34630,18418,16212,7100,4440,2660
18,12,007,4,4,0,1,1,0,3,3,0
18,12,008,8,8,0,0,0,0,8,8,0
18,12,009,1,1,0,1,1,0,0,0,0
18,12,010,40,25,15,26,17,9,14,8,6
18,12,011,42,28,14,27,20,7,15,8,7
18,12,012,286,153,133,246,134,112,40,19,21
18,12,013,15,12,3,8,5,3,7,7,0
18,12,014,24845,12602,12243,24387,12358,12029,458,244,214
18,12,015,4138,2153,1985,4077,2118,1959,61,35,26
18,12,016,684,484,200,361,312,49,323,172,151
18,12,018,1150,620,530,1150,620,530,0,0,0
18,12,019,1,1,0,1,1,0,0,0,0
18,12,020,12,8,4,6,3,3,6,5,1
18,12,021,16,13,3,7,6,1,9,7,2
18,12,022,215,122,93,147,78,69,68,44,24
18,12,023,144,92,52,141,90,51,3,2,1
18,12,024,7,5,2,1,1,0,6,4,2
18,12,028,860,428,432,806,403,403,54,25,29
18,12,030,24,13,11,24,13,11,0,0,0
18,12,032,21,10,11,21,10,11,0,0,0
18,12,033,5,3,2,5,3,2,0,0,0
18,12,038,11283,5682,5601,11109,5588,5521,174,94,80
18,12,039,8,6,2,6,5,1,2,1,1
18,12,040,7,3,4,3,2,1,4,1,3
18,12,043,30,7,23,14,5,9,16,2,14
18,12,044,311,139,172,311,139,172,0,0,0
18,12,046,1,1,0,1,1,0,0,0,0
18,12,047,4,2,2,4,2,2,0,0,0
18,12,048,3,2,1,3,2,1,0,0,0
18,12,052,441,237,204,439,236,203,2,1,1
18,12,054,507,248,259,503,247,256,4,1,3
18,12,055,28,13,15,28,13,15,0,0,0
18,12,058,3,1,2,3,1,2,0,0,0
18,12,062,2,1,1,2,1,1,0,0,0
18,12,065,27,12,15,27,12,15,0,0,0
18,12,072,1798,938,860,1798,938,860,0,0,0
18,12,077,14,8,6,10,5,5,4,3,1
18,12,080,6,3,3,6,3,3,0,0,0
18,12,082,11,4,7,10,4,6,1,0,1
18,12,086,150873,76579,74294,150238,76255,73983,635,324,311
18,12,088,3,3,0,3,3,0,0,0,0
18,12,089,14,8,6,14,8,6,0,0,0
18,12,090,7928,4082,3846,7925,4080,3845,3,2,1
18,12,091,530,286,244,528,284,244,2,2,0
18,12,093,471,245,226,410,221,189,61,24,37
18,12,094,2,2,0,2,2,0,0,0,0
18,12,095,1,1,0,1,1,0,0,0,0
18,12,096,5,3,2,5,3,2,0,0,0
18,12,101,37,21,16,35,19,16,2,2,0
18,12,102,1,1,0,1,1,0,0,0,0
18,12,110,11,4,7,11,4,7,0,0,0
18,12,111,3,1,2,3,1,2,0,0,0
18,12,112,3,0,3,3,0,3,0,0,0
18,12,114,11,4,7,11,4,7,0,0,0
18,12,118,1,1,0,1,1,0,0,0,0
18,12,123,25593,13133,12460,25369,13010,12359,224,123,101
18,13,001,229792,117809,111983,215069,110216,104853,14723,7593,7130
18,13,002,59730,31133,28597,48501,25249,23252,11229,5884,5345
18,13,003,41786,21409,20377,41403,21225,20178,383,184,199
18,13,004,7,7,0,0,0,0,7,7,0
18,13,005,5,4,1,3,2,1,2,2,0
18,13,006,15451,8904,6547,9590,5350,4240,5861,3554,2307
18,13,007,8,6,2,0,0,0,8,6,2
18,13,008,1,1,0,0,0,0,1,1,0
18,13,009,2,0,2,2,0,2,0,0,0
18,13,010,23,10,13,8,4,4,15,6,9
18,13,011,96,53,43,51,29,22,45,24,21
18,13,012,570,291,279,540,274,266,30,17,13
18,13,013,23,18,5,11,9,2,12,9,3
18,13,014,30980,16026,14954,29319,15140,14179,1661,886,775
18,13,015,368,200,168,280,151,129,88,49,39
18,13,016,170,107,63,68,37,31,102,70,32
18,13,018,1315,688,627,1302,681,621,13,7,6
18,13,020,15,13,2,6,4,2,9,9,0
18,13,021,13,10,3,2,1,1,11,9,2
18,13,022,508,297,211,27,17,10,481,280,201
18,13,023,791,426,365,717,389,328,74,37,37
18,13,024,5,5,0,0,0,0,5,5,0
18,13,027,1,0,1,1,0,1,0,0,0
18,13,028,11,6,5,9,4,5,2,2,0
18,13,033,2,0,2,0,0,0,2,0,2
18,13,038,4133,2095,2038,4035,2044,1991,98,51,47
18,13,039,8,5,3,8,5,3,0,0,0
18,13,040,13,7,6,11,6,5,2,1,1
18,13,043,496,247,249,490,245,245,6,2,4
18,13,052,39,22,17,38,22,16,1,0,1
18,13,055,1,1,0,0,0,0,1,1,0
18,13,061,269,129,140,269,129,140,0,0,0
18,13,071,4,3,1,0,0,0,4,3,1
18,13,072,195,100,95,195,100,95,0,0,0
18,13,077,38,21,17,38,21,17,0,0,0
18,13,080,18,9,9,18,9,9,0,0,0
18,13,082,25,13,12,25,13,12,0,0,0
18,13,086,179668,91776,87892,176003,89869,86134,3665,1907,1758
18,13,089,3,1,2,2,1,1,1,0,1
18,13,090,31,14,17,31,14,17,0,0,0
18,13,091,4,1,3,4,1,3,0,0,0
18,13,093,83,46,37,83,46,37,0,0,0
18,13,095,1,0,1,1,0,1,0,0,0
18,13,101,1573,812,761,1551,797,754,22,15,7
18,13,106,2,0,2,0,0,0,2,0,2
18,13,107,10,5,5,10,5,5,0,0,0
18,13,110,34,21,13,14,9,5,20,12,8
18,13,114,25,14,11,14,8,6,11,6,5
18,13,117,3,3,0,3,3,0,0,0,0
18,13,123,3595,1875,1720,3360,1745,1615,235,130,105
18,14,001,581940,299405,282535,529532,271971,257561,52408,27434,24974
18,14,002,126977,66190,60787,48027,25147,22880,78950,41043,37907
18,14,003,1035,568,467,906,493,413,129,75,54
18,14,004,25,18,7,20,13,7,5,5,0
18,14,005,1299,680,619,1287,672,615,12,8,4
18,14,006,172667,96966,75701,104269,57041,47228,68398,39925,28473
18,14,007,103,69,34,81,53,28,22,16,6
18,14,008,1,1,0,0,0,0,1,1,0
18,14,009,24,9,15,19,8,11,5,1,4
18,14,010,406,273,133,84,54,30,322,219,103
18,14,011,391,248,143,274,186,88,117,62,55
18,14,012,1075,602,473,483,266,217,592,336,256
18,14,013,190,129,61,143,99,44,47,30,17
18,14,014,87850,45363,42487,78112,40312,37800,9738,5051,4687
18,14,015,35696,18120,17576,33998,17164,16834,1698,956,742
18,14,016,2989,1627,1362,1062,605,457,1927,1022,905
18,14,017,10,6,4,10,6,4,0,0,0
18,14,018,3673,1938,1735,3558,1874,1684,115,64,51
18,14,019,32,19,13,2,2,0,30,17,13
18,14,020,348,237,111,211,158,53,137,79,58
18,14,021,8535,4484,4051,2575,1416,1159,5960,3068,2892
18,14,022,1054,586,468,421,229,192,633,357,276
18,14,023,904,484,420,896,481,415,8,3,5
18,14,024,7,2,5,7,2,5,0,0,0
18,14,025,3,1,2,3,1,2,0,0,0
18,14,026,5,1,4,0,0,0,5,1,4
18,14,027,42,20,22,35,16,19,7,4,3
18,14,028,47,29,18,40,24,16,7,5,2
18,14,030,9,5,4,9,5,4,0,0,0
18,14,032,71,37,34,70,36,34,1,1,0
18,14,033,83,43,40,34,18,16,49,25,24
18,14,035,1,0,1,1,0,1,0,0,0
18,14,038,2964,1487,1477,2961,1485,1476,3,2,1
18,14,039,9,7,2,5,3,2,4,4,0
18,14,040,42,19,23,26,15,11,16,4,12
18,14,043,146,77,69,118,62,56,28,15,13
18,14,044,309,165,144,290,155,135,19,10,9
18,14,047,5,3,2,4,2,2,1,1,0
18,14,048,8,5,3,8,5,3,0,0,0
18,14,051,5,2,3,4,2,2,1,0,1
18,14,052,87,51,36,66,35,31,21,16,5
18,14,053,2,1,1,2,1,1,0,0,0
18,14,054,917,476,441,881,442,439,36,34,2
18,14,055,182,88,94,152,70,82,30,18,12
18,14,058,20,6,14,20,6,14,0,0,0
18,14,059,7,5,2,7,5,2,0,0,0
18,14,060,10,6,4,10,6,4,0,0,0
18,14,062,44,17,27,44,17,27,0,0,0
18,14,064,1,1,0,1,1,0,0,0,0
18,14,065,21,10,11,21,10,11,0,0,0
18,14,069,56,31,25,56,31,25,0,0,0
18,14,071,25,16,9,18,13,5,7,3,4
18,14,072,3909,2050,1859,3809,1967,1842,100,83,17
18,14,080,131,72,59,131,72,59,0,0,0
18,14,081,1,0,1,1,0,1,0,0,0
18,14,082,105,59,46,76,43,33,29,16,13
18,14,086,16368,8618,7750,16212,8536,7676,156,82,74
18,14,087,55,42,13,55,42,13,0,0,0
18,14,088,93,42,51,93,42,51,0,0,0
18,14,089,1,1,0,1,1,0,0,0,0
18,14,090,7155,3656,3499,7074,3601,3473,81,55,26
18,14,091,8236,4236,4000,8148,4185,3963,88,51,37
18,14,092,1,1,0,1,1,0,0,0,0
18,14,093,13,8,5,10,6,4,3,2,1
18,14,094,71,40,31,66,36,30,5,4,1
18,14,096,29,18,11,29,18,11,0,0,0
18,14,098,111,61,50,111,61,50,0,0,0
18,14,101,561,285,276,557,282,275,4,3,1
18,14,102,4,2,2,4,2,2,0,0,0
18,14,106,836,418,418,831,415,416,5,3,2
18,14,107,40,22,18,18,9,9,22,13,9
18,14,110,335,167,168,330,164,166,5,3,2
18,14,111,1,0,1,1,0,1,0,0,0
18,14,112,1763,926,837,1748,917,831,15,9,6
18,14,113,1,1,0,1,1,0,0,0,0
18,14,114,488,246,242,470,235,235,18,11,7
18,14,115,12,8,4,10,7,3,2,1,1
18,14,118,35,19,16,32,16,16,3,3,0
18,14,123,77355,39468,37887,75423,38476,36947,1932,992,940
18,15,001,878279,448679,429600,772669,393952,378717,105610,54727,50883
18,15,002,82357,43167,39190,30466,15915,14551,51891,27252,24639
18,15,003,462,255,207,254,145,109,208,110,98
18,15,004,101,82,19,14,11,3,87,71,16
18,15,005,1157,604,553,1026,515,511,131,89,42
18,15,006,110733,62414,48319,54887,29789,25098,55846,32625,23221
18,15,007,230,148,82,48,38,10,182,110,72
18,15,008,28,19,9,14,9,5,14,10,4
18,15,009,10,5,5,1,0,1,9,5,4
18,15,010,155,111,44,49,33,16,106,78,28
18,15,011,848,530,318,205,133,72,643,397,246
18,15,012,1284,722,562,660,371,289,624,351,273
18,15,013,672,493,179,146,82,64,526,411,115
18,15,014,27864,14629,13235,23347,12009,11338,4517,2620,1897
18,15,015,17753,9052,8701,16602,8413,8189,1151,639,512
18,15,016,3118,1810,1308,680,389,291,2438,1421,1017
18,15,018,3047,1548,1499,3015,1530,1485,32,18,14
18,15,019,34,18,16,3,1,2,31,17,14
18,15,020,578,423,155,129,98,31,449,325,124
18,15,021,2092,1161,931,423,234,189,1669,927,742
18,15,022,531,306,225,200,121,79,331,185,146
18,15,023,25,12,13,20,10,10,5,2,3
18,15,024,17,9,8,11,5,6,6,4,2
18,15,027,19,6,13,10,4,6,9,2,7
18,15,028,28,18,10,20,13,7,8,5,3
18,15,030,5,4,1,5,4,1,0,0,0
18,15,032,31,15,16,28,14,14,3,1,2
18,15,033,15,8,7,2,1,1,13,7,6
18,15,038,32,15,17,10,6,4,22,9,13
18,15,039,4,2,2,0,0,0,4,2,2
18,15,040,152,92,60,36,20,16,116,72,44
18,15,043,163,87,76,17,9,8,146,78,68
18,15,044,1074,538,536,1073,538,535,1,0,1
18,15,046,1,1,0,1,1,0,0,0,0
18,15,047,24,11,13,20,10,10,4,1,3
18,15,048,50,27,23,50,27,23,0,0,0
18,15,051,1,0,1,0,0,0,1,0,1
18,15,052,24,14,10,3,2,1,21,12,9
18,15,054,691,357,334,642,311,331,49,46,3
18,15,055,129,64,65,92,55,37,37,9,28
18,15,058,4,2,2,4,2,2,0,0,0
18,15,060,3,2,1,3,2,1,0,0,0
18,15,062,3,2,1,3,2,1,0,0,0
18,15,065,54,31,23,54,31,23,0,0,0
18,15,066,3,0,3,0,0,0,3,0,3
18,15,071,8,6,2,7,6,1,1,0,1
18,15,072,2839,1488,1351,2598,1337,1261,241,151,90
18,15,077,2,2,0,2,2,0,0,0,0
18,15,080,1,1,0,1,1,0,0,0,0
18,15,081,3,1,2,2,1,1,1,0,1
18,15,082,36,16,20,18,8,10,18,8,10
18,15,083,4,2,2,4,2,2,0,0,0
18,15,086,6285,3230,3055,5932,3059,2873,353,171,182
18,15,087,2,0,2,1,0,1,1,0,1
18,15,088,4,2,2,4,2,2,0,0,0
18,15,089,3,2,1,0,0,0,3,2,1
18,15,090,2350,1220,1130,2241,1145,1096,109,75,34
18,15,091,3565,1819,1746,3517,1794,1723,48,25,23
18,15,093,21,12,9,16,9,7,5,3,2
18,15,094,154,75,79,128,63,65,26,12,14
18,15,095,2,1,1,2,1,1,0,0,0
18,15,098,35,15,20,35,15,20,0,0,0
18,15,101,17,11,6,9,8,1,8,3,5
18,15,102,10,6,4,10,6,4,0,0,0
18,15,103,1,1,0,1,1,0,0,0,0
18,15,106,2,0,2,0,0,0,2,0,2
18,15,110,48,26,22,47,25,22,1,1,0
18,15,111,1,0,1,0,0,0,1,0,1
18,15,112,8,6,2,2,2,0,6,4,2
18,15,114,7,3,4,7,3,4,0,0,0
18,15,115,7,6,1,5,4,1,2,2,0
18,15,116,1,1,0,0,0,0,1,1,0
18,15,118,29,8,21,10,6,4,19,2,17
18,15,122,4,3,1,0,0,0,4,3,1
18,15,123,35738,18099,17639,35093,17763,17330,645,336,309
18,16,001,865635,445308,420327,798158,409959,388199,67477,35349,32128
18,16,002,38711,20667,18044,27624,14544,13080,11087,6123,4964
18,16,003,331,196,135,244,141,103,87,55,32
18,16,004,46,39,7,32,31,1,14,8,6
18,16,005,539,280,259,466,238,228,73,42,31
18,16,006,36188,22041,14147,21381,12426,8955,14807,9615,5192
18,16,007,91,72,19,29,22,7,62,50,12
18,16,008,10,6,4,9,5,4,1,1,0
18,16,009,4,3,1,3,3,0,1,0,1
18,16,010,196,162,34,33,22,11,163,140,23
18,16,011,238,165,73,99,61,38,139,104,35
18,16,012,2660,1389,1271,2238,1136,1102,422,253,169
18,16,013,282,184,98,174,107,67,108,77,31
18,16,014,10566,5534,5032,10146,5283,4863,420,251,169
18,16,015,18843,9637,9206,18485,9440,9045,358,197,161
18,16,016,1285,770,515,601,383,218,684,387,297
18,16,017,4,2,2,0,0,0,4,2,2
18,16,018,3293,1688,1605,3272,1675,1597,21,13,8
18,16,019,12,5,7,12,5,7,0,0,0
18,16,020,314,248,66,95,82,13,219,166,53
18,16,021,693,394,299,446,255,191,247,139,108
18,16,022,97,65,32,58,35,23,39,30,9
18,16,023,3,1,2,3,1,2,0,0,0
18,16,024,1,1,0,1,1,0,0,0,0
18,16,026,7,6,1,0,0,0,7,6,1
18,16,027,32,20,12,8,5,3,24,15,9
18,16,028,26,14,12,26,14,12,0,0,0
18,16,031,1,1,0,1,1,0,0,0,0
18,16,032,18,12,6,18,12,6,0,0,0
18,16,033,9,6,3,0,0,0,9,6,3
18,16,035,1,1,0,1,1,0,0,0,0
18,16,038,48,25,23,0,0,0,48,25,23
18,16,039,18,8,10,18,8,10,0,0,0
18,16,040,37,20,17,32,16,16,5,4,1
18,16,043,307,152,155,291,143,148,16,9,7
18,16,044,165,85,80,165,85,80,0,0,0
18,16,047,8,3,5,8,3,5,0,0,0
18,16,052,101,46,55,90,44,46,11,2,9
18,16,054,21,12,9,21,12,9,0,0,0
18,16,055,28,14,14,22,12,10,6,2,4
18,16,060,116,64,52,116,64,52,0,0,0
18,16,061,16,11,5,16,11,5,0,0,0
18,16,062,11,5,6,11,5,6,0,0,0
18,16,065,4,3,1,4,3,1,0,0,0
18,16,066,47,22,25,47,22,25,0,0,0
18,16,069,29,16,13,29,16,13,0,0,0
18,16,071,8,8,0,2,2,0,6,6,0
18,16,072,2356,1199,1157,2347,1196,1151,9,3,6
18,16,077,1,1,0,0,0,0,1,1,0
18,16,079,1,1,0,0,0,0,1,1,0
18,16,081,7,5,2,1,1,0,6,4,2
18,16,082,6,3,3,5,2,3,1,1,0
18,16,083,204,104,100,204,104,100,0,0,0
18,16,086,20155,10293,9862,19896,10153,9743,259,140,119
18,16,090,728,379,349,718,374,344,10,5,5
18,16,091,1051,514,537,1049,513,536,2,1,1
18,16,095,2,2,0,0,0,0,2,2,0
18,16,098,39,23,16,39,23,16,0,0,0
18,16,101,24,18,6,7,7,0,17,11,6
18,16,103,3,1,2,0,0,0,3,1,2
18,16,106,8,4,4,0,0,0,8,4,4
18,16,111,1,1,0,1,1,0,0,0,0
18,16,113,1,1,0,1,1,0,0,0,0
18,16,114,6,3,3,6,3,3,0,0,0
18,16,115,9,7,2,7,5,2,2,2,0
18,16,117,2,2,0,2,2,0,0,0,0
18,16,118,389,200,189,389,200,189,0,0,0
18,16,119,2,1,1,0,0,0,2,1,1
18,16,123,45641,23303,22338,45350,23130,22220,291,173,118
18,17,001,814297,416971,397326,702552,359618,342934,111745,57353,54392
18,17,002,39491,20905,18586,8323,4454,3869,31168,16451,14717
18,17,003,264,172,92,127,99,28,137,73,64
18,17,004,127,99,28,111,86,25,16,13,3
18,17,005,89,56,33,58,34,24,31,22,9
18,17,006,37868,23686,14182,15731,9801,5930,22137,13885,8252
18,17,007,90,70,20,63,48,15,27,22,5
18,17,008,4,4,0,3,3,0,1,1,0
18,17,009,5,5,0,3,3,0,2,2,0
18,17,010,148,115,33,103,85,18,45,30,15
18,17,011,706,465,241,510,339,171,196,126,70
18,17,012,1824,993,831,1281,690,591,543,303,240
18,17,013,374,282,92,293,226,67,81,56,25
18,17,014,4651,2588,2063,3671,2024,1647,980,564,416
18,17,015,5097,2625,2472,4798,2435,2363,299,190,109
18,17,016,1781,1015,766,517,320,197,1264,695,569
18,17,018,487,241,246,478,235,243,9,6,3
18,17,019,6,4,2,2,2,0,4,2,2
18,17,020,280,206,74,183,135,48,97,71,26
18,17,021,739,401,338,302,173,129,437,228,209
18,17,022,204,123,81,84,56,28,120,67,53
18,17,023,12,8,4,4,3,1,8,5,3
18,17,024,3,3,0,1,1,0,2,2,0
18,17,025,2,1,1,1,1,0,1,0,1
18,17,026,10,3,7,0,0,0,10,3,7
18,17,027,553,290,263,516,275,241,37,15,22
18,17,028,11,8,3,4,3,1,7,5,2
18,17,032,1,0,1,1,0,1,0,0,0
18,17,033,12,6,6,0,0,0,12,6,6
18,17,038,3903,1964,1939,3882,1948,1934,21,16,5
18,17,039,15,10,5,5,3,2,10,7,3
18,17,040,117,67,50,83,44,39,34,23,11
18,17,043,57,36,21,39,23,16,18,13,5
18,17,044,21,9,12,21,9,12,0,0,0
18,17,046,1,1,0,1,1,0,0,0,0
18,17,048,6,3,3,0,0,0,6,3,3
18,17,052,52,32,20,28,16,12,24,16,8
18,17,054,21,15,6,12,12,0,9,3,6
18,17,055,25,10,15,10,6,4,15,4,11
18,17,056,1,0,1,0,0,0,1,0,1
18,17,062,7,6,1,7,6,1,0,0,0
18,17,065,8,8,0,8,8,0,0,0,0
18,17,068,1,1,0,1,1,0,0,0,0
18,17,069,6,2,4,6,2,4,0,0,0
18,17,071,15,3,12,0,0,0,15,3,12
18,17,072,91,31,60,45,18,27,46,13,33
18,17,077,1,1,0,1,1,0,0,0,0
18,17,078,1,1,0,1,1,0,0,0,0
18,17,081,30,13,17,29,13,16,1,0,1
18,17,082,22,15,7,5,3,2,17,12,5
18,17,083,9,4,5,9,4,5,0,0,0
18,17,084,2,1,1,0,0,0,2,1,1
18,17,086,76708,38840,37868,76269,38616,37653,439,224,215
18,17,089,9,5,4,7,3,4,2,2,0
18,17,090,677,337,340,654,329,325,23,8,15
18,17,091,169,92,77,169,92,77,0,0,0
18,17,093,48,32,16,48,32,16,0,0,0
18,17,094,18,10,8,12,6,6,6,4,2
18,17,095,4,2,2,4,2,2,0,0,0
18,17,101,26,20,6,20,15,5,6,5,1
18,17,104,7,2,5,7,2,5,0,0,0
18,17,106,10,5,5,10,5,5,0,0,0
18,17,109,5,2,3,5,2,3,0,0,0
18,17,110,3,2,1,3,2,1,0,0,0
18,17,112,1,1,0,1,1,0,0,0,0
18,17,113,3,0,3,3,0,3,0,0,0
18,17,114,5,4,1,4,3,1,1,1,0
18,17,115,1,1,0,1,1,0,0,0,0
18,17,116,3,2,1,3,2,1,0,0,0
18,17,118,11,7,4,11,7,4,0,0,0
18,17,123,7965,4073,3892,6757,3442,3315,1208,631,577
18,18,001,736449,379589,356860,684671,352196,332475,51778,27393,24385
18,18,002,50495,26296,24199,35919,18575,17344,14576,7721,6855
18,18,003,19564,10021,9543,19391,9905,9486,173,116,57
18,18,004,15,15,0,13,13,0,2,2,0
18,18,005,91,44,47,81,35,46,10,9,1
18,18,006,35246,20052,15194,23933,13374,10559,11313,6678,4635
18,18,007,27,26,1,15,15,0,12,11,1
18,18,008,17,17,0,17,17,0,0,0,0
18,18,009,3,1,2,3,1,2,0,0,0
18,18,010,28,20,8,11,8,3,17,12,5
18,18,011,73,45,28,60,38,22,13,7,6
18,18,012,5338,2833,2505,4915,2589,2326,423,244,179
18,18,013,160,88,72,153,82,71,7,6,1
18,18,014,24904,12868,12036,23516,12162,11354,1388,706,682
18,18,015,12889,6615,6274,12713,6509,6204,176,106,70
18,18,016,1011,587,424,499,296,203,512,291,221
18,18,017,4,2,2,4,2,2,0,0,0
18,18,018,3755,1922,1833,3714,1905,1809,41,17,24
18,18,019,1,0,1,1,0,1,0,0,0
18,18,020,78,63,15,65,56,9,13,7,6
18,18,021,159,95,64,140,81,59,19,14,5
18,18,022,84,51,33,55,34,21,29,17,12
18,18,023,194,108,86,190,106,84,4,2,2
18,18,026,11,3,8,0,0,0,11,3,8
18,18,027,112,63,49,104,55,49,8,8,0
18,18,028,26,13,13,26,13,13,0,0,0
18,18,030,18,12,6,18,12,6,0,0,0
18,18,032,136,69,67,136,69,67,0,0,0
18,18,033,2,2,0,1,1,0,1,1,0
18,18,038,37,14,23,3,2,1,34,12,22
18,18,039,19,11,8,11,7,4,8,4,4
18,18,040,20,4,16,17,3,14,3,1,2
18,18,043,553,272,281,534,264,270,19,8,11
18,18,044,501,244,257,500,243,257,1,1,0
18,18,046,1,1,0,1,1,0,0,0,0
18,18,047,9,5,4,3,2,1,6,3,3
18,18,048,5,2,3,5,2,3,0,0,0
18,18,052,914,474,440,881,460,421,33,14,19
18,18,053,9,4,5,0,0,0,9,4,5
18,18,054,1014,522,492,998,515,483,16,7,9
18,18,055,160,82,78,154,79,75,6,3,3
18,18,062,59,28,31,59,28,31,0,0,0
18,18,069,11,7,4,11,7,4,0,0,0
18,18,071,5,3,2,0,0,0,5,3,2
18,18,072,3632,1859,1773,3624,1856,1768,8,3,5
18,18,077,8,4,4,8,4,4,0,0,0
18,18,080,50,28,22,50,28,22,0,0,0
18,18,081,801,419,382,799,418,381,2,1,1
18,18,082,22,14,8,6,4,2,16,10,6
18,18,083,11,5,6,11,5,6,0,0,0
18,18,086,21111,10924,10187,20991,10862,10129,120,62,58
18,18,087,1,1,0,1,1,0,0,0,0
18,18,088,3,3,0,3,3,0,0,0,0
18,18,090,1102,555,547,1100,553,547,2,2,0
18,18,091,1741,890,851,1741,890,851,0,0,0
18,18,094,5,5,0,5,5,0,0,0,0
18,18,096,100,54,46,100,54,46,0,0,0
18,18,101,538,249,289,526,242,284,12,7,5
18,18,102,3,3,0,3,3,0,0,0,0
18,18,103,268,146,122,266,145,121,2,1,1
18,18,104,1,1,0,0,0,0,1,1,0
18,18,106,9070,4847,4223,9050,4840,4210,20,7,13
18,18,109,4,1,3,0,0,0,4,1,3
18,18,110,90,45,45,82,42,40,8,3,5
18,18,112,13,8,5,13,8,5,0,0,0
18,18,114,225,108,117,225,108,117,0,0,0
18,18,115,1,1,0,0,0,0,1,1,0
18,18,118,1,1,0,1,1,0,0,0,0
18,18,123,13271,6922,6349,12995,6774,6221,276,148,128
18,19,001,82136,42898,39238,66568,34516,32052,15568,8382,7186
18,19,002,96039,50652,45387,72738,38279,34459,23301,12373,10928
18,19,003,40680,20758,19922,38184,19408,18776,2496,1350,1146
18,19,004,34,33,1,34,33,1,0,0,0
18,19,005,84,56,28,79,52,27,5,4,1
18,19,006,84747,46553,38194,75064,40928,34136,9683,5625,4058
18,19,007,27,27,0,27,27,0,0,0,0
18,19,008,20,20,0,20,20,0,0,0,0
18,19,009,3,1,2,1,1,0,2,0,2
18,19,010,124,81,43,103,65,38,21,16,5
18,19,011,282,193,89,209,147,62,73,46,27
18,19,012,4062,2159,1903,2955,1568,1387,1107,591,516
18,19,013,68,64,4,64,61,3,4,3,1
18,19,014,46898,24741,22157,43235,22789,20446,3663,1952,1711
18,19,015,4793,2536,2257,4499,2382,2117,294,154,140
18,19,016,800,466,334,600,364,236,200,102,98
18,19,018,2119,1127,992,2102,1120,982,17,7,10
18,19,019,1,0,1,1,0,1,0,0,0
18,19,020,147,118,29,132,109,23,15,9,6
18,19,021,288,168,120,191,110,81,97,58,39
18,19,022,176,103,73,163,93,70,13,10,3
18,19,023,10,6,4,9,6,3,1,0,1
18,19,024,4,4,0,3,3,0,1,1,0
18,19,025,2,0,2,2,0,2,0,0,0
18,19,026,18,8,10,18,8,10,0,0,0
18,19,027,893,457,436,892,457,435,1,0,1
18,19,028,152,79,73,141,73,68,11,6,5
18,19,030,32,17,15,32,17,15,0,0,0
18,19,031,1,1,0,1,1,0,0,0,0
18,19,032,69,39,30,63,35,28,6,4,2
18,19,033,95,55,40,38,21,17,57,34,23
18,19,034,67,39,28,67,39,28,0,0,0
18,19,035,1,1,0,1,1,0,0,0,0
18,19,036,23,10,13,23,10,13,0,0,0
18,19,038,22,11,11,11,6,5,11,5,6
18,19,039,18292,9319,8973,17176,8738,8438,1116,581,535
18,19,040,45,25,20,25,16,9,20,9,11
18,19,042,10,6,4,0,0,0,10,6,4
18,19,043,21753,10997,10756,21089,10658,10431,664,339,325
18,19,044,86,43,43,86,43,43,0,0,0
18,19,046,9,6,3,9,6,3,0,0,0
18,19,047,603,340,263,334,176,158,269,164,105
18,19,051,59,30,29,59,30,29,0,0,0
18,19,052,339761,173117,166644,309625,157590,152035,30136,15527,14609
18,19,054,1314,677,637,1311,676,635,3,1,2
18,19,055,8184,4081,4103,8133,4058,4075,51,23,28
18,19,058,17,10,7,17,10,7,0,0,0
18,19,061,307,146,161,291,141,150,16,5,11
18,19,062,31,17,14,29,16,13,2,1,1
18,19,066,2,2,0,2,2,0,0,0,0
18,19,068,2,2,0,2,2,0,0,0,0
18,19,071,5698,3061,2637,5242,2810,2432,456,251,205
18,19,072,3231,1724,1507,2859,1517,1342,372,207,165
18,19,075,10,7,3,10,7,3,0,0,0
18,19,077,14252,7149,7103,13995,7031,6964,257,118,139
18,19,078,1,1,0,1,1,0,0,0,0
18,19,079,8,5,3,8,5,3,0,0,0
18,19,080,33,19,14,33,19,14,0,0,0
18,19,081,508,259,249,497,253,244,11,6,5
18,19,082,425,211,214,149,64,85,276,147,129
18,19,083,52,29,23,52,29,23,0,0,0
18,19,086,429,224,205,286,155,131,143,69,74
18,19,087,3,1,2,0,0,0,3,1,2
18,19,090,2484,1310,1174,2456,1291,1165,28,19,9
18,19,091,890,466,424,847,444,403,43,22,21
18,19,094,1,1,0,1,1,0,0,0,0
18,19,095,247,126,121,138,68,70,109,58,51
18,19,096,2,0,2,2,0,2,0,0,0
18,19,098,6,4,2,6,4,2,0,0,0
18,19,100,4,2,2,4,2,2,0,0,0
18,19,101,427,211,216,357,185,172,70,26,44
18,19,103,1942,1019,923,1834,956,878,108,63,45
18,19,104,4,3,1,1,1,0,3,2,1
18,19,105,9,4,5,9,4,5,0,0,0
18,19,106,384,200,184,375,194,181,9,6,3
18,19,108,14,7,7,14,7,7,0,0,0
18,19,110,70,36,34,70,36,34,0,0,0
18,19,111,3,1,2,3,1,2,0,0,0
18,19,113,5858,3018,2840,5628,2900,2728,230,118,112
18,19,114,80,40,40,74,37,37,6,3,3
18,19,115,206,115,91,191,106,85,15,9,6
18,19,117,43,24,19,14,7,7,29,17,12
18,19,119,24,13,11,24,13,11,0,0,0
18,19,120,9,5,4,9,5,4,0,0,0
18,19,121,2,1,1,1,0,1,1,1,0
18,19,122,1,1,0,1,1,0,0,0,0
18,19,123,20559,10654,9905,19732,10235,9497,827,419,408
18,20,001,5506,3394,2112,1602,1011,591,3904,2383,1521
18,20,002,27320,15314,12006,10065,5663,4402,17255,9651,7604
18,20,003,1740,989,751,1144,646,498,596,343,253
18,20,004,24,23,1,0,0,0,24,23,1
18,20,005,16,14,2,6,5,1,10,9,1
18,20,006,8720,5135,3585,4252,2341,1911,4468,2794,1674
18,20,007,17,14,3,1,1,0,16,13,3
18,20,008,10,10,0,0,0,0,10,10,0
18,20,009,1,1,0,1,1,0,0,0,0
18,20,010,27,15,12,6,4,2,21,11,10
18,20,011,79,55,24,9,4,5,70,51,19
18,20,012,1822,1048,774,283,162,121,1539,886,653
18,20,013,54,49,5,9,6,3,45,43,2
18,20,014,12404,6708,5696,6242,3385,2857,6162,3323,2839
18,20,015,231,168,63,111,70,41,120,98,22
18,20,016,245,188,57,27,15,12,218,173,45
18,20,018,95,68,27,42,23,19,53,45,8
18,20,020,46,40,6,1,1,0,45,39,6
18,20,021,109,75,34,56,40,16,53,35,18
18,20,022,39,34,5,11,6,5,28,28,0
18,20,023,68,34,34,68,34,34,0,0,0
18,20,026,11,5,6,0,0,0,11,5,6
18,20,033,468,274,194,66,46,20,402,228,174
18,20,035,2,1,1,0,0,0,2,1,1
18,20,039,63416,32466,30950,55706,28445,27261,7710,4021,3689
18,20,040,63,40,23,46,30,16,17,10,7
18,20,042,115,57,58,46,21,25,69,36,33
18,20,043,528,289,239,428,235,193,100,54,46
18,20,046,1681,872,809,1591,822,769,90,50,40
18,20,047,14158,7254,6904,8218,4229,3989,5940,3025,2915
18,20,051,247,129,118,9,4,5,238,125,113
18,20,052,8892,4626,4266,8013,4178,3835,879,448,431
18,20,054,140,69,71,104,48,56,36,21,15
18,20,055,3517,1784,1733,2763,1426,1337,754,358,396
18,20,061,14,7,7,13,6,7,1,1,0
18,20,071,8525,4365,4160,5806,3005,2801,2719,1360,1359
18,20,072,37,26,11,20,11,9,17,15,2
18,20,077,21,8,13,12,3,9,9,5,4
18,20,078,10,6,4,0,0,0,10,6,4
18,20,079,1,0,1,0,0,0,1,0,1
18,20,082,603,290,313,36,16,20,567,274,293
18,20,086,39,22,17,19,10,9,20,12,8
18,20,090,16,13,3,6,5,1,10,8,2
18,20,091,32,26,6,0,0,0,32,26,6
18,20,094,3,3,0,0,0,0,3,3,0
18,20,095,11,7,4,1,1,0,10,6,4
18,20,101,26,18,8,14,11,3,12,7,5
18,20,103,10,5,5,0,0,0,10,5,5
18,20,110,123,58,65,89,41,48,34,17,17
18,20,111,10,8,2,0,0,0,10,8,2
18,20,113,2810,1465,1345,2023,1075,948,787,390,397
18,20,114,50,23,27,31,14,17,19,9,10
18,20,115,668,327,341,651,315,336,17,12,5
18,20,117,430,222,208,207,105,102,223,117,106
18,20,121,15511,7922,7589,13501,6805,6696,2010,1117,893
18,20,123,7318,3759,3559,5289,2690,2599,2029,1069,960
18,21,001,9038,4929,4109,7838,4279,3559,1200,650,550
18,21,002,1078282,553588,524694,902581,464633,437948,175701,88955,86746
18,21,003,959,477,482,895,444,451,64,33,31
18,21,004,104,79,25,92,68,24,12,11,1
18,21,005,102,70,32,95,65,30,7,5,2
18,21,006,171100,90877,80223,158826,83769,75057,12274,7108,5166
18,21,007,112,87,25,105,82,23,7,5,2
18,21,008,9,8,1,7,7,0,2,1,1
18,21,009,8,1,7,1,1,0,7,0,7
18,21,010,168,99,69,144,84,60,24,15,9
18,21,011,580,419,161,314,233,81,266,186,80
18,21,012,88300,43085,45215,83080,40478,42602,5220,2607,2613
18,21,013,271,203,68,212,165,47,59,38,21
18,21,014,4111,2167,1944,2886,1526,1360,1225,641,584
18,21,015,8261,4348,3913,8063,4229,3834,198,119,79
18,21,016,526,391,135,395,304,91,131,87,44
18,21,017,6,3,3,0,0,0,6,3,3
18,21,018,3437,1803,1634,3408,1784,1624,29,19,10
18,21,019,11,6,5,11,6,5,0,0,0
18,21,020,294,219,75,213,164,49,81,55,26
18,21,021,308,196,112,239,157,82,69,39,30
18,21,022,82,63,19,74,57,17,8,6,2
18,21,023,2,2,0,0,0,0,2,2,0
18,21,024,10,6,4,0,0,0,10,6,4
18,21,026,4,4,0,2,2,0,2,2,0
18,21,027,5,3,2,1,1,0,4,2,2
18,21,028,6,6,0,6,6,0,0,0,0
18,21,030,5,5,0,5,5,0,0,0,0
18,21,032,27,2,25,27,2,25,0,0,0
18,21,033,22338,11115,11223,20753,10290,10463,1585,825,760
18,21,034,1,1,0,0,0,0,1,1,0
18,21,037,1,1,0,1,1,0,0,0,0
18,21,038,5,5,0,5,5,0,0,0,0
18,21,039,18133,9033,9100,17708,8798,8910,425,235,190
18,21,040,86,50,36,51,31,20,35,19,16
18,21,042,5,3,2,5,3,2,0,0,0
18,21,043,73,36,37,69,35,34,4,1,3
18,21,044,148,76,72,148,76,72,0,0,0
18,21,046,69,39,30,66,36,30,3,3,0
18,21,047,9921,5127,4794,9174,4746,4428,747,381,366
18,21,051,3043,1522,1521,2505,1233,1272,538,289,249
18,21,052,1374,738,636,1368,734,634,6,4,2
18,21,053,1,1,0,1,1,0,0,0,0
18,21,054,18,7,11,2,2,0,16,5,11
18,21,055,11130,5649,5481,11018,5626,5392,112,23,89
18,21,061,89,43,46,89,43,46,0,0,0
18,21,064,7,4,3,7,4,3,0,0,0
18,21,068,1,1,0,1,1,0,0,0,0
18,21,071,1186,613,573,1148,594,554,38,19,19
18,21,072,300,161,139,289,153,136,11,8,3
18,21,075,6,4,2,6,4,2,0,0,0
18,21,077,1,0,1,0,0,0,1,0,1
18,21,080,1,1,0,1,1,0,0,0,0
18,21,082,442,216,226,276,141,135,166,75,91
18,21,086,13,7,6,6,4,2,7,3,4
18,21,088,57,31,26,57,31,26,0,0,0
18,21,090,541,288,253,527,278,249,14,10,4
18,21,091,101,48,53,94,42,52,7,6,1
18,21,093,1,1,0,1,1,0,0,0,0
18,21,095,20,10,10,4,3,1,16,7,9
18,21,098,8,4,4,8,4,4,0,0,0
18,21,101,3,3,0,3,3,0,0,0,0
18,21,103,248,130,118,246,128,118,2,2,0
18,21,106,2,1,1,0,0,0,2,1,1
18,21,109,5,5,0,0,0,0,5,5,0
18,21,111,7,4,3,7,4,3,0,0,0
18,21,113,35,23,12,29,17,12,6,6,0
18,21,115,2383,1262,1121,2346,1232,1114,37,30,7
18,21,117,362,182,180,358,180,178,4,2,2
18,21,121,1,0,1,0,0,0,1,0,1
18,21,123,6627,3451,3176,5637,2932,2705,990,519,471
18,22,001,4303,2390,1913,3792,2062,1730,511,328,183
18,22,002,865299,443093,422206,798057,409034,389023,67242,34059,33183
18,22,003,215,129,86,127,72,55,88,57,31
18,22,004,23,23,0,5,5,0,18,18,0
18,22,005,34,21,13,26,14,12,8,7,1
18,22,006,78365,41558,36807,74303,39049,35254,4062,2509,1553
18,22,007,27,21,6,0,0,0,27,21,6
18,22,008,2,2,0,0,0,0,2,2,0
18,22,009,8,4,4,8,4,4,0,0,0
18,22,010,7,6,1,0,0,0,7,6,1
18,22,011,73,61,12,21,16,5,52,45,7
18,22,012,4676,2366,2310,4032,2013,2019,644,353,291
18,22,013,19,18,1,5,5,0,14,13,1
18,22,014,674,384,290,504,281,223,170,103,67
18,22,015,6826,3570,3256,6789,3542,3247,37,28,9
18,22,016,378,261,117,13,8,5,365,253,112
18,22,018,817,441,376,813,437,376,4,4,0
18,22,020,56,33,23,25,11,14,31,22,9
18,22,021,2233,1146,1087,2168,1105,1063,65,41,24
18,22,022,22,19,3,16,14,2,6,5,1
18,22,024,1,1,0,1,1,0,0,0,0
18,22,026,1,1,0,1,1,0,0,0,0
18,22,028,10,5,5,9,4,5,1,1,0
18,22,030,8,3,5,7,2,5,1,1,0
18,22,033,25826,12800,13026,25628,12691,12937,198,109,89
18,22,039,659,347,312,612,322,290,47,25,22
18,22,040,144,75,69,135,69,66,9,6,3
18,22,043,81,49,32,57,32,25,24,17,7
18,22,044,1,1,0,0,0,0,1,1,0
18,22,046,3878,2001,1877,3864,1993,1871,14,8,6
18,22,047,15,8,7,15,8,7,0,0,0
18,22,052,27,16,11,13,8,5,14,8,6
18,22,055,4003,2040,1963,4001,2038,1963,2,2,0
18,22,068,4,3,1,4,3,1,0,0,0
18,22,071,99,59,40,87,50,37,12,9,3
18,22,072,157,76,81,156,75,81,1,1,0
18,22,077,1,1,0,1,1,0,0,0,0
18,22,082,561,291,270,499,264,235,62,27,35
18,22,083,24,13,11,24,13,11,0,0,0
18,22,086,3,3,0,3,3,0,0,0,0
18,22,088,13,8,5,13,8,5,0,0,0
18,22,090,97,54,43,97,54,43,0,0,0
18,22,091,89,52,37,88,51,37,1,1,0
18,22,095,1,1,0,0,0,0,1,1,0
18,22,101,1,1,0,0,0,0,1,1,0
18,22,103,1,1,0,1,1,0,0,0,0
18,22,105,16,6,10,16,6,10,0,0,0
18,22,111,3,3,0,0,0,0,3,3,0
18,22,115,3904,2030,1874,3862,2004,1858,42,26,16
18,22,123,4291,2185,2106,4228,2156,2072,63,29,34
18,23,001,1463,804,659,966,526,440,497,278,219
18,23,002,452968,234333,218635,414371,214695,199676,38597,19638,18959
18,23,003,182,91,91,143,72,71,39,19,20
18,23,005,11,5,6,7,3,4,4,2,2
18,23,006,53275,27738,25537,51053,26519,24534,2222,1219,1003
18,23,007,5,2,3,0,0,0,5,2,3
18,23,010,6,5,1,5,4,1,1,1,0
18,23,011,49,26,23,8,4,4,41,22,19
18,23,012,10742,5164,5578,8897,4229,4668,1845,935,910
18,23,013,12,8,4,1,1,0,11,7,4
18,23,014,341,178,163,180,96,84,161,82,79
18,23,015,2110,1091,1019,2056,1064,992,54,27,27
18,23,016,21,11,10,15,7,8,6,4,2
18,23,018,151,79,72,148,78,70,3,1,2
18,23,019,1,1,0,1,1,0,0,0,0
18,23,020,44,24,20,24,12,12,20,12,8
18,23,021,692,366,326,614,322,292,78,44,34
18,23,022,12,5,7,8,3,5,4,2,2
18,23,024,12,8,4,4,2,2,8,6,2
18,23,033,2913,1386,1527,2729,1298,1431,184,88,96
18,23,034,1,0,1,1,0,1,0,0,0
18,23,035,1,0,1,1,0,1,0,0,0
18,23,039,697,371,326,636,340,296,61,31,30
18,23,040,248,136,112,245,135,110,3,1,2
18,23,043,11,5,6,11,5,6,0,0,0
18,23,046,366,201,165,360,198,162,6,3,3
18,23,047,5,1,4,0,0,0,5,1,4
18,23,052,2,2,0,1,1,0,1,1,0
18,23,055,3598,1873,1725,3572,1863,1709,26,10,16
18,23,071,115,55,60,115,55,60,0,0,0
18,23,072,36,22,14,36,22,14,0,0,0
18,23,082,621,315,306,598,302,296,23,13,10
18,23,086,4,1,3,4,1,3,0,0,0
18,23,087,10,3,7,10,3,7,0,0,0
18,23,088,4,2,2,4,2,2,0,0,0
18,23,115,10018,5109,4909,9992,5099,4893,26,10,16
18,23,123,2125,1092,1033,1971,1023,948,154,69,85
19,01,001,1057,715,342,442,275,167,615,440,175
19,01,002,457380,236427,220953,281243,145527,135716,176137,90900,85237
19,01,003,2375,1240,1135,2300,1191,1109,75,49,26
19,01,004,150,108,42,103,75,28,47,33,14
19,01,005,325,193,132,126,82,44,199,111,88
19,01,006,248347,137700,110647,118389,63619,54770,129958,74081,55877
19,01,007,299,213,86,197,133,64,102,80,22
19,01,008,64,53,11,24,22,2,40,31,9
19,01,009,106,63,43,86,46,40,20,17,3
19,01,010,4592,2572,2020,1907,1038,869,2685,1534,1151
19,01,011,1749,1124,625,1227,772,455,522,352,170
19,01,012,200,141,59,83,51,32,117,90,27
19,01,013,1724,1188,536,1293,836,457,431,352,79
19,01,014,739830,370330,369500,559766,280815,278951,180064,89515,90549
19,01,015,3177,1796,1381,2449,1338,1111,728,458,270
19,01,016,2961,1911,1050,1402,949,453,1559,962,597
19,01,017,1,1,0,1,1,0,0,0,0
19,01,018,16230,8173,8057,15729,7933,7796,501,240,261
19,01,019,174,88,86,92,46,46,82,42,40
19,01,020,1088,779,309,757,523,234,331,256,75
19,01,021,3647,2111,1536,2032,1187,845,1615,924,691
19,01,022,15104,8728,6376,3704,2120,1584,11400,6608,4792
19,01,023,20,13,7,12,6,6,8,7,1
19,01,024,5,4,1,2,2,0,3,2,1
19,01,025,43,27,16,14,8,6,29,19,10
19,01,027,6,5,1,2,2,0,4,3,1
19,01,028,193,99,94,112,50,62,81,49,32
19,01,030,6,3,3,0,0,0,6,3,3
19,01,031,5636,2811,2825,3052,1508,1544,2584,1303,1281
19,01,032,40,19,21,12,7,5,28,12,16
19,01,033,28,15,13,10,5,5,18,10,8
19,01,034,2,0,2,2,0,2,0,0,0
19,01,037,3,2,1,3,2,1,0,0,0
19,01,040,618,339,279,354,202,152,264,137,127
19,01,043,25,16,9,10,8,2,15,8,7
19,01,044,90,50,40,80,42,38,10,8,2
19,01,047,8,5,3,7,4,3,1,1,0
19,01,048,21,10,11,19,8,11,2,2,0
19,01,051,1,1,0,1,1,0,0,0,0
19,01,053,1,1,0,0,0,0,1,1,0
19,01,054,912,454,458,879,440,439,33,14,19
19,01,055,21,13,8,9,5,4,12,8,4
19,01,059,19,14,5,0,0,0,19,14,5
19,01,060,43,21,22,43,21,22,0,0,0
19,01,062,18,8,10,18,8,10,0,0,0
19,01,064,5,3,2,5,3,2,0,0,0
19,01,067,6,5,1,6,5,1,0,0,0
19,01,068,14,7,7,12,6,6,2,1,1
19,01,070,10,6,4,10,6,4,0,0,0
19,01,071,84,49,35,30,14,16,54,35,19
19,01,072,45049,22564,22485,44343,22226,22117,706,338,368
19,01,073,14,14,0,2,2,0,12,12,0
19,01,078,14481,7368,7113,13781,7064,6717,700,304,396
19,01,080,1581,801,780,1466,742,724,115,59,56
19,01,082,201,153,48,50,31,19,151,122,29
19,01,083,599,304,295,599,304,295,0,0,0
19,01,086,2,2,0,0,0,0,2,2,0
19,01,088,36,16,20,25,10,15,11,6,5
19,01,089,7,6,1,0,0,0,7,6,1
19,01,090,7050,3551,3499,6978,3507,3471,72,44,28
19,01,091,745,367,378,739,364,375,6,3,3
19,01,092,2,2,0,2,2,0,0,0,0
19,01,093,1,1,0,1,1,0,0,0,0
19,01,094,2,2,0,0,0,0,2,2,0
19,01,095,28,16,12,21,11,10,7,5,2
19,01,098,6,2,4,0,0,0,6,2,4
19,01,101,6,3,3,1,0,1,5,3,2
19,01,102,982,512,470,981,512,469,1,0,1
19,01,104,1,0,1,1,0,1,0,0,0
19,01,105,86,45,41,86,45,41,0,0,0
19,01,106,1,0,1,0,0,0,1,0,1
19,01,107,2639,1366,1273,2103,1092,1011,536,274,262
19,01,109,1,0,1,1,0,1,0,0,0
19,01,110,2991,1542,1449,2771,1414,1357,220,128,92
19,01,111,1,1,0,0,0,0,1,1,0
19,01,113,8,4,4,6,3,3,2,1,1
19,01,114,6119,3247,2872,1015,516,499,5104,2731,2373
19,01,115,21,15,6,12,7,5,9,8,1
19,01,116,14,8,6,8,5,3,6,3,3
19,01,117,20,10,10,5,3,2,15,7,8
19,01,118,11,8,3,5,2,3,6,6,0
19,01,122,6,5,1,0,0,0,6,5,1
19,01,123,18003,9055,8948,15682,7828,7854,2321,1227,1094
19,02,001,1262,824,438,940,617,323,322,207,115
19,02,002,2207149,1135517,1071632,1734801,894317,840484,472348,241200,231148
19,02,003,34801,17567,17234,34053,17185,16868,748,382,366
19,02,004,935,758,177,924,753,171,11,5,6
19,02,005,494,290,204,396,242,154,98,48,50
19,02,006,684076,355099,328977,596828,306870,289958,87248,48229,39019
19,02,007,398,284,114,389,282,107,9,2,7
19,02,008,58,29,29,50,26,24,8,3,5
19,02,009,46,29,17,45,29,16,1,0,1
19,02,010,3516,1928,1588,2602,1422,1180,914,506,408
19,02,011,1266,829,437,1067,710,357,199,119,80
19,02,012,220,150,70,184,128,56,36,22,14
19,02,013,2900,2164,736,2750,2086,664,150,78,72
19,02,014,234500,116839,117661,204908,101846,103062,29592,14993,14599
19,02,015,7328,3866,3462,6736,3516,3220,592,350,242
19,02,016,2260,1394,866,1704,1105,599,556,289,267
19,02,017,45,26,19,33,20,13,12,6,6
19,02,018,34030,17308,16722,32879,16727,16152,1151,581,570
19,02,019,78,45,33,55,28,27,23,17,6
19,02,020,925,663,262,860,622,238,65,41,24
19,02,021,13398,7968,5430,10801,6494,4307,2597,1474,1123
19,02,022,10805,5707,5098,6588,3427,3161,4217,2280,1937
19,02,023,33,19,14,15,9,6,18,10,8
19,02,024,19,14,5,16,11,5,3,3,0
19,02,025,45,27,18,44,26,18,1,1,0
19,02,027,57,43,14,57,43,14,0,0,0
19,02,028,173,86,87,149,74,75,24,12,12
19,02,030,20,12,8,19,12,7,1,0,1
19,02,031,679,364,315,464,243,221,215,121,94
19,02,032,379,178,201,379,178,201,0,0,0
19,02,033,7,6,1,7,6,1,0,0,0
19,02,036,1,1,0,1,1,0,0,0,0
19,02,040,133,79,54,98,60,38,35,19,16
19,02,042,2,1,1,2,1,1,0,0,0
19,02,043,895,439,456,869,430,439,26,9,17
19,02,044,144,66,78,143,66,77,1,0,1
19,02,046,12,6,6,11,6,5,1,0,1
19,02,047,12,9,3,12,9,3,0,0,0
19,02,048,769,405,364,758,399,359,11,6,5
19,02,051,8,5,3,8,5,3,0,0,0
19,02,052,8,5,3,8,5,3,0,0,0
19,02,053,2,1,1,2,1,1,0,0,0
19,02,054,4959,2555,2404,4899,2523,2376,60,32,28
19,02,055,16,7,9,14,5,9,2,2,0
19,02,056,49,28,21,49,28,21,0,0,0
19,02,059,8,4,4,8,4,4,0,0,0
19,02,060,36,20,16,36,20,16,0,0,0
19,02,061,677,342,335,677,342,335,0,0,0
19,02,062,282,144,138,282,144,138,0,0,0
19,02,064,5,3,2,5,3,2,0,0,0
19,02,065,2,1,1,2,1,1,0,0,0
19,02,066,8,6,2,8,6,2,0,0,0
19,02,067,15,8,7,15,8,7,0,0,0
19,02,068,42,18,24,42,18,24,0,0,0
19,02,069,92,35,57,92,35,57,0,0,0
19,02,071,136,83,53,136,83,53,0,0,0
19,02,072,89731,45716,44015,87576,44538,43038,2155,1178,977
19,02,075,4,2,2,4,2,2,0,0,0
19,02,078,161,79,82,120,60,60,41,19,22
19,02,080,796,383,413,730,350,380,66,33,33
19,02,081,28,21,7,28,21,7,0,0,0
19,02,082,124,92,32,116,88,28,8,4,4
19,02,083,50,25,25,50,25,25,0,0,0
19,02,087,15,7,8,15,7,8,0,0,0
19,02,088,137,78,59,134,75,59,3,3,0
19,02,089,7,6,1,7,6,1,0,0,0
19,02,090,22819,11586,11233,22432,11383,11049,387,203,184
19,02,091,5931,2978,2953,4830,2446,2384,1101,532,569
19,02,092,20,9,11,20,9,11,0,0,0
19,02,093,10,5,5,10,5,5,0,0,0
19,02,094,7,6,1,7,6,1,0,0,0
19,02,095,14,6,8,14,6,8,0,0,0
19,02,096,188,92,96,188,92,96,0,0,0
19,02,097,4,2,2,4,2,2,0,0,0
19,02,098,854,430,424,854,430,424,0,0,0
19,02,101,10244,5178,5066,10212,5158,5054,32,20,12
19,02,102,154,74,80,154,74,80,0,0,0
19,02,103,3,3,0,3,3,0,0,0,0
19,02,104,6,4,2,6,4,2,0,0,0
19,02,105,138,68,70,138,68,70,0,0,0
19,02,106,9,9,0,9,9,0,0,0,0
19,02,107,262,130,132,162,75,87,100,55,45
19,02,108,1,1,0,1,1,0,0,0,0
19,02,110,1887,962,925,1402,713,689,485,249,236
19,02,111,15,12,3,15,12,3,0,0,0
19,02,114,918,460,458,691,344,347,227,116,111
19,02,115,9,6,3,3,3,0,6,3,3
19,02,116,12,7,5,12,7,5,0,0,0
19,02,118,1,1,0,1,1,0,0,0,0
19,02,122,8,5,3,8,5,3,0,0,0
19,02,123,16391,8398,7993,15415,7871,7544,976,527,449
19,03,001,586,387,199,492,333,159,94,54,40
19,03,002,2406090,1230639,1175451,2207890,1130785,1077105,198200,99854,98346
19,03,003,178,88,90,66,41,25,112,47,65
19,03,004,150,121,29,133,104,29,17,17,0
19,03,005,554,306,248,519,288,231,35,18,17
19,03,006,47178,26242,20936,23590,13370,10220,23588,12872,10716
19,03,007,116,101,15,100,89,11,16,12,4
19,03,008,51,50,1,43,43,0,8,7,1
19,03,010,159,94,65,70,44,26,89,50,39
19,03,011,267,205,62,202,159,43,65,46,19
19,03,012,41,28,13,30,24,6,11,4,7
19,03,013,199,159,40,156,134,22,43,25,18
19,03,014,1681,905,776,447,264,183,1234,641,593
19,03,015,275,187,88,204,141,63,71,46,25
19,03,016,391,300,91,279,228,51,112,72,40
19,03,018,1345,702,643,1090,564,526,255,138,117
19,03,020,107,84,23,81,65,16,26,19,7
19,03,021,14122,8551,5571,12773,7776,4997,1349,775,574
19,03,022,298,166,132,164,93,71,134,73,61
19,03,023,2,1,1,2,1,1,0,0,0
19,03,024,2,2,0,0,0,0,2,2,0
19,03,025,11,6,5,11,6,5,0,0,0
19,03,028,20,8,12,20,8,12,0,0,0
19,03,031,11,8,3,0,0,0,11,8,3
19,03,037,2,1,1,2,1,1,0,0,0
19,03,040,53,21,32,51,21,30,2,0,2
19,03,043,410,196,214,385,183,202,25,13,12
19,03,048,8,3,5,8,3,5,0,0,0
19,03,053,1,1,0,1,1,0,0,0,0
19,03,054,40,19,21,40,19,21,0,0,0
19,03,061,566,279,287,560,275,285,6,4,2
19,03,062,3,1,2,0,0,0,3,1,2
19,03,072,1777,976,801,1728,952,776,49,24,25
19,03,078,4,1,3,1,1,0,3,0,3
19,03,082,5,3,2,1,1,0,4,2,2
19,03,083,2,1,1,2,1,1,0,0,0
19,03,090,770,397,373,769,396,373,1,1,0
19,03,091,2,2,0,2,2,0,0,0,0
19,03,093,27,13,14,27,13,14,0,0,0
19,03,098,199,110,89,199,110,89,0,0,0
19,03,101,712,364,348,689,352,337,23,12,11
19,03,107,1,1,0,0,0,0,1,1,0
19,03,110,5,3,2,5,3,2,0,0,0
19,03,113,1,1,0,1,1,0,0,0,0
19,03,114,14,7,7,4,3,1,10,4,6
19,03,115,5,4,1,5,4,1,0,0,0
19,03,123,714,350,364,695,339,356,19,11,8
19,04,001,208,144,64,196,138,58,12,6,6
19,04,002,1675374,864735,810639,1437654,739496,698158,237720,125239,112481
19,04,003,33,18,15,26,15,11,7,3,4
19,04,004,104,88,16,104,88,16,0,0,0
19,04,005,120,87,33,50,47,3,70,40,30
19,04,006,399654,206333,193321,354440,182278,172162,45214,24055,21159
19,04,007,92,71,21,88,69,19,4,2,2
19,04,008,16,16,0,11,11,0,5,5,0
19,04,010,1664,867,797,1519,787,732,145,80,65
19,04,011,224,152,72,221,150,71,3,2,1
19,04,012,11,7,4,10,7,3,1,0,1
19,04,013,881,476,405,808,435,373,73,41,32
19,04,014,2004,1121,883,1097,608,489,907,513,394
19,04,015,1172,625,547,1067,562,505,105,63,42
19,04,016,510,335,175,453,299,154,57,36,21
19,04,018,98777,49825,48952,97149,48904,48245,1628,921,707
19,04,019,238,117,121,234,116,118,4,1,3
19,04,020,89,72,17,79,66,13,10,6,4
19,04,021,8717,4660,4057,7865,4198,3667,852,462,390
19,04,022,240541,124116,116425,233079,120168,112911,7462,3948,3514
19,04,028,143,75,68,116,60,56,27,15,12
19,04,031,60,31,29,58,29,29,2,2,0
19,04,032,383,200,183,383,200,183,0,0,0
19,04,038,2,2,0,2,2,0,0,0,0
19,04,040,123,86,37,111,79,32,12,7,5
19,04,043,1,1,0,1,1,0,0,0,0
19,04,044,2,1,1,2,1,1,0,0,0
19,04,048,20,9,11,20,9,11,0,0,0
19,04,054,40,16,24,40,16,24,0,0,0
19,04,062,880,438,442,880,438,442,0,0,0
19,04,068,2,1,1,2,1,1,0,0,0
19,04,071,8,7,1,8,7,1,0,0,0
19,04,072,7138,3698,3440,7086,3666,3420,52,32,20
19,04,078,1,1,0,1,1,0,0,0,0
19,04,086,3,3,0,3,3,0,0,0,0
19,04,088,117,59,58,117,59,58,0,0,0
19,04,089,1,0,1,1,0,1,0,0,0
19,04,090,698,352,346,685,348,337,13,4,9
19,04,091,267,143,124,248,131,117,19,12,7
19,04,098,8,3,5,0,0,0,8,3,5
19,04,110,1,1,0,1,1,0,0,0,0
19,04,115,1,0,1,1,0,1,0,0,0
19,04,123,1466,745,721,1435,730,705,31,15,16
19,05,001,174,112,62,172,110,62,2,2,0
19,05,002,1237983,634668,603315,1056059,542218,513841,181924,92450,89474
19,05,003,3,3,0,3,3,0,0,0,0
19,05,004,36,30,6,36,30,6,0,0,0
19,05,005,291,152,139,277,142,135,14,10,4
19,05,006,50876,26753,24123,42601,22217,20384,8275,4536,3739
19,05,007,43,30,13,41,30,11,2,0,2
19,05,008,1,1,0,1,1,0,0,0,0
19,05,010,114,82,32,60,44,16,54,38,16
19,05,011,144,82,62,137,81,56,7,1,6
19,05,012,12,10,2,12,10,2,0,0,0
19,05,013,1085,575,510,1074,566,508,11,9,2
19,05,014,634,351,283,267,160,107,367,191,176
19,05,015,695,353,342,665,334,331,30,19,11
19,05,016,123,88,35,97,71,26,26,17,9
19,05,017,36,20,16,36,20,16,0,0,0
19,05,018,157213,79318,77895,152610,76943,75667,4603,2375,2228
19,05,020,60,39,21,59,38,21,1,1,0
19,05,021,5138,2924,2214,4317,2440,1877,821,484,337
19,05,022,207,117,90,190,114,76,17,3,14
19,05,023,8,4,4,8,4,4,0,0,0
19,05,028,117,60,57,117,60,57,0,0,0
19,05,032,1195,601,594,1195,601,594,0,0,0
19,05,040,14,4,10,13,3,10,1,1,0
19,05,043,41,24,17,41,24,17,0,0,0
19,05,044,46,20,26,46,20,26,0,0,0
19,05,045,10,5,5,10,5,5,0,0,0
19,05,048,180,96,84,177,94,83,3,2,1
19,05,054,11,6,5,9,4,5,2,2,0
19,05,055,12,6,6,12,6,6,0,0,0
19,05,061,318,153,165,318,153,165,0,0,0
19,05,062,779,374,405,779,374,405,0,0,0
19,05,072,29123,14917,14206,28671,14641,14030,452,276,176
19,05,078,10,4,6,10,4,6,0,0,0
19,05,083,19,10,9,19,10,9,0,0,0
19,05,088,4,2,2,4,2,2,0,0,0
19,05,090,9135,4634,4501,9008,4572,4436,127,62,65
19,05,091,1879,935,944,1876,934,942,3,1,2
19,05,098,837,437,400,837,437,400,0,0,0
19,05,113,76,39,37,76,39,37,0,0,0
19,05,114,1,0,1,1,0,1,0,0,0
19,05,115,7,5,2,7,5,2,0,0,0
19,05,123,4488,2291,2197,4376,2232,2144,112,59,53
19,06,001,227,147,80,194,128,66,33,19,14
19,06,002,2906526,1493789,1412737,2685457,1380737,1304720,221069,113052,108017
19,06,003,23,10,13,14,6,8,9,4,5
19,06,004,137,120,17,137,120,17,0,0,0
19,06,005,137,81,56,43,31,12,94,50,44
19,06,006,203016,104321,98695,185904,95142,90762,17112,9179,7933
19,06,007,99,72,27,99,72,27,0,0,0
19,06,008,37,33,4,32,28,4,5,5,0
19,06,010,125,66,59,60,34,26,65,32,33
19,06,011,274,189,85,267,185,82,7,4,3
19,06,012,15,14,1,15,14,1,0,0,0
19,06,013,349,194,155,331,184,147,18,10,8
19,06,014,509,295,214,232,157,75,277,138,139
19,06,015,274,162,112,161,96,65,113,66,47
19,06,016,438,321,117,392,286,106,46,35,11
19,06,018,151396,74962,76434,150342,74427,75915,1054,535,519
19,06,019,4,2,2,4,2,2,0,0,0
19,06,020,106,84,22,98,79,19,8,5,3
19,06,021,10207,6132,4075,9336,5600,3736,871,532,339
19,06,022,344,196,148,302,173,129,42,23,19
19,06,026,3,2,1,3,2,1,0,0,0
19,06,028,78,45,33,77,44,33,1,1,0
19,06,030,1,1,0,1,1,0,0,0,0
19,06,031,3,1,2,3,1,2,0,0,0
19,06,032,796,402,394,795,401,394,1,1,0
19,06,040,73,39,34,71,38,33,2,1,1
19,06,041,96,40,56,96,40,56,0,0,0
19,06,043,4,3,1,1,1,0,3,2,1
19,06,048,56,26,30,56,26,30,0,0,0
19,06,054,6,5,1,6,5,1,0,0,0
19,06,060,16,8,8,16,8,8,0,0,0
19,06,061,1,0,1,1,0,1,0,0,0
19,06,062,2810,1414,1396,2810,1414,1396,0,0,0
19,06,072,9114,4627,4487,9039,4587,4452,75,40,35
19,06,081,1,1,0,1,1,0,0,0,0
19,06,083,233,113,120,233,113,120,0,0,0
19,06,088,5,5,0,5,5,0,0,0,0
19,06,090,1381,687,694,1372,681,691,9,6,3
19,06,091,334,170,164,327,167,160,7,3,4
19,06,098,63,30,33,60,29,31,3,1,2
19,06,115,1,1,0,1,1,0,0,0,0
19,06,123,1150,596,554,1134,588,546,16,8,8
19,07,001,125,79,46,56,40,16,69,39,30
19,07,002,5764774,2950671,2814103,5050200,2588589,2461611,714574,362082,352492
19,07,003,2,1,1,1,1,0,1,0,1
19,07,004,65,49,16,47,42,5,18,7,11
19,07,005,240,136,104,42,29,13,198,107,91
19,07,006,32082,17387,14695,19539,10671,8868,12543,6716,5827
19,07,007,77,72,5,68,66,2,9,6,3
19,07,008,36,28,8,14,11,3,22,17,5
19,07,009,1,1,0,1,1,0,0,0,0
19,07,010,127,76,51,58,34,24,69,42,27
19,07,011,173,118,55,118,95,23,55,23,32
19,07,012,22,11,11,9,7,2,13,4,9
19,07,013,149,102,47,70,49,21,79,53,26
19,07,014,281,164,117,81,58,23,200,106,94
19,07,015,331,214,117,136,98,38,195,116,79
19,07,016,336,232,104,159,140,19,177,92,85
19,07,018,48983,24794,24189,47778,24175,23603,1205,619,586
19,07,019,2,2,0,0,0,0,2,2,0
19,07,020,71,55,16,50,46,4,21,9,12
19,07,021,10215,6497,3718,9214,5889,3325,1001,608,393
19,07,022,3604,1818,1786,1661,846,815,1943,972,971
19,07,023,3,1,2,3,1,2,0,0,0
19,07,024,2,2,0,0,0,0,2,2,0
19,07,026,1,1,0,1,1,0,0,0,0
19,07,028,29,16,13,24,12,12,5,4,1
19,07,033,1,1,0,1,1,0,0,0,0
19,07,038,1,1,0,1,1,0,0,0,0
19,07,040,38,21,17,32,20,12,6,1,5
19,07,043,1,1,0,1,1,0,0,0,0
19,07,044,5,4,1,4,3,1,1,1,0
19,07,048,76,40,36,73,38,35,3,2,1
19,07,062,258,127,131,258,127,131,0,0,0
19,07,064,1,1,0,0,0,0,1,1,0
19,07,072,1984,997,987,1970,992,978,14,5,9
19,07,074,1,1,0,1,1,0,0,0,0
19,07,075,1,1,0,1,1,0,0,0,0
19,07,082,1,1,0,1,1,0,0,0,0
19,07,083,450,219,231,450,219,231,0,0,0
19,07,090,916,496,420,909,490,419,7,6,1
19,07,091,5,3,2,1,1,0,4,2,2
19,07,093,1,1,0,0,0,0,1,1,0
19,07,095,1,1,0,0,0,0,1,1,0
19,07,098,587,290,297,325,155,170,262,135,127
19,07,115,1,1,0,1,1,0,0,0,0
19,07,123,509,266,243,476,243,233,33,23,10
19,08,001,196,108,88,178,101,77,18,7,11
19,08,002,2772232,1422928,1349304,2537551,1302874,1234677,234681,120054,114627
19,08,004,3,2,1,3,2,1,0,0,0
19,08,005,482,249,233,248,127,121,234,122,112
19,08,006,46690,24700,21990,27943,14761,13182,18747,9939,8808
19,08,007,1,1,0,1,1,0,0,0,0
19,08,008,2,2,0,0,0,0,2,2,0
19,08,009,2,2,0,0,0,0,2,2,0
19,08,010,517,278,239,496,264,232,21,14,7
19,08,011,52,27,25,30,18,12,22,9,13
19,08,012,22,12,10,22,12,10,0,0,0
19,08,013,277,148,129,241,130,111,36,18,18
19,08,014,352,227,125,182,120,62,170,107,63
19,08,015,447,253,194,376,209,167,71,44,27
19,08,016,158,90,68,65,36,29,93,54,39
19,08,018,180318,90243,90075,177477,88846,88631,2841,1397,1444
19,08,019,8,4,4,4,2,2,4,2,2
19,08,020,31,23,8,24,19,5,7,4,3
19,08,021,2872,1898,974,2784,1848,936,88,50,38
19,08,022,1141,614,527,753,391,362,388,223,165
19,08,025,1,1,0,1,1,0,0,0,0
19,08,028,40,20,20,38,19,19,2,1,1
19,08,030,1,1,0,1,1,0,0,0,0
19,08,040,25,14,11,22,14,8,3,0,3
19,08,044,52,24,28,52,24,28,0,0,0
19,08,048,40,26,14,40,26,14,0,0,0
19,08,054,20,11,9,6,2,4,14,9,5
19,08,062,5506,2721,2785,5127,2546,2581,379,175,204
19,08,067,174,86,88,174,86,88,0,0,0
19,08,068,15,10,5,0,0,0,15,10,5
19,08,072,3131,1604,1527,2581,1328,1253,550,276,274
19,08,078,2,0,2,2,0,2,0,0,0
19,08,083,119,63,56,119,63,56,0,0,0
19,08,090,31,14,17,31,14,17,0,0,0
19,08,091,11,5,6,6,1,5,5,4,1
19,08,123,451,224,227,424,211,213,27,13,14
19,09,001,1111,679,432,148,92,56,963,587,376
19,09,002,5508382,2841512,2666870,3952359,2033919,1918440,1556023,807593,748430
19,09,003,19,17,2,3,3,0,16,14,2
19,09,004,144,114,30,67,60,7,77,54,23
19,09,005,3448,1868,1580,489,315,174,2959,1553,1406
19,09,006,766959,425541,341418,93335,52265,41070,673624,373276,300348
19,09,007,277,204,73,42,28,14,235,176,59
19,09,008,105,74,31,4,2,2,101,72,29
19,09,009,72,32,40,2,2,0,70,30,40
19,09,010,1338,724,614,274,151,123,1064,573,491
19,09,011,1145,646,499,177,111,66,968,535,433
19,09,012,86,59,27,31,21,10,55,38,17
19,09,013,1144,697,447,425,255,170,719,442,277
19,09,014,6264,3408,2856,846,477,369,5418,2931,2487
19,09,015,18803,12229,6574,3691,2517,1174,15112,9712,5400
19,09,016,16762,8939,7823,878,511,367,15884,8428,7456
19,09,017,10,5,5,1,0,1,9,5,4
19,09,018,346118,173420,172698,276825,138323,138502,69293,35097,34196
19,09,019,299,150,149,0,0,0,299,150,149
19,09,020,1337,793,544,149,96,53,1188,697,491
19,09,021,7230,4262,2968,3641,2270,1371,3589,1992,1597
19,09,022,193704,102421,91283,4482,2411,2071,189222,100010,89212
19,09,023,5,2,3,0,0,0,5,2,3
19,09,024,11,11,0,0,0,0,11,11,0
19,09,025,4,2,2,0,0,0,4,2,2
19,09,027,1,1,0,0,0,0,1,1,0
19,09,028,201,101,100,9,7,2,192,94,98
19,09,030,22,13,9,18,10,8,4,3,1
19,09,031,8,5,3,0,0,0,8,5,3
19,09,032,143,76,67,80,39,41,63,37,26
19,09,038,3,3,0,3,3,0,0,0,0
19,09,040,693,338,355,69,35,34,624,303,321
19,09,041,14,5,9,14,5,9,0,0,0
19,09,043,4,3,1,1,1,0,3,2,1
19,09,044,21,10,11,12,5,7,9,5,4
19,09,048,465,244,221,72,39,33,393,205,188
19,09,052,6,4,2,4,2,2,2,2,0
19,09,053,2,2,0,1,1,0,1,1,0
19,09,054,37,22,15,6,3,3,31,19,12
19,09,055,1,1,0,0,0,0,1,1,0
19,09,056,1,1,0,0,0,0,1,1,0
19,09,059,1,1,0,0,0,0,1,1,0
19,09,061,1,1,0,1,1,0,0,0,0
19,09,062,10432,5228,5204,7024,3522,3502,3408,1706,1702
19,09,068,71,32,39,21,10,11,50,22,28
19,09,072,3699,1882,1817,1239,612,627,2460,1270,1190
19,09,073,5,3,2,0,0,0,5,3,2
19,09,081,1,1,0,0,0,0,1,1,0
19,09,082,2,2,0,1,1,0,1,1,0
19,09,083,44,27,17,39,24,15,5,3,2
19,09,084,9,4,5,9,4,5,0,0,0
19,09,088,327,181,146,15,9,6,312,172,140
19,09,090,1794,940,854,606,318,288,1188,622,566
19,09,091,405,201,204,195,92,103,210,109,101
19,09,092,6,3,3,5,2,3,1,1,0
19,09,093,4,1,3,0,0,0,4,1,3
19,09,094,1,1,0,0,0,0,1,1,0
19,09,098,258,135,123,201,102,99,57,33,24
19,09,100,1,1,0,1,1,0,0,0,0
19,09,101,1,1,0,1,1,0,0,0,0
19,09,109,1,1,0,0,0,0,1,1,0
19,09,113,3,2,1,0,0,0,3,2,1
19,09,114,6,2,4,0,0,0,6,2,4
19,09,115,10,7,3,3,3,0,7,4,3
19,09,116,3,1,2,0,0,0,3,1,2
19,09,123,2030,1080,950,947,506,441,1083,574,509
19,10,001,162,117,45,152,110,42,10,7,3
19,10,002,4510775,2315221,2195554,3564535,1834324,1730211,946240,480897,465343
19,10,003,22,15,7,21,14,7,1,1,0
19,10,004,40,38,2,40,38,2,0,0,0
19,10,005,215,118,97,144,84,60,71,34,37
19,10,006,61756,34350,27406,37281,20705,16576,24475,13645,10830
19,10,007,118,91,27,106,88,18,12,3,9
19,10,008,79,68,11,43,41,2,36,27,9
19,10,009,7,2,5,2,1,1,5,1,4
19,10,010,100,58,42,46,26,20,54,32,22
19,10,011,382,191,191,280,181,99,102,10,92
19,10,012,97,53,44,18,14,4,79,39,40
19,10,013,485,281,204,445,259,186,40,22,18
19,10,014,898,508,390,416,245,171,482,263,219
19,10,015,1440,905,535,466,306,160,974,599,375
19,10,016,380,267,113,257,206,51,123,61,62
19,10,018,16820,8540,8280,11917,6086,5831,4903,2454,2449
19,10,019,4,1,3,0,0,0,4,1,3
19,10,020,197,141,56,164,132,32,33,9,24
19,10,021,3572,2198,1374,2585,1605,980,987,593,394
19,10,022,327,214,113,187,122,65,140,92,48
19,10,023,86,38,48,7,3,4,79,35,44
19,10,028,13,10,3,1,1,0,12,9,3
19,10,031,1,0,1,1,0,1,0,0,0
19,10,032,53,22,31,44,19,25,9,3,6
19,10,037,1,1,0,1,1,0,0,0,0
19,10,040,183,102,81,93,55,38,90,47,43
19,10,043,6,4,2,5,4,1,1,0,1
19,10,048,1,1,0,1,1,0,0,0,0
19,10,053,2,2,0,2,2,0,0,0,0
19,10,054,9,5,4,9,5,4,0,0,0
19,10,055,5,1,4,5,1,4,0,0,0
19,10,062,5,3,2,0,0,0,5,3,2
19,10,072,4514,2283,2231,4294,2156,2138,220,127,93
19,10,075,4,1,3,4,1,3,0,0,0
19,10,078,1,1,0,1,1,0,0,0,0
19,10,082,5,3,2,5,3,2,0,0,0
19,10,083,437,209,228,437,209,228,0,0,0
19,10,088,1,1,0,1,1,0,0,0,0
19,10,090,500,245,255,433,210,223,67,35,32
19,10,091,35,16,19,35,16,19,0,0,0
19,10,098,147,71,76,147,71,76,0,0,0
19,10,114,1,1,0,1,1,0,0,0,0
19,10,115,11,6,5,11,6,5,0,0,0
19,10,116,2,2,0,2,2,0,0,0,0
19,10,123,928,448,480,663,326,337,265,122,143
19,11,001,482,317,165,97,79,18,385,238,147
19,11,002,7851646,4025647,3825999,4032448,2074595,1957853,3819198,1951052,1868146
19,11,003,71,41,30,9,7,2,62,34,28
19,11,004,64,51,13,11,11,0,53,40,13
19,11,005,1936,1011,925,29,21,8,1907,990,917
19,11,006,764897,435454,329443,34884,18994,15890,730013,416460,313553
19,11,007,376,254,122,77,67,10,299,187,112
19,11,008,143,114,29,6,6,0,137,108,29
19,11,009,79,32,47,16,6,10,63,26,37
19,11,010,1817,1070,747,41,22,19,1776,1048,728
19,11,011,1717,1039,678,155,97,58,1562,942,620
19,11,012,91,57,34,9,8,1,82,49,33
19,11,013,682,416,266,68,46,22,614,370,244
19,11,014,7465,4399,3066,352,201,151,7113,4198,2915
19,11,015,31563,19418,12145,1365,783,582,30198,18635,11563
19,11,016,10000,5534,4466,104,67,37,9896,5467,4429
19,11,017,13,7,6,0,0,0,13,7,6
19,11,018,10642,5539,5103,5616,2852,2764,5026,2687,2339
19,11,019,388,199,189,1,0,1,387,199,188
19,11,020,2354,1436,918,173,118,55,2181,1318,863
19,11,021,21527,11528,9999,2759,1588,1171,18768,9940,8828
19,11,022,219459,121564,97895,2823,1443,1380,216636,120121,96515
19,11,023,2,2,0,0,0,0,2,2,0
19,11,024,7,7,0,0,0,0,7,7,0
19,11,025,2,1,1,0,0,0,2,1,1
19,11,026,1,0,1,0,0,0,1,0,1
19,11,027,10,8,2,0,0,0,10,8,2
19,11,028,105,60,45,7,3,4,98,57,41
19,11,031,33,19,14,0,0,0,33,19,14
19,11,032,34,20,14,27,16,11,7,4,3
19,11,033,4,2,2,4,2,2,0,0,0
19,11,037,7,5,2,0,0,0,7,5,2
19,11,039,4,2,2,0,0,0,4,2,2
19,11,040,795,413,382,91,34,57,704,379,325
19,11,042,1,1,0,0,0,0,1,1,0
19,11,043,11,7,4,0,0,0,11,7,4
19,11,044,12,8,4,3,2,1,9,6,3
19,11,047,3,3,0,0,0,0,3,3,0
19,11,048,84,36,48,24,11,13,60,25,35
19,11,053,2,2,0,0,0,0,2,2,0
19,11,054,29,20,9,13,12,1,16,8,8
19,11,055,23,10,13,5,2,3,18,8,10
19,11,064,5,2,3,0,0,0,5,2,3
19,11,066,2,2,0,0,0,0,2,2,0
19,11,070,2,2,0,1,1,0,1,1,0
19,11,071,11,8,3,0,0,0,11,8,3
19,11,072,2251,1161,1090,875,462,413,1376,699,677
19,11,078,21,13,8,4,4,0,17,9,8
19,11,082,34,30,4,0,0,0,34,30,4
19,11,083,8,3,5,0,0,0,8,3,5
19,11,085,5,2,3,0,0,0,5,2,3
19,11,088,12,11,1,1,1,0,11,10,1
19,11,089,1,1,0,0,0,0,1,1,0
19,11,090,525,272,253,228,110,118,297,162,135
19,11,091,44,23,21,10,7,3,34,16,18
19,11,094,1,1,0,0,0,0,1,1,0
19,11,095,17,11,6,0,0,0,17,11,6
19,11,098,77,36,41,5,3,2,72,33,39
19,11,101,1,0,1,0,0,0,1,0,1
19,11,102,1,1,0,0,0,0,1,1,0
19,11,106,6,4,2,0,0,0,6,4,2
19,11,114,7,3,4,0,0,0,7,3,4
19,11,115,25,17,8,0,0,0,25,17,8
19,11,116,3,2,1,0,0,0,3,2,1
19,11,117,2,2,0,0,0,0,2,2,0
19,11,122,5,3,2,0,0,0,5,3,2
19,11,123,2639,1393,1246,998,527,471,1641,866,775
19,12,001,48,24,24,30,12,18,18,12,6
19,12,002,4354426,2207358,2147068,3147932,1592910,1555022,1206494,614448,592046
19,12,003,2,1,1,0,0,0,2,1,1
19,12,004,8,4,4,0,0,0,8,4,4
19,12,005,1951,1015,936,347,198,149,1604,817,787
19,12,006,404057,232068,171989,61728,34546,27182,342329,197522,144807
19,12,007,12,6,6,2,2,0,10,4,6
19,12,008,82,60,22,2,2,0,80,58,22
19,12,009,10,9,1,4,3,1,6,6,0
19,12,010,617,370,247,66,43,23,551,327,224
19,12,011,343,196,147,16,9,7,327,187,140
19,12,012,3,0,3,0,0,0,3,0,3
19,12,013,214,120,94,24,13,11,190,107,83
19,12,014,2235,1293,942,513,305,208,1722,988,734
19,12,015,18863,11586,7277,1133,741,392,17730,10845,6885
19,12,016,2101,1154,947,509,268,241,1592,886,706
19,12,017,6,4,2,6,4,2,0,0,0
19,12,018,137079,67949,69130,131867,65434,66433,5212,2515,2697
19,12,019,15,10,5,0,0,0,15,10,5
19,12,020,823,443,380,107,60,47,716,383,333
19,12,021,12131,6409,5722,2486,1386,1100,9645,5023,4622
19,12,022,100843,56442,44401,3398,1838,1560,97445,54604,42841
19,12,024,15,15,0,0,0,0,15,15,0
19,12,028,85,58,27,14,8,6,71,50,21
19,12,030,1,1,0,1,1,0,0,0,0
19,12,032,17,10,7,14,8,6,3,2,1
19,12,040,249,120,129,64,35,29,185,85,100
19,12,043,2,0,2,0,0,0,2,0,2
19,12,048,90,40,50,90,40,50,0,0,0
19,12,053,1,1,0,0,0,0,1,1,0
19,12,054,24,10,14,2,1,1,22,9,13
19,12,055,7,4,3,0,0,0,7,4,3
19,12,056,3,3,0,0,0,0,3,3,0
19,12,059,4,1,3,0,0,0,4,1,3
19,12,062,1111,557,554,940,475,465,171,82,89
19,12,067,5,3,2,0,0,0,5,3,2
19,12,071,2,2,0,0,0,0,2,2,0
19,12,072,1746,886,860,1319,682,637,427,204,223
19,12,081,1,1,0,0,0,0,1,1,0
19,12,082,12,12,0,0,0,0,12,12,0
19,12,087,4,3,1,0,0,0,4,3,1
19,12,090,714,341,373,488,245,243,226,96,130
19,12,091,350,173,177,340,167,173,10,6,4
19,12,098,2,2,0,0,0,0,2,2,0
19,12,105,3,2,1,3,2,1,0,0,0
19,12,106,9,9,0,0,0,0,9,9,0
19,12,111,1,1,0,0,0,0,1,1,0
19,12,113,1,1,0,0,0,0,1,1,0
19,12,117,1,1,0,0,0,0,1,1,0
19,12,121,1,1,0,0,0,0,1,1,0
19,12,123,1646,846,800,782,393,389,864,453,411
19,13,001,49,31,18,46,28,18,3,3,0
19,13,002,2869746,1471727,1398019,2642637,1355639,1286998,227109,116088,111021
19,13,005,1520,766,754,1293,657,636,227,109,118
19,13,006,50024,26526,23498,44017,23199,20818,6007,3327,2680
19,13,007,3,3,0,3,3,0,0,0,0
19,13,008,2,2,0,0,0,0,2,2,0
19,13,010,54,44,10,1,1,0,53,43,10
19,13,011,33,29,4,28,25,3,5,4,1
19,13,012,9,6,3,4,2,2,5,4,1
19,13,013,61,40,21,33,19,14,28,21,7
19,13,014,223,138,85,104,67,37,119,71,48
19,13,015,735,447,288,481,320,161,254,127,127
19,13,016,245,134,111,222,119,103,23,15,8
19,13,018,263951,132787,131164,262842,132216,130626,1109,571,538
19,13,020,45,23,22,40,19,21,5,4,1
19,13,021,2713,1594,1119,2539,1506,1033,174,88,86
19,13,022,1264,692,572,1177,637,540,87,55,32
19,13,027,2,2,0,0,0,0,2,2,0
19,13,028,109,55,54,108,55,53,1,0,1
19,13,030,11,5,6,11,5,6,0,0,0
19,13,032,75,47,28,75,47,28,0,0,0
19,13,035,1,1,0,0,0,0,1,1,0
19,13,040,41,17,24,17,8,9,24,9,15
19,13,054,41,33,8,41,33,8,0,0,0
19,13,062,302,147,155,302,147,155,0,0,0
19,13,072,121,59,62,120,58,62,1,1,0
19,13,090,346,169,177,342,167,175,4,2,2
19,13,091,398,207,191,398,207,191,0,0,0
19,13,098,153,74,79,153,74,79,0,0,0
19,13,105,247,114,133,247,114,133,0,0,0
19,13,123,171,83,88,166,78,88,5,5,0
19,14,001,9,6,3,5,3,2,4,3,1
19,14,002,1943888,996203,947685,1751382,896347,855035,192506,99856,92650
19,14,003,4,1,3,0,0,0,4,1,3
19,14,005,455,234,221,176,86,90,279,148,131
19,14,006,255584,130257,125327,215377,108989,106388,40207,21268,18939
19,14,007,16,13,3,0,0,0,16,13,3
19,14,008,4,2,2,4,2,2,0,0,0
19,14,009,7,3,4,7,3,4,0,0,0
19,14,010,135,71,64,12,6,6,123,65,58
19,14,011,51,27,24,10,5,5,41,22,19
19,14,012,60,51,9,60,51,9,0,0,0
19,14,013,125,91,34,11,6,5,114,85,29
19,14,014,580,315,265,165,102,63,415,213,202
19,14,015,2440,1235,1205,282,141,141,2158,1094,1064
19,14,016,504,278,226,60,38,22,444,240,204
19,14,018,292036,148030,144006,289245,146529,142716,2791,1501,1290
19,14,020,124,63,61,20,8,12,104,55,49
19,14,021,5055,2647,2408,1535,874,661,3520,1773,1747
19,14,022,27041,14281,12760,14709,7770,6939,12332,6511,5821
19,14,026,2,1,1,2,1,1,0,0,0
19,14,028,38,19,19,38,19,19,0,0,0
19,14,030,2,0,2,2,0,2,0,0,0
19,14,031,3,3,0,3,3,0,0,0,0
19,14,032,848,426,422,844,424,420,4,2,2
19,14,040,344,168,176,136,71,65,208,97,111
19,14,048,35,18,17,11,6,5,24,12,12
19,14,052,8,5,3,8,5,3,0,0,0
19,14,054,1011,497,514,1007,494,513,4,3,1
19,14,055,32,14,18,32,14,18,0,0,0
19,14,056,4,3,1,4,3,1,0,0,0
19,14,062,171,88,83,165,84,81,6,4,2
19,14,068,1,1,0,1,1,0,0,0,0
19,14,072,164,86,78,134,69,65,30,17,13
19,14,088,26,10,16,0,0,0,26,10,16
19,14,090,815,439,376,801,433,368,14,6,8
19,14,091,1780,900,880,1764,895,869,16,5,11
19,14,098,186,92,94,180,89,91,6,3,3
19,14,105,853,438,415,853,438,415,0,0,0
19,14,123,2075,1062,1013,2045,1045,1000,30,17,13
19,15,001,1311,711,600,1173,612,561,138,99,39
19,15,002,8694662,4453222,4241440,7899817,4043690,3856127,794845,409532,385313
19,15,003,61,39,22,47,27,20,14,12,2
19,15,004,19,15,4,17,13,4,2,2,0
19,15,005,1432,754,678,371,190,181,1061,564,497
19,15,006,208607,109189,99418,133362,68636,64726,75245,40553,34692
19,15,007,197,128,69,67,42,25,130,86,44
19,15,008,47,34,13,14,11,3,33,23,10
19,15,009,110,49,61,65,29,36,45,20,25
19,15,010,426,228,198,75,46,29,351,182,169
19,15,011,707,433,274,220,145,75,487,288,199
19,15,012,5,3,2,4,2,2,1,1,0
19,15,013,2692,1368,1324,196,101,95,2496,1267,1229
19,15,014,8348,4495,3853,6434,3497,2937,1914,998,916
19,15,015,35961,13941,22020,17490,4327,13163,18471,9614,8857
19,15,016,3334,1785,1549,325,207,118,3009,1578,1431
19,15,017,11,7,4,9,5,4,2,2,0
19,15,018,480670,242604,238066,468873,236532,232341,11797,6072,5725
19,15,019,83,41,42,8,5,3,75,36,39
19,15,020,2169,1132,1037,240,134,106,1929,998,931
19,15,021,55842,28651,27191,8571,4827,3744,47271,23824,23447
19,15,022,59964,30326,29638,38263,19038,19225,21701,11288,10413
19,15,024,3,3,0,0,0,0,3,3,0
19,15,028,992,526,466,949,498,451,43,28,15
19,15,030,32,11,21,26,9,17,6,2,4
19,15,031,12,11,1,12,11,1,0,0,0
19,15,032,2307,1143,1164,2257,1119,1138,50,24,26
19,15,037,2,2,0,2,2,0,0,0,0
19,15,040,1230,606,624,216,110,106,1014,496,518
19,15,043,41,20,21,41,20,21,0,0,0
19,15,044,3,1,2,0,0,0,3,1,2
19,15,048,1831,933,898,1776,906,870,55,27,28
19,15,053,2,1,1,0,0,0,2,1,1
19,15,054,55,32,23,35,21,14,20,11,9
19,15,055,1,0,1,0,0,0,1,0,1
19,15,058,6,2,4,0,0,0,6,2,4
19,15,060,2,0,2,0,0,0,2,0,2
19,15,061,3,2,1,3,2,1,0,0,0
19,15,062,10639,5357,5282,10298,5197,5101,341,160,181
19,15,065,3,2,1,3,2,1,0,0,0
19,15,071,4,2,2,0,0,0,4,2,2
19,15,072,212,112,100,30,21,9,182,91,91
19,15,073,25,13,12,25,13,12,0,0,0
19,15,078,8,5,3,8,5,3,0,0,0
19,15,079,5,2,3,0,0,0,5,2,3
19,15,082,6,4,2,0,0,0,6,4,2
19,15,088,20,10,10,8,4,4,12,6,6
19,15,090,12867,6520,6347,12557,6356,6201,310,164,146
19,15,091,19998,10016,9982,19889,9960,9929,109,56,53
19,15,098,12,9,3,0,0,0,12,9,3
19,15,105,369,182,187,369,182,187,0,0,0
19,15,113,27,16,11,27,16,11,0,0,0
19,15,114,1,1,0,0,0,0,1,1,0
19,15,115,3,2,1,0,0,0,3,2,1
19,15,116,3,1,2,3,1,2,0,0,0
19,15,123,3406,1668,1738,2708,1349,1359,698,319,379
19,16,001,46,33,13,8,3,5,38,30,8
19,16,002,3608578,1850784,1757794,2103707,1073582,1030125,1504871,777202,727669
19,16,003,3,2,1,2,1,1,1,1,0
19,16,004,6,4,2,0,0,0,6,4,2
19,16,005,3172,1653,1519,40,15,25,3132,1638,1494
19,16,006,463560,276990,186570,8880,5267,3613,454680,271723,182957
19,16,007,31,20,11,0,0,0,31,20,11
19,16,008,67,49,18,8,6,2,59,43,16
19,16,009,5,2,3,0,0,0,5,2,3
19,16,010,1486,897,589,18,11,7,1468,886,582
19,16,011,316,160,156,1,0,1,315,160,155
19,16,012,15,10,5,0,0,0,15,10,5
19,16,013,258,148,110,3,1,2,255,147,108
19,16,014,2682,1548,1134,55,36,19,2627,1512,1115
19,16,015,20495,13803,6692,594,379,215,19901,13424,6477
19,16,016,4455,2506,1949,158,100,58,4297,2406,1891
19,16,017,1,1,0,0,0,0,1,1,0
19,16,018,6274,3259,3015,2731,1341,1390,3543,1918,1625
19,16,019,38,22,16,1,1,0,37,21,16
19,16,020,877,470,407,14,8,6,863,462,401
19,16,021,18858,10188,8670,3699,2129,1570,15159,8059,7100
19,16,022,137934,77364,60570,149,99,50,137785,77265,60520
19,16,024,18,18,0,0,0,0,18,18,0
19,16,028,204,115,89,10,7,3,194,108,86
19,16,031,11,6,5,0,0,0,11,6,5
19,16,032,7,4,3,0,0,0,7,4,3
19,16,033,1,1,0,0,0,0,1,1,0
19,16,040,824,471,353,31,17,14,793,454,339
19,16,043,1,0,1,0,0,0,1,0,1
19,16,048,472,170,302,451,156,295,21,14,7
19,16,053,1,1,0,0,0,0,1,1,0
19,16,054,35,17,18,19,8,11,16,9,7
19,16,055,1,1,0,0,0,0,1,1,0
19,16,062,15,8,7,4,2,2,11,6,5
19,16,072,846,414,432,29,12,17,817,402,415
19,16,082,8,7,1,0,0,0,8,7,1
19,16,088,5,4,1,0,0,0,5,4,1
19,16,089,13,5,8,0,0,0,13,5,8
19,16,090,394,205,189,210,115,95,184,90,94
19,16,091,153,60,93,134,53,81,19,7,12
19,16,098,4,4,0,0,0,0,4,4,0
19,16,123,929,474,455,153,61,92,776,413,363
19,17,001,696,403,293,0,0,0,696,403,293
19,17,002,2836674,1462178,1374496,0,0,0,2836674,1462178,1374496
19,17,003,50,29,21,0,0,0,50,29,21
19,17,004,145,98,47,0,0,0,145,98,47
19,17,005,29890,15178,14712,0,0,0,29890,15178,14712
19,17,006,954102,585289,368813,0,0,0,954102,585289,368813
19,17,007,578,303,275,0,0,0,578,303,275
19,17,008,273,196,77,0,0,0,273,196,77
19,17,009,503,239,264,0,0,0,503,239,264
19,17,010,4916,3372,1544,0,0,0,4916,3372,1544
19,17,011,7356,3910,3446,0,0,0,7356,3910,3446
19,17,012,162,97,65,0,0,0,162,97,65
19,17,013,1847,1026,821,0,0,0,1847,1026,821
19,17,014,12492,7249,5243,0,0,0,12492,7249,5243
19,17,015,37514,27979,9535,0,0,0,37514,27979,9535
19,17,016,21708,11786,9922,0,0,0,21708,11786,9922
19,17,017,10,8,2,0,0,0,10,8,2
19,17,018,1931,1194,737,0,0,0,1931,1194,737
19,17,019,4236,2054,2182,0,0,0,4236,2054,2182
19,17,020,9358,4832,4526,0,0,0,9358,4832,4526
19,17,021,9288,4928,4360,0,0,0,9288,4928,4360
19,17,022,623620,359884,263736,0,0,0,623620,359884,263736
19,17,024,23,21,2,0,0,0,23,21,2
19,17,026,1,1,0,0,0,0,1,1,0
19,17,027,14,7,7,0,0,0,14,7,7
19,17,028,291,193,98,0,0,0,291,193,98
19,17,030,6,3,3,0,0,0,6,3,3
19,17,031,51,32,19,0,0,0,51,32,19
19,17,032,8,5,3,0,0,0,8,5,3
19,17,037,5,3,2,0,0,0,5,3,2
19,17,040,9892,4779,5113,0,0,0,9892,4779,5113
19,17,042,1,1,0,0,0,0,1,1,0
19,17,043,15,5,10,0,0,0,15,5,10
19,17,047,8,8,0,0,0,0,8,8,0
19,17,048,25,14,11,0,0,0,25,14,11
19,17,053,12,6,6,0,0,0,12,6,6
19,17,054,46,19,27,0,0,0,46,19,27
19,17,055,75,36,39,0,0,0,75,36,39
19,17,058,4,2,2,0,0,0,4,2,2
19,17,059,4,2,2,0,0,0,4,2,2
19,17,060,4,3,1,0,0,0,4,3,1
19,17,061,17,9,8,0,0,0,17,9,8
19,17,062,7,1,6,0,0,0,7,1,6
19,17,065,3,1,2,0,0,0,3,1,2
19,17,066,1,1,0,0,0,0,1,1,0
19,17,070,1,1,0,0,0,0,1,1,0
19,17,071,6,4,2,0,0,0,6,4,2
19,17,072,465,220,245,0,0,0,465,220,245
19,17,075,21,10,11,0,0,0,21,10,11
19,17,078,42,17,25,0,0,0,42,17,25
19,17,081,2,1,1,0,0,0,2,1,1
19,17,082,87,44,43,0,0,0,87,44,43
19,17,088,55,31,24,0,0,0,55,31,24
19,17,090,194,112,82,0,0,0,194,112,82
19,17,091,127,80,47,0,0,0,127,80,47
19,17,093,6,3,3,0,0,0,6,3,3
19,17,095,6,6,0,0,0,0,6,6,0
19,17,098,18,10,8,0,0,0,18,10,8
19,17,099,1,1,0,0,0,0,1,1,0
19,17,101,1,0,1,0,0,0,1,0,1
19,17,106,7,5,2,0,0,0,7,5,2
19,17,110,13,7,6,0,0,0,13,7,6
19,17,111,10,5,5,0,0,0,10,5,5
19,17,113,5,2,3,0,0,0,5,2,3
19,17,114,40,16,24,0,0,0,40,16,24
19,17,115,4,4,0,0,0,0,4,4,0
19,17,116,47,28,19,0,0,0,47,28,19
19,17,117,6,3,3,0,0,0,6,3,3
19,17,123,3850,2046,1804,0,0,0,3850,2046,1804
19,18,001,86,67,19,67,54,13,19,13,6
19,18,002,6762970,3481784,3281186,5779423,2973892,2805531,983547,507892,475655
19,18,003,7,4,3,1,1,0,6,3,3
19,18,005,264,142,122,42,27,15,222,115,107
19,18,006,105634,61896,43738,27039,15428,11611,78595,46468,32127
19,18,007,22,15,7,13,9,4,9,6,3
19,18,008,17,13,4,7,4,3,10,9,1
19,18,009,12,8,4,12,8,4,0,0,0
19,18,010,361,219,142,114,75,39,247,144,103
19,18,011,844,437,407,124,65,59,720,372,348
19,18,012,4,4,0,0,0,0,4,4,0
19,18,013,104,66,38,58,38,20,46,28,18
19,18,014,1747,1011,736,392,228,164,1355,783,572
19,18,015,4878,3125,1753,1195,810,385,3683,2315,1368
19,18,016,1286,751,535,161,107,54,1125,644,481
19,18,017,5,2,3,0,0,0,5,2,3
19,18,018,3300,1758,1542,2668,1417,1251,632,341,291
19,18,019,182,105,77,15,9,6,167,96,71
19,18,020,477,258,219,125,84,41,352,174,178
19,18,021,4237,2525,1712,3253,2000,1253,984,525,459
19,18,022,17539,9437,8102,3837,2046,1791,13702,7391,6311
19,18,024,6,6,0,0,0,0,6,6,0
19,18,025,2,2,0,2,2,0,0,0,0
19,18,028,82,35,47,50,17,33,32,18,14
19,18,030,1,1,0,0,0,0,1,1,0
19,18,032,19,7,12,6,3,3,13,4,9
19,18,037,1,0,1,1,0,1,0,0,0
19,18,040,353,210,143,154,100,54,199,110,89
19,18,048,62,31,31,1,0,1,61,31,30
19,18,054,1,1,0,1,1,0,0,0,0
19,18,055,6,2,4,6,2,4,0,0,0
19,18,067,1,1,0,1,1,0,0,0,0
19,18,068,1,1,0,1,1,0,0,0,0
19,18,072,244,122,122,232,115,117,12,7,5
19,18,082,4,1,3,4,1,3,0,0,0
19,18,084,1,1,0,1,1,0,0,0,0
19,18,090,913,434,479,835,403,432,78,31,47
19,18,091,107,51,56,102,49,53,5,2,3
19,18,098,259,133,126,252,130,122,7,3,4
19,18,101,2,2,0,2,2,0,0,0,0
19,18,123,648,325,323,272,140,132,376,185,191
20,01,001,2,2,0,0,0,0,2,2,0
20,01,002,235,130,105,85,47,38,150,83,67
20,01,003,9,4,5,1,0,1,8,4,4
20,01,005,10,7,3,3,2,1,7,5,2
20,01,006,938185,485329,452856,900962,465306,435656,37223,20023,17200
20,01,008,1,1,0,0,0,0,1,1,0
20,01,009,1,0,1,1,0,1,0,0,0
20,01,010,166,89,77,62,36,26,104,53,51
20,01,011,9,5,4,7,4,3,2,1,1
20,01,013,128,74,54,114,64,50,14,10,4
20,01,014,141,76,65,122,62,60,19,14,5
20,01,015,215,104,111,207,99,108,8,5,3
20,01,016,315,164,151,301,154,147,14,10,4
20,01,017,3,3,0,3,3,0,0,0,0
20,01,018,257,157,100,214,133,81,43,24,19
20,01,019,7,4,3,0,0,0,7,4,3
20,01,020,42,23,19,33,17,16,9,6,3
20,01,021,27,14,13,3,1,2,24,13,11
20,01,022,71423,36750,34673,66829,34332,32497,4594,2418,2176
20,01,028,312,156,156,303,150,153,9,6,3
20,01,030,1,1,0,1,1,0,0,0,0
20,01,040,4,2,2,4,2,2,0,0,0
20,01,044,252,129,123,252,129,123,0,0,0
20,01,048,19,11,8,16,9,7,3,2,1
20,01,054,11,3,8,11,3,8,0,0,0
20,01,062,21,9,12,20,9,11,1,0,1
20,01,068,860,437,423,860,437,423,0,0,0
20,01,072,15538,7869,7669,15389,7803,7586,149,66,83
20,01,090,62,29,33,45,22,23,17,7,10
20,01,091,6755,3520,3235,6570,3416,3154,185,104,81
20,01,098,14,9,5,0,0,0,14,9,5
20,01,123,439,221,218,407,203,204,32,18,14
20,02,001,3,3,0,3,3,0,0,0,0
20,02,002,1126,583,543,330,186,144,796,397,399
20,02,004,7,7,0,7,7,0,0,0,0
20,02,005,115,61,54,52,32,20,63,29,34
20,02,006,1787566,926034,861532,1689240,873575,815665,98326,52459,45867
20,02,007,2,1,1,2,1,1,0,0,0
20,02,010,298,170,128,208,125,83,90,45,45
20,02,011,36,9,27,28,6,22,8,3,5
20,02,012,1,0,1,1,0,1,0,0,0
20,02,013,2166,1092,1074,2160,1088,1072,6,4,2
20,02,014,64,33,31,49,24,25,15,9,6
20,02,015,282,137,145,249,121,128,33,16,17
20,02,016,756,407,349,217,128,89,539,279,260
20,02,017,6,6,0,5,5,0,1,1,0
20,02,018,276,166,110,247,151,96,29,15,14
20,02,019,1,0,1,1,0,1,0,0,0
20,02,020,102,52,50,97,48,49,5,4,1
20,02,021,21,10,11,15,8,7,6,2,4
20,02,022,164476,84547,79929,141324,72492,68832,23152,12055,11097
20,02,028,742,388,354,720,377,343,22,11,11
20,02,032,4,2,2,4,2,2,0,0,0
20,02,040,26,16,10,21,13,8,5,3,2
20,02,048,74,38,36,52,27,25,22,11,11
20,02,054,59,32,27,53,27,26,6,5,1
20,02,060,8,6,2,8,6,2,0,0,0
20,02,062,86,43,43,86,43,43,0,0,0
20,02,068,261,127,134,261,127,134,0,0,0
20,02,072,118279,59301,58978,117333,58850,58483,946,451,495
20,02,082,5,2,3,0,0,0,5,2,3
20,02,083,1,1,0,1,1,0,0,0,0
20,02,090,3633,1856,1777,3614,1848,1766,19,8,11
20,02,091,17215,8951,8264,16241,8401,7840,974,550,424
20,02,098,2,2,0,1,1,0,1,1,0
20,02,115,35,17,18,35,17,18,0,0,0
20,02,121,1,1,0,1,1,0,0,0,0
20,02,123,624,316,308,600,302,298,24,14,10
20,03,001,2,2,0,2,2,0,0,0,0
20,03,002,232,115,117,77,38,39,155,77,78
20,03,005,1,1,0,1,1,0,0,0,0
20,03,006,703337,359063,344274,676110,344478,331632,27227,14585,12642
20,03,007,2,2,0,1,1,0,1,1,0
20,03,008,2,2,0,2,2,0,0,0,0
20,03,010,230,136,94,103,72,31,127,64,63
20,03,011,8,2,6,8,2,6,0,0,0
20,03,013,130,68,62,120,63,57,10,5,5
20,03,014,22,22,0,22,22,0,0,0,0
20,03,015,17,8,9,13,7,6,4,1,3
20,03,016,188,97,91,168,85,83,20,12,8
20,03,017,3,1,2,3,1,2,0,0,0
20,03,018,322,199,123,311,189,122,11,10,1
20,03,020,15,8,7,15,8,7,0,0,0
20,03,021,5,5,0,0,0,0,5,5,0
20,03,022,68301,34761,33540,54075,27301,26774,14226,7460,6766
20,03,028,182,98,84,174,93,81,8,5,3
20,03,030,24,13,11,24,13,11,0,0,0
20,03,032,4,3,1,4,3,1,0,0,0
20,03,040,4,1,3,3,1,2,1,0,1
20,03,048,181,102,79,175,98,77,6,4,2
20,03,054,335,161,174,335,161,174,0,0,0
20,03,062,28,15,13,28,15,13,0,0,0
20,03,072,11115,5682,5433,11101,5673,5428,14,9,5
20,03,090,8,2,6,7,2,5,1,0,1
20,03,091,6639,3447,3192,6436,3327,3109,203,120,83
20,03,098,5,2,3,5,2,3,0,0,0
20,03,123,92,49,43,91,49,42,1,0,1
20,04,001,160,137,23,10,8,2,150,129,21
20,04,002,20833,11043,9790,6137,3151,2986,14696,7892,6804
20,04,003,27,23,4,0,0,0,27,23,4
20,04,004,275,221,54,36,28,8,239,193,46
20,04,005,724,380,344,60,37,23,664,343,321
20,04,006,1870266,955546,914720,1470666,737374,733292,399600,218172,181428
20,04,007,62,43,19,14,10,4,48,33,15
20,04,008,14,11,3,3,2,1,11,9,2
20,04,010,13108,7265,5843,2542,1410,1132,10566,5855,4711
20,04,011,580,289,291,85,45,40,495,244,251
20,04,012,56,49,7,6,5,1,50,44,6
20,04,013,1577,991,586,706,351,355,871,640,231
20,04,014,1011,553,458,174,99,75,837,454,383
20,04,015,2859,1552,1307,563,316,247,2296,1236,1060
20,04,016,8934,6120,2814,720,404,316,8214,5716,2498
20,04,017,26,14,12,4,4,0,22,10,12
20,04,018,82896,41730,41166,76964,38681,38283,5932,3049,2883
20,04,019,20,11,9,7,4,3,13,7,6
20,04,020,579,403,176,94,61,33,485,342,143
20,04,021,405,238,167,61,34,27,344,204,140
20,04,022,243532,126018,117514,172145,88127,84018,71387,37891,33496
20,04,023,6,6,0,0,0,0,6,6,0
20,04,025,1,1,0,0,0,0,1,1,0
20,04,028,226,123,103,134,80,54,92,43,49
20,04,030,24,12,12,5,2,3,19,10,9
20,04,035,1,1,0,0,0,0,1,1,0
20,04,040,79,47,32,20,9,11,59,38,21
20,04,043,12,9,3,3,3,0,9,6,3
20,04,048,526,297,229,268,152,116,258,145,113
20,04,053,40,40,0,0,0,0,40,40,0
20,04,054,355,165,190,115,57,58,240,108,132
20,04,055,2,2,0,1,1,0,1,1,0
20,04,058,2,2,0,0,0,0,2,2,0
20,04,060,1,1,0,0,0,0,1,1,0
20,04,062,8,5,3,5,4,1,3,1,2
20,04,065,1,1,0,0,0,0,1,1,0
20,04,068,5,3,2,0,0,0,5,3,2
20,04,071,4,4,0,0,0,0,4,4,0
20,04,072,10256,5163,5093,5410,2779,2631,4846,2384,2462
20,04,075,27,11,16,0,0,0,27,11,16
20,04,082,2,2,0,0,0,0,2,2,0
20,04,083,45,24,21,1,1,0,44,23,21
20,04,086,2,2,0,0,0,0,2,2,0
20,04,089,1,1,0,0,0,0,1,1,0
20,04,090,344,182,162,61,45,16,283,137,146
20,04,091,16269,8311,7958,10612,5398,5214,5657,2913,2744
20,04,093,2,2,0,0,0,0,2,2,0
20,04,095,1,1,0,0,0,0,1,1,0
20,04,096,15,10,5,0,0,0,15,10,5
20,04,098,20,8,12,2,1,1,18,7,11
20,04,100,1,1,0,1,1,0,0,0,0
20,04,101,3,3,0,0,0,0,3,3,0
20,04,110,1,1,0,0,0,0,1,1,0
20,04,112,1,1,0,1,1,0,0,0,0
20,04,113,2,2,0,0,0,0,2,2,0
20,04,114,1,1,0,0,0,0,1,1,0
20,04,115,8,6,2,2,2,0,6,4,2
20,04,123,1237,705,532,768,413,355,469,292,177
20,05,001,2,1,1,2,1,1,0,0,0
20,05,002,1481,747,734,408,212,196,1073,535,538
20,05,005,57,27,30,5,2,3,52,25,27
20,05,006,445799,222375,223424,372886,183725,189161,72913,38650,34263
20,05,007,4,2,2,4,2,2,0,0,0
20,05,009,2,1,1,2,1,1,0,0,0
20,05,010,879,517,362,155,104,51,724,413,311
20,05,011,22,10,12,10,3,7,12,7,5
20,05,013,21,15,6,11,8,3,10,7,3
20,05,014,207,102,105,143,67,76,64,35,29
20,05,015,59,36,23,31,20,11,28,16,12
20,05,016,907,483,424,52,31,21,855,452,403
20,05,018,2650,1402,1248,2606,1378,1228,44,24,20
20,05,020,17,10,7,11,7,4,6,3,3
20,05,021,64,36,28,9,4,5,55,32,23
20,05,022,44304,22268,22036,34055,16850,17205,10249,5418,4831
20,05,028,4,3,1,2,1,1,2,2,0
20,05,030,6,4,2,0,0,0,6,4,2
20,05,040,27,14,13,4,3,1,23,11,12
20,05,044,68,36,32,68,36,32,0,0,0
20,05,048,47,26,21,15,8,7,32,18,14
20,05,054,4,2,2,3,1,2,1,1,0
20,05,072,950,495,455,843,435,408,107,60,47
20,05,090,15,8,7,15,8,7,0,0,0
20,05,091,1604,827,777,1129,570,559,475,257,218
20,05,098,3,3,0,3,3,0,0,0,0
20,05,116,1,0,1,1,0,1,0,0,0
20,05,123,199,99,100,181,93,88,18,6,12
20,06,002,3898,2017,1881,1806,931,875,2092,1086,1006
20,06,005,168,93,75,101,59,42,67,34,33
20,06,006,1505821,757268,748553,1424101,714134,709967,81720,43134,38586
20,06,007,4,4,0,4,4,0,0,0,0
20,06,010,571,311,260,339,185,154,232,126,106
20,06,011,66,19,47,20,7,13,46,12,34
20,06,013,374,195,179,360,186,174,14,9,5
20,06,014,115,52,63,54,23,31,61,29,32
20,06,015,74,35,39,58,28,30,16,7,9
20,06,016,773,413,360,313,173,140,460,240,220
20,06,017,1,1,0,0,0,0,1,1,0
20,06,018,174787,89231,85556,174316,89002,85314,471,229,242
20,06,020,17,11,6,10,8,2,7,3,4
20,06,021,38,20,18,23,12,11,15,8,7
20,06,022,214009,109130,104879,177296,90061,87235,36713,19069,17644
20,06,023,1,0,1,1,0,1,0,0,0
20,06,028,90,47,43,67,38,29,23,9,14
20,06,040,15,6,9,6,3,3,9,3,6
20,06,044,3,2,1,3,2,1,0,0,0
20,06,048,148,80,68,146,79,67,2,1,1
20,06,054,32,14,18,18,7,11,14,7,7
20,06,072,193,91,102,118,45,73,75,46,29
20,06,090,425,225,200,425,225,200,0,0,0
20,06,091,2300,1162,1138,2015,1002,1013,285,160,125
20,06,098,78,39,39,78,39,39,0,0,0
20,06,123,429,213,216,388,189,199,41,24,17
20,07,001,8,4,4,0,0,0,8,4,4
20,07,002,27915,14419,13496,21178,10905,10273,6737,3514,3223
20,07,005,368,191,177,254,130,124,114,61,53
20,07,006,879639,461696,417943,755124,393733,361391,124515,67963,56552
20,07,007,1,0,1,1,0,1,0,0,0
20,07,010,6668,3543,3125,844,475,369,5824,3068,2756
20,07,011,54,18,36,1,1,0,53,17,36
20,07,012,9,9,0,0,0,0,9,9,0
20,07,013,1299,661,638,1241,631,610,58,30,28
20,07,014,135,74,61,30,17,13,105,57,48
20,07,015,83,56,27,17,12,5,66,44,22
20,07,016,77,43,34,19,13,6,58,30,28
20,07,017,3,0,3,2,0,2,1,0,1
20,07,018,124108,63357,60751,121329,61793,59536,2779,1564,1215
20,07,019,59,26,33,1,0,1,58,26,32
20,07,020,29,16,13,4,2,2,25,14,11
20,07,021,32,20,12,1,1,0,31,19,12
20,07,022,114975,59624,55351,97037,50144,46893,17938,9480,8458
20,07,028,29,19,10,27,18,9,2,1,1
20,07,030,18,10,8,18,10,8,0,0,0
20,07,038,4,3,1,0,0,0,4,3,1
20,07,040,45,20,25,13,8,5,32,12,20
20,07,043,4,0,4,0,0,0,4,0,4
20,07,044,81,39,42,81,39,42,0,0,0
20,07,048,333,170,163,322,166,156,11,4,7
20,07,051,1,1,0,0,0,0,1,1,0
20,07,054,3,2,1,0,0,0,3,2,1
20,07,061,2,1,1,0,0,0,2,1,1
20,07,062,1,0,1,1,0,1,0,0,0
20,07,063,6,3,3,0,0,0,6,3,3
20,07,068,5,5,0,5,5,0,0,0,0
20,07,072,202,103,99,179,90,89,23,13,10
20,07,075,43,25,18,43,25,18,0,0,0
20,07,083,406,201,205,402,200,202,4,1,3
20,07,084,1,1,0,0,0,0,1,1,0
20,07,090,1231,624,607,1231,624,607,0,0,0
20,07,091,4882,2541,2341,4303,2227,2076,579,314,265
20,07,098,400,203,197,400,203,197,0,0,0
20,07,113,4,2,2,0,0,0,4,2,2
20,07,123,2227,1148,1079,1431,726,705,796,422,374
20,08,001,1,0,1,1,0,1,0,0,0
20,08,002,30962,16003,14959,30403,15733,14670,559,270,289
20,08,005,60,25,35,2,0,2,58,25,33
20,08,006,603295,316803,286492,576910,302507,274403,26385,14296,12089
20,08,007,4,0,4,4,0,4,0,0,0
20,08,010,671,360,311,397,209,188,274,151,123
20,08,011,78,15,63,49,10,39,29,5,24
20,08,012,1,0,1,1,0,1,0,0,0
20,08,013,244,138,106,240,137,103,4,1,3
20,08,014,9,4,5,9,4,5,0,0,0
20,08,015,22,15,7,21,14,7,1,1,0
20,08,016,5,3,2,3,2,1,2,1,1
20,08,018,234177,118175,116002,232559,117324,115235,1618,851,767
20,08,020,22,11,11,20,10,10,2,1,1
20,08,021,24,12,12,24,12,12,0,0,0
20,08,022,152275,79207,73068,144269,74886,69383,8006,4321,3685
20,08,028,19,10,9,19,10,9,0,0,0
20,08,032,19,9,10,19,9,10,0,0,0
20,08,040,36,17,19,36,17,19,0,0,0
20,08,044,81,41,40,81,41,40,0,0,0
20,08,048,210,109,101,210,109,101,0,0,0
20,08,054,5,2,3,2,1,1,3,1,2
20,08,062,165,86,79,165,86,79,0,0,0
20,08,072,6227,3202,3025,6218,3194,3024,9,8,1
20,08,082,5,3,2,0,0,0,5,3,2
20,08,083,16057,8152,7905,16037,8136,7901,20,16,4
20,08,090,96,42,54,91,40,51,5,2,3
20,08,091,483,246,237,482,246,236,1,0,1
20,08,098,13,7,6,13,7,6,0,0,0
20,08,123,2673,1346,1327,2646,1331,1315,27,15,12
20,09,002,223872,114942,108930,216280,111161,105119,7592,3781,3811
20,09,005,56,31,25,33,21,12,23,10,13
20,09,006,336588,176877,159711,265544,138726,126818,71044,38151,32893
20,09,010,1156,626,530,436,228,208,720,398,322
20,09,011,23,5,18,7,1,6,16,4,12
20,09,012,2,0,2,0,0,0,2,0,2
20,09,013,762,373,389,721,352,369,41,21,20
20,09,014,66,36,30,10,5,5,56,31,25
20,09,015,348,177,171,306,155,151,42,22,20
20,09,016,358,186,172,269,137,132,89,49,40
20,09,018,225770,112667,113103,224679,112032,112647,1091,635,456
20,09,019,27,15,12,3,2,1,24,13,11
20,09,020,43,19,24,37,15,22,6,4,2
20,09,021,35,16,19,2,1,1,33,15,18
20,09,022,102873,53659,49214,86518,45057,41461,16355,8602,7753
20,09,028,23,17,6,23,17,6,0,0,0
20,09,030,12,7,5,12,7,5,0,0,0
20,09,032,7,5,2,0,0,0,7,5,2
20,09,040,33,19,14,9,5,4,24,14,10
20,09,044,140,72,68,140,72,68,0,0,0
20,09,048,217,115,102,183,94,89,34,21,13
20,09,054,52,25,27,52,25,27,0,0,0
20,09,055,1,0,1,1,0,1,0,0,0
20,09,059,44,24,20,44,24,20,0,0,0
20,09,061,5,2,3,0,0,0,5,2,3
20,09,072,6468,3204,3264,6262,3098,3164,206,106,100
20,09,074,4,2,2,4,2,2,0,0,0
20,09,075,6,4,2,6,4,2,0,0,0
20,09,083,24193,12228,11965,24093,12183,11910,100,45,55
20,09,090,168,86,82,130,65,65,38,21,17
20,09,091,1023,510,513,611,308,303,412,202,210
20,09,098,12,4,8,10,2,8,2,2,0
20,09,116,69,36,33,69,36,33,0,0,0
20,09,123,3314,1673,1641,3145,1583,1562,169,90,79
20,10,001,7,4,3,7,4,3,0,0,0
20,10,002,252070,129083,122987,237362,121540,115822,14708,7543,7165
20,10,004,3,2,1,3,2,1,0,0,0
20,10,005,100,58,42,38,20,18,62,38,24
20,10,006,101440,53195,48245,88067,45919,42148,13373,7276,6097
20,10,007,40,24,16,39,24,15,1,0,1
20,10,010,773,410,363,610,319,291,163,91,72
20,10,011,46,28,18,46,28,18,0,0,0
20,10,012,2,1,1,0,0,0,2,1,1
20,10,013,566,294,272,560,288,272,6,6,0
20,10,014,23,13,10,17,9,8,6,4,2
20,10,015,78,40,38,62,30,32,16,10,6
20,10,016,275,149,126,24,17,7,251,132,119
20,10,017,1,0,1,1,0,1,0,0,0
20,10,018,286300,144373,141927,284570,143510,141060,1730,863,867
20,10,019,629,326,303,36,16,20,593,310,283
20,10,020,44,35,9,43,34,9,1,1,0
20,10,021,57,36,21,43,29,14,14,7,7
20,10,022,34258,17713,16545,29379,15141,14238,4879,2572,2307
20,10,028,10,6,4,2,0,2,8,6,2
20,10,030,1,1,0,0,0,0,1,1,0
20,10,032,25,14,11,25,14,11,0,0,0
20,10,040,15,6,9,10,5,5,5,1,4
20,10,041,1,1,0,1,1,0,0,0,0
20,10,044,223,107,116,223,107,116,0,0,0
20,10,048,184,99,85,180,97,83,4,2,2
20,10,054,52,27,25,52,27,25,0,0,0
20,10,058,15,8,7,15,8,7,0,0,0
20,10,061,54,26,28,54,26,28,0,0,0
20,10,062,705,377,328,705,377,328,0,0,0
20,10,072,115,61,54,66,34,32,49,27,22
20,10,075,47,26,21,46,26,20,1,0,1
20,10,083,19754,10093,9661,19744,10086,9658,10,7,3
20,10,090,61,29,32,61,29,32,0,0,0
20,10,091,81,44,37,71,36,35,10,8,2
20,10,093,2,1,1,2,1,1,0,0,0
20,10,098,23,13,10,23,13,10,0,0,0
20,10,116,4,2,2,0,0,0,4,2,2
20,10,123,3580,1820,1760,3448,1748,1700,132,72,60
20,11,001,15,7,8,14,6,8,1,1,0
20,11,002,327714,168437,159277,300527,154331,146196,27187,14106,13081
20,11,003,1,1,0,0,0,0,1,1,0
20,11,005,332,159,173,285,133,152,47,26,21
20,11,006,615667,317297,298370,543401,278297,265104,72266,39000,33266
20,11,007,12,5,7,12,5,7,0,0,0
20,11,008,1,0,1,1,0,1,0,0,0
20,11,009,1,0,1,1,0,1,0,0,0
20,11,010,2594,1400,1194,850,461,389,1744,939,805
20,11,011,50,21,29,26,12,14,24,9,15
20,11,013,1278,637,641,1271,634,637,7,3,4
20,11,014,127,68,59,37,21,16,90,47,43
20,11,015,132,70,62,68,33,35,64,37,27
20,11,016,348,169,179,65,35,30,283,134,149
20,11,017,2,1,1,2,1,1,0,0,0
20,11,018,660233,331495,328738,654420,328550,325870,5813,2945,2868
20,11,019,38,21,17,0,0,0,38,21,17
20,11,020,26,17,9,12,7,5,14,10,4
20,11,021,35,20,15,3,2,1,32,18,14
20,11,022,121907,62907,59000,115080,59333,55747,6827,3574,3253
20,11,026,25,14,11,17,9,8,8,5,3
20,11,028,51,29,22,19,9,10,32,20,12
20,11,031,1,1,0,1,1,0,0,0,0
20,11,032,38,21,17,38,21,17,0,0,0
20,11,040,71,38,33,69,37,32,2,1,1
20,11,041,1,1,0,1,1,0,0,0,0
20,11,044,22,12,10,22,12,10,0,0,0
20,11,048,442,220,222,402,196,206,40,24,16
20,11,054,25,9,16,5,2,3,20,7,13
20,11,062,923,468,455,918,466,452,5,2,3
20,11,072,289,146,143,192,99,93,97,47,50
20,11,075,44,22,22,44,22,22,0,0,0
20,11,082,10,4,6,1,0,1,9,4,5
20,11,083,21920,11078,10842,21913,11075,10838,7,3,4
20,11,090,2218,1097,1121,2199,1086,1113,19,11,8
20,11,091,571,286,285,456,227,229,115,59,56
20,11,098,511,255,256,507,253,254,4,2,2
20,11,116,8,3,5,0,0,0,8,3,5
20,11,123,1919,928,991,1811,875,936,108,53,55
20,12,001,44,26,18,11,6,5,33,20,13
20,12,002,440007,228543,211464,268119,138848,129271,171888,89695,82193
20,12,003,6,3,3,0,0,0,6,3,3
20,12,004,40,26,14,16,11,5,24,15,9
20,12,005,5604,2875,2729,645,338,307,4959,2537,2422
20,12,006,1409746,763928,645818,583458,309918,273540,826288,454010,372278
20,12,007,100,57,43,27,16,11,73,41,32
20,12,008,48,31,17,10,8,2,38,23,15
20,12,009,18,5,13,4,2,2,14,3,11
20,12,010,28172,15526,12646,5416,2995,2421,22756,12531,10225
20,12,011,636,338,298,103,58,45,533,280,253
20,12,012,10,4,6,0,0,0,10,4,6
20,12,013,236,137,99,128,72,56,108,65,43
20,12,014,2557,1395,1162,641,349,292,1916,1046,870
20,12,015,6685,4172,2513,1939,1349,590,4746,2823,1923
20,12,016,13246,6951,6295,1165,636,529,12081,6315,5766
20,12,017,43,24,19,0,0,0,43,24,19
20,12,018,203630,103305,100325,180396,91233,89163,23234,12072,11162
20,12,019,358,179,179,34,15,19,324,164,160
20,12,020,788,405,383,124,67,57,664,338,326
20,12,021,1705,914,791,471,271,200,1234,643,591
20,12,022,272303,144330,127973,95099,49870,45229,177204,94460,82744
20,12,024,21,21,0,0,0,0,21,21,0
20,12,027,3,2,1,3,2,1,0,0,0
20,12,028,329,176,153,84,46,38,245,130,115
20,12,030,29,16,13,8,4,4,21,12,9
20,12,031,4,2,2,4,2,2,0,0,0
20,12,032,59,33,26,13,9,4,46,24,22
20,12,040,253,126,127,34,18,16,219,108,111
20,12,044,19,9,10,0,0,0,19,9,10
20,12,048,1096,585,511,208,109,99,888,476,412
20,12,053,1,1,0,0,0,0,1,1,0
20,12,054,56,26,30,12,5,7,44,21,23
20,12,059,4,4,0,4,4,0,0,0,0
20,12,061,3,1,2,1,0,1,2,1,1
20,12,062,6,2,4,6,2,4,0,0,0
20,12,068,15,10,5,6,3,3,9,7,2
20,12,072,1787,947,840,597,313,284,1190,634,556
20,12,075,17,9,8,8,3,5,9,6,3
20,12,082,6,5,1,0,0,0,6,5,1
20,12,090,1291,657,634,650,321,329,641,336,305
20,12,091,3733,1921,1812,982,515,467,2751,1406,1345
20,12,098,768,379,389,691,338,353,77,41,36
20,12,108,4,2,2,4,2,2,0,0,0
20,12,113,4,2,2,0,0,0,4,2,2
20,12,123,1612,836,776,623,310,313,989,526,463
20,13,001,101,75,26,13,8,5,88,67,21
20,13,002,182399,95167,87232,123126,64122,59004,59273,31045,28228
20,13,003,2,2,0,0,0,0,2,2,0
20,13,004,41,27,14,3,2,1,38,25,13
20,13,005,1322,685,637,28,15,13,1294,670,624
20,13,006,1228288,652035,576253,637610,331619,305991,590678,320416,270262
20,13,007,150,77,73,13,9,4,137,68,69
20,13,008,24,17,7,6,6,0,18,11,7
20,13,009,14,7,7,0,0,0,14,7,7
20,13,010,23459,12762,10697,1028,581,447,22431,12181,10250
20,13,011,1239,628,611,22,10,12,1217,618,599
20,13,012,21,11,10,0,0,0,21,11,10
20,13,013,425,239,186,64,38,26,361,201,160
20,13,014,1045,558,487,23,15,8,1022,543,479
20,13,015,7213,3880,3333,334,198,136,6879,3682,3197
20,13,016,5549,2918,2631,140,82,58,5409,2836,2573
20,13,017,8,5,3,0,0,0,8,5,3
20,13,018,191629,98190,93439,165182,84462,80720,26447,13728,12719
20,13,019,55,23,32,0,0,0,55,23,32
20,13,020,1686,879,807,28,16,12,1658,863,795
20,13,021,1794,944,850,30,22,8,1764,922,842
20,13,022,114173,60544,53629,42695,22315,20380,71478,38229,33249
20,13,023,3,3,0,0,0,0,3,3,0
20,13,025,1,1,0,0,0,0,1,1,0
20,13,026,1,0,1,0,0,0,1,0,1
20,13,027,6,3,3,0,0,0,6,3,3
20,13,028,178,98,80,10,4,6,168,94,74
20,13,030,25,14,11,17,9,8,8,5,3
20,13,032,4,1,3,0,0,0,4,1,3
20,13,040,83,38,45,15,8,7,68,30,38
20,13,043,4,2,2,2,0,2,2,2,0
20,13,044,13,8,5,0,0,0,13,8,5
20,13,048,3249,1679,1570,789,404,385,2460,1275,1185
20,13,054,288,149,139,25,10,15,263,139,124
20,13,060,5,3,2,0,0,0,5,3,2
20,13,061,12,7,5,2,1,1,10,6,4
20,13,062,16,6,10,5,3,2,11,3,8
20,13,071,7,3,4,0,0,0,7,3,4
20,13,072,4740,2409,2331,475,239,236,4265,2170,2095
20,13,082,12,7,5,0,0,0,12,7,5
20,13,083,5,2,3,0,0,0,5,2,3
20,13,090,565,270,295,20,10,10,545,260,285
20,13,091,6556,3394,3162,1107,568,539,5449,2826,2623
20,13,093,1,1,0,0,0,0,1,1,0
20,13,098,92,53,39,1,0,1,91,53,38
20,13,108,1,1,0,0,0,0,1,1,0
20,13,110,5,3,2,0,0,0,5,3,2
20,13,111,4,1,3,0,0,0,4,1,3
20,13,115,2,2,0,0,0,0,2,2,0
20,13,116,4,1,3,0,0,0,4,1,3
20,13,123,1143,604,539,192,105,87,951,499,452
20,14,001,400,298,102,11,6,5,389,292,97
20,14,002,67078,34223,32855,20770,10110,10660,46308,24113,22195
20,14,003,11,10,1,0,0,0,11,10,1
20,14,004,269,201,68,52,39,13,217,162,55
20,14,005,1759,899,860,61,26,35,1698,873,825
20,14,006,1599083,832118,766965,966443,492757,473686,632640,339361,293279
20,14,007,222,148,74,11,5,6,211,143,68
20,14,008,17,11,6,1,1,0,16,10,6
20,14,009,70,29,41,27,8,19,43,21,22
20,14,010,20049,11103,8946,2365,1312,1053,17684,9791,7893
20,14,011,1965,1051,914,236,78,158,1729,973,756
20,14,012,67,58,9,3,2,1,64,56,8
20,14,013,2498,1454,1044,956,495,461,1542,959,583
20,14,014,7087,3986,3101,338,215,123,6749,3771,2978
20,14,015,6612,3686,2926,2128,1084,1044,4484,2602,1882
20,14,016,9639,5179,4460,1205,617,588,8434,4562,3872
20,14,017,43,21,22,6,2,4,37,19,18
20,14,018,127606,65012,62594,119833,60616,59217,7773,4396,3377
20,14,019,260,122,138,25,12,13,235,110,125
20,14,020,1143,728,415,45,31,14,1098,697,401
20,14,021,2285,1273,1012,67,48,19,2218,1225,993
20,14,022,276962,143827,133135,132859,68175,64684,144103,75652,68451
20,14,023,3,3,0,0,0,0,3,3,0
20,14,024,1,1,0,0,0,0,1,1,0
20,14,025,8,7,1,3,2,1,5,5,0
20,14,027,3,1,2,0,0,0,3,1,2
20,14,028,718,382,336,438,231,207,280,151,129
20,14,030,29,15,14,4,1,3,25,14,11
20,14,032,132,69,63,119,61,58,13,8,5
20,14,033,12,10,2,0,0,0,12,10,2
20,14,040,269,135,134,104,58,46,165,77,88
20,14,043,9,8,1,0,0,0,9,8,1
20,14,044,21,11,10,7,6,1,14,5,9
20,14,048,1717,924,793,493,247,246,1224,677,547
20,14,052,5,2,3,0,0,0,5,2,3
20,14,054,2841,1405,1436,437,213,224,2404,1192,1212
20,14,055,3,2,1,1,0,1,2,2,0
20,14,061,1,0,1,0,0,0,1,0,1
20,14,062,80,39,41,25,10,15,55,29,26
20,14,068,2,1,1,1,0,1,1,1,0
20,14,071,59,44,15,0,0,0,59,44,15
20,14,072,214550,108243,106307,167392,84351,83041,47158,23892,23266
20,14,075,1,0,1,1,0,1,0,0,0
20,14,078,2,1,1,0,0,0,2,1,1
20,14,081,2,2,0,0,0,0,2,2,0
20,14,082,88,77,11,0,0,0,88,77,11
20,14,083,1,0,1,1,0,1,0,0,0
20,14,087,1,1,0,0,0,0,1,1,0
20,14,089,3,3,0,0,0,0,3,3,0
20,14,090,3423,1726,1697,1627,820,807,1796,906,890
20,14,091,432541,216588,215953,387094,193691,193403,45447,22897,22550
20,14,093,1,1,0,1,1,0,0,0,0
20,14,095,1,1,0,0,0,0,1,1,0
20,14,098,40,18,22,2,1,1,38,17,21
20,14,099,3,2,1,0,0,0,3,2,1
20,14,115,4,4,0,0,0,0,4,4,0
20,14,123,3365,1813,1552,2051,1015,1036,1314,798,516
20,15,001,1,1,0,1,1,0,0,0,0
20,15,002,746,408,338,153,93,60,593,315,278
20,15,004,1,1,0,0,0,0,1,1,0
20,15,005,52,22,30,0,0,0,52,22,30
20,15,006,144571,73918,70653,119997,60991,59006,24574,12927,11647
20,15,007,4,3,1,0,0,0,4,3,1
20,15,008,4,3,1,0,0,0,4,3,1
20,15,010,392,214,178,105,59,46,287,155,132
20,15,011,10,2,8,2,0,2,8,2,6
20,15,012,8,8,0,8,8,0,0,0,0
20,15,013,206,94,112,204,93,111,2,1,1
20,15,014,76,42,34,24,13,11,52,29,23
20,15,015,80,34,46,36,14,22,44,20,24
20,15,016,51,28,23,14,6,8,37,22,15
20,15,017,8,5,3,8,5,3,0,0,0
20,15,018,209,123,86,121,66,55,88,57,31
20,15,020,10,6,4,5,3,2,5,3,2
20,15,021,7,3,4,1,0,1,6,3,3
20,15,022,60015,30440,29575,47447,23913,23534,12568,6527,6041
20,15,028,165,93,72,127,71,56,38,22,16
20,15,040,9,4,5,7,3,4,2,1,1
20,15,043,1,0,1,1,0,1,0,0,0
20,15,044,1,1,0,0,0,0,1,1,0
20,15,048,47,27,20,16,11,5,31,16,15
20,15,054,61,13,48,15,7,8,46,6,40
20,15,060,7,2,5,7,2,5,0,0,0
20,15,072,153656,76954,76702,146312,73375,72937,7344,3579,3765
20,15,083,10,6,4,8,4,4,2,2,0
20,15,084,4,0,4,4,0,4,0,0,0
20,15,090,448,221,227,444,219,225,4,2,2
20,15,091,3386,1696,1690,2990,1509,1481,396,187,209
20,15,098,2,2,0,1,1,0,1,1,0
20,15,123,273,133,140,267,131,136,6,2,4
20,16,001,5,3,2,5,3,2,0,0,0
20,16,002,1140,668,472,552,352,200,588,316,272
20,16,003,1,0,1,1,0,1,0,0,0
20,16,004,1,1,0,1,1,0,0,0,0
20,16,005,84,42,42,44,19,25,40,23,17
20,16,006,720497,362502,357995,678865,340632,338233,41632,21870,19762
20,16,007,5,5,0,5,5,0,0,0,0
20,16,008,1,1,0,1,1,0,0,0,0
20,16,009,5,4,1,5,4,1,0,0,0
20,16,010,1507,859,648,805,465,340,702,394,308
20,16,011,35,14,21,26,11,15,9,3,6
20,16,012,2,1,1,2,1,1,0,0,0
20,16,013,137,78,59,131,74,57,6,4,2
20,16,014,86,44,42,49,26,23,37,18,19
20,16,015,5111,2519,2592,4751,2325,2426,360,194,166
20,16,016,549,280,269,430,215,215,119,65,54
20,16,017,5,3,2,5,3,2,0,0,0
20,16,018,482,256,226,418,225,193,64,31,33
20,16,020,16,12,4,12,10,2,4,2,2
20,16,021,16,10,6,12,7,5,4,3,1
20,16,022,40399,20894,19505,26840,13733,13107,13559,7161,6398
20,16,023,1,0,1,1,0,1,0,0,0
20,16,028,73,44,29,73,44,29,0,0,0
20,16,032,2,2,0,2,2,0,0,0,0
20,16,040,22,10,12,20,9,11,2,1,1
20,16,044,61,36,25,61,36,25,0,0,0
20,16,048,202,122,80,154,91,63,48,31,17
20,16,053,1,1,0,1,1,0,0,0,0
20,16,054,116429,57262,59167,111217,54773,56444,5212,2489,2723
20,16,060,6,3,3,6,3,3,0,0,0
20,16,061,1,1,0,1,1,0,0,0,0
20,16,062,2784,1365,1419,2657,1301,1356,127,64,63
20,16,068,73,43,30,73,43,30,0,0,0
20,16,072,288250,144570,143680,278570,139854,138716,9680,4716,4964
20,16,082,10,5,5,10,5,5,0,0,0
20,16,083,1,1,0,1,1,0,0,0,0
20,16,090,3231,1584,1647,3073,1509,1564,158,75,83
20,16,091,157000,78117,78883,155676,77462,78214,1324,655,669
20,16,098,34,17,17,33,16,17,1,1,0
20,16,123,8502,4390,4112,8436,4360,4076,66,30,36
20,17,001,22,15,7,1,1,0,21,14,7
20,17,002,368546,189543,179003,303647,155411,148236,64899,34132,30767
20,17,004,5,4,1,0,0,0,5,4,1
20,17,005,1307,690,617,166,96,70,1141,594,547
20,17,006,174972,93042,81930,56422,29037,27385,118550,64005,54545
20,17,007,29,17,12,1,0,1,28,17,11
20,17,008,6,4,2,0,0,0,6,4,2
20,17,009,78,33,45,77,32,45,1,1,0
20,17,010,10207,5562,4645,1043,590,453,9164,4972,4192
20,17,011,424,226,198,52,31,21,372,195,177
20,17,012,2,2,0,1,1,0,1,1,0
20,17,013,300,163,137,94,48,46,206,115,91
20,17,014,1136,645,491,113,65,48,1023,580,443
20,17,015,322882,162533,160349,266282,133299,132983,56600,29234,27366
20,17,016,2446,1311,1135,480,267,213,1966,1044,922
20,17,017,25,14,11,16,9,7,9,5,4
20,17,018,228204,114780,113424,217076,108833,108243,11128,5947,5181
20,17,019,40,20,20,11,6,5,29,14,15
20,17,020,514,284,230,37,22,15,477,262,215
20,17,021,4160,2131,2029,222,126,96,3938,2005,1933
20,17,022,56544,29372,27172,29975,15596,14379,26569,13776,12793
20,17,024,4,1,3,0,0,0,4,1,3
20,17,028,112,61,51,80,42,38,32,19,13
20,17,030,14,8,6,3,2,1,11,6,5
20,17,032,3124,1556,1568,2993,1486,1507,131,70,61
20,17,040,410,186,224,136,63,73,274,123,151
20,17,041,4,3,1,4,3,1,0,0,0
20,17,044,510,256,254,496,247,249,14,9,5
20,17,048,720783,358868,361915,683970,339662,344308,36813,19206,17607
20,17,053,50,26,24,50,26,24,0,0,0
20,17,054,761,377,384,529,270,259,232,107,125
20,17,060,13,9,4,0,0,0,13,9,4
20,17,061,2,2,0,2,2,0,0,0,0
20,17,062,90,44,46,82,42,40,8,2,6
20,17,072,22397,11174,11223,15308,7642,7666,7089,3532,3557
20,17,074,6,3,3,0,0,0,6,3,3
20,17,075,1,1,0,0,0,0,1,1,0
20,17,083,77,35,42,70,30,40,7,5,2
20,17,086,4,1,3,0,0,0,4,1,3
20,17,090,15421,7743,7678,14649,7361,7288,772,382,390
20,17,091,143071,71816,71255,134082,67228,66854,8989,4588,4401
20,17,098,10,5,5,0,0,0,10,5,5
20,17,105,131,67,64,125,63,62,6,4,2
20,17,115,4,4,0,0,0,0,4,4,0
20,17,116,1,1,0,0,0,0,1,1,0
20,17,123,3946,2003,1943,3602,1815,1787,344,188,156
20,18,001,101,65,36,17,10,7,84,55,29
20,18,002,657347,337899,319448,430373,220044,210329,226974,117855,109119
20,18,003,13,6,7,0,0,0,13,6,7
20,18,004,60,41,19,14,14,0,46,27,19
20,18,005,5807,2987,2820,57,33,24,5750,2954,2796
20,18,006,445827,239377,206450,25412,13957,11455,420415,225420,194995
20,18,007,381,204,177,89,45,44,292,159,133
20,18,008,137,84,53,4,3,1,133,81,52
20,18,009,121,60,61,0,0,0,121,60,61
20,18,010,30284,16422,13862,1213,663,550,29071,15759,13312
20,18,011,3502,1796,1706,109,61,48,3393,1735,1658
20,18,012,10,8,2,0,0,0,10,8,2
20,18,013,2166,1120,1046,159,92,67,2007,1028,979
20,18,014,3419,1855,1564,210,116,94,3209,1739,1470
20,18,015,115122,58076,57046,45096,22648,22448,70026,35428,34598
20,18,016,42180,21931,20249,991,526,465,41189,21405,19784
20,18,017,33,20,13,1,0,1,32,20,12
20,18,018,336040,169779,166261,294118,148187,145931,41922,21592,20330
20,18,019,580,304,276,31,13,18,549,291,258
20,18,020,7820,3971,3849,284,158,126,7536,3813,3723
20,18,021,25247,12823,12424,555,287,268,24692,12536,12156
20,18,022,171682,90467,81215,12345,6413,5932,159337,84054,75283
20,18,023,12,4,8,0,0,0,12,4,8
20,18,024,4,4,0,0,0,0,4,4,0
20,18,025,1,0,1,0,0,0,1,0,1
20,18,026,2,1,1,0,0,0,2,1,1
20,18,028,268,136,132,107,52,55,161,84,77
20,18,030,37,12,25,0,0,0,37,12,25
20,18,031,4,1,3,4,1,3,0,0,0
20,18,032,3517,1730,1787,2993,1460,1533,524,270,254
20,18,040,969,481,488,71,42,29,898,439,459
20,18,041,4,2,2,1,0,1,3,2,1
20,18,044,210,108,102,147,73,74,63,35,28
20,18,046,1,1,0,0,0,0,1,1,0
20,18,048,52603,26579,26024,22772,11359,11413,29831,15220,14611
20,18,049,2,1,1,0,0,0,2,1,1
20,18,051,1,1,0,0,0,0,1,1,0
20,18,053,258,139,119,240,126,114,18,13,5
20,18,054,2114,1048,1066,1880,935,945,234,113,121
20,18,055,3,1,2,0,0,0,3,1,2
20,18,061,28,17,11,7,4,3,21,13,8
20,18,062,59,27,32,29,16,13,30,11,19
20,18,063,10,4,6,0,0,0,10,4,6
20,18,065,6,4,2,0,0,0,6,4,2
20,18,068,6,5,1,0,0,0,6,5,1
20,18,070,13,0,13,0,0,0,13,0,13
20,18,071,1,1,0,1,1,0,0,0,0
20,18,072,6831,3423,3408,629,316,313,6202,3107,3095
20,18,074,6,1,5,0,0,0,6,1,5
20,18,075,35,19,16,0,0,0,35,19,16
20,18,082,5,5,0,0,0,0,5,5,0
20,18,083,71,36,35,71,36,35,0,0,0
20,18,084,1,1,0,0,0,0,1,1,0
20,18,090,6231,3103,3128,4351,2165,2186,1880,938,942
20,18,091,56166,28321,27845,44399,22404,21995,11767,5917,5850
20,18,098,21,11,10,4,3,1,17,8,9
20,18,103,1,1,0,0,0,0,1,1,0
20,18,105,508,267,241,506,267,239,2,0,2
20,18,113,67,31,36,60,29,31,7,2,5
20,18,116,5,3,2,0,0,0,5,3,2
20,18,123,5028,2609,2419,2434,1247,1187,2594,1362,1232
21,01,001,2,1,1,2,1,1,0,0,0
21,01,002,1122,642,480,490,294,196,632,348,284
21,01,005,759,408,351,353,188,165,406,220,186
21,01,006,56000,27783,28217,45556,22248,23308,10444,5535,4909
21,01,007,8,3,5,8,3,5,0,0,0
21,01,008,1,1,0,1,1,0,0,0,0
21,01,009,1,1,0,1,1,0,0,0,0
21,01,010,137,87,50,115,73,42,22,14,8
21,01,011,103,62,41,55,33,22,48,29,19
21,01,013,295,164,131,217,120,97,78,44,34
21,01,014,165,102,63,92,58,34,73,44,29
21,01,015,1265781,641046,624735,1176724,595252,581472,89057,45794,43263
21,01,016,510,271,239,121,66,55,389,205,184
21,01,017,3,2,1,3,2,1,0,0,0
21,01,018,30,13,17,25,13,12,5,0,5
21,01,019,162,88,74,1,0,1,161,88,73
21,01,020,417,211,206,328,163,165,89,48,41
21,01,021,13372,6824,6548,12546,6391,6155,826,433,393
21,01,022,1697,940,757,711,399,312,986,541,445
21,01,028,21,9,12,1,0,1,20,9,11
21,01,030,5,3,2,5,3,2,0,0,0
21,01,032,2,2,0,2,2,0,0,0,0
21,01,040,3,3,0,2,2,0,1,1,0
21,01,043,61,29,32,61,29,32,0,0,0
21,01,044,99,47,52,99,47,52,0,0,0
21,01,048,8,5,3,7,4,3,1,1,0
21,01,051,3,2,1,3,2,1,0,0,0
21,01,054,687,332,355,685,330,355,2,2,0
21,01,058,55,20,35,54,20,34,1,0,1
21,01,060,285,155,130,281,153,128,4,2,2
21,01,062,50,29,21,50,29,21,0,0,0
21,01,070,201,98,103,194,93,101,7,5,2
21,01,071,2,0,2,2,0,2,0,0,0
21,01,072,71,37,34,67,34,33,4,3,1
21,01,075,2,1,1,2,1,1,0,0,0
21,01,083,7,2,5,7,2,5,0,0,0
21,01,090,1500,755,745,1497,754,743,3,1,2
21,01,091,307,162,145,296,157,139,11,5,6
21,01,105,1857,904,953,1671,803,868,186,101,85
21,01,123,545,256,289,460,215,245,85,41,44
21,02,001,6,4,2,2,2,0,4,2,2
21,02,002,6498,3464,3034,500,244,256,5998,3220,2778
21,02,005,967,501,466,36,21,15,931,480,451
21,02,006,60427,32138,28289,10403,5108,5295,50024,27030,22994
21,02,007,34,16,18,20,9,11,14,7,7
21,02,008,1,1,0,0,0,0,1,1,0
21,02,009,3,3,0,0,0,0,3,3,0
21,02,010,108,54,54,6,1,5,102,53,49
21,02,011,460,230,230,96,59,37,364,171,193
21,02,013,317,176,141,27,16,11,290,160,130
21,02,014,3239,1813,1426,214,113,101,3025,1700,1325
21,02,015,399903,204041,195862,290592,147257,143335,109311,56784,52527
21,02,016,1209,642,567,76,38,38,1133,604,529
21,02,018,333,259,74,86,50,36,247,209,38
21,02,019,356,187,169,3,2,1,353,185,168
21,02,020,228,124,104,22,13,9,206,111,95
21,02,021,3369,1738,1631,301,160,141,3068,1578,1490
21,02,022,4144,2288,1856,200,109,91,3944,2179,1765
21,02,023,1,0,1,1,0,1,0,0,0
21,02,030,2,1,1,0,0,0,2,1,1
21,02,032,5,3,2,0,0,0,5,3,2
21,02,040,145,79,66,12,7,5,133,72,61
21,02,044,100,49,51,27,12,15,73,37,36
21,02,048,543,275,268,468,226,242,75,49,26
21,02,053,2,1,1,1,1,0,1,0,1
21,02,054,4098,2063,2035,3051,1552,1499,1047,511,536
21,02,058,28,12,16,6,1,5,22,11,11
21,02,060,13669,6874,6795,11235,5675,5560,2434,1199,1235
21,02,062,279,138,141,265,132,133,14,6,8
21,02,070,200,69,131,85,35,50,115,34,81
21,02,072,505,298,207,273,166,107,232,132,100
21,02,075,3,1,2,0,0,0,3,1,2
21,02,090,5799,2907,2892,3828,1895,1933,1971,1012,959
21,02,091,190,114,76,127,72,55,63,42,21
21,02,100,4,1,3,0,0,0,4,1,3
21,02,105,1829,1033,796,1511,836,675,318,197,121
21,02,123,712,344,368,357,173,184,355,171,184
21,03,001,2,0,2,0,0,0,2,0,2
21,03,002,5206,2715,2491,520,266,254,4686,2449,2237
21,03,004,1,1,0,0,0,0,1,1,0
21,03,005,1634,884,750,171,91,80,1463,793,670
21,03,006,49345,25587,23758,20580,10467,10113,28765,15120,13645
21,03,007,29,16,13,19,10,9,10,6,4
21,03,008,8,3,5,0,0,0,8,3,5
21,03,010,165,100,65,22,11,11,143,89,54
21,03,011,550,290,260,98,60,38,452,230,222
21,03,012,6,2,4,0,0,0,6,2,4
21,03,013,449,224,225,235,121,114,214,103,111
21,03,014,461,249,212,36,21,15,425,228,197
21,03,015,776328,394039,382289,582814,293556,289258,193514,100483,93031
21,03,016,2580,1337,1243,222,114,108,2358,1223,1135
21,03,017,2,2,0,0,0,0,2,2,0
21,03,018,121,65,56,49,32,17,72,33,39
21,03,019,155,85,70,10,7,3,145,78,67
21,03,020,584,300,284,263,137,126,321,163,158
21,03,021,5015,2574,2441,2231,1143,1088,2784,1431,1353
21,03,022,11909,6228,5681,533,303,230,11376,5925,5451
21,03,028,4,3,1,4,3,1,0,0,0
21,03,030,3,1,2,0,0,0,3,1,2
21,03,040,20,13,7,9,6,3,11,7,4
21,03,044,121,62,59,111,56,55,10,6,4
21,03,048,344,177,167,322,165,157,22,12,10
21,03,053,44,22,22,41,20,21,3,2,1
21,03,054,12105,5966,6139,11135,5486,5649,970,480,490
21,03,055,4,4,0,0,0,0,4,4,0
21,03,058,28,17,11,21,13,8,7,4,3
21,03,060,27643,13675,13968,26641,13160,13481,1002,515,487
21,03,062,506,249,257,482,232,250,24,17,7
21,03,070,548,269,279,495,245,250,53,24,29
21,03,072,4630,2298,2332,3402,1669,1733,1228,629,599
21,03,083,8,3,5,8,3,5,0,0,0
21,03,090,22469,11266,11203,20121,10096,10025,2348,1170,1178
21,03,091,7581,3804,3777,6988,3500,3488,593,304,289
21,03,101,19,9,10,19,9,10,0,0,0
21,03,105,1249,679,570,1000,536,464,249,143,106
21,03,123,3737,1904,1833,3233,1644,1589,504,260,244
21,04,002,120,77,43,61,36,25,59,41,18
21,04,005,33,20,13,22,13,9,11,7,4
21,04,006,5861,3003,2858,5226,2646,2580,635,357,278
21,04,011,3,2,1,0,0,0,3,2,1
21,04,013,13,7,6,13,7,6,0,0,0
21,04,014,4,4,0,0,0,0,4,4,0
21,04,015,251314,126950,124364,232900,117332,115568,18414,9618,8796
21,04,016,59,36,23,26,15,11,33,21,12
21,04,018,118,53,65,69,30,39,49,23,26
21,04,020,29,20,9,27,19,8,2,1,1
21,04,021,109,57,52,76,38,38,33,19,14
21,04,022,170,102,68,92,59,33,78,43,35
21,04,032,40,16,24,40,16,24,0,0,0
21,04,039,2,1,1,0,0,0,2,1,1
21,04,044,1,1,0,1,1,0,0,0,0
21,04,048,2135,1030,1105,2135,1030,1105,0,0,0
21,04,053,9,5,4,9,5,4,0,0,0
21,04,054,780,385,395,777,382,395,3,3,0
21,04,058,11,3,8,10,3,7,1,0,1
21,04,060,5369,2655,2714,5361,2648,2713,8,7,1
21,04,062,52,23,29,36,19,17,16,4,12
21,04,070,700,338,362,700,338,362,0,0,0
21,04,072,343,168,175,343,168,175,0,0,0
21,04,090,5160,2582,2578,4449,2234,2215,711,348,363
21,04,091,900,462,438,900,462,438,0,0,0
21,04,105,590,329,261,561,312,249,29,17,12
21,04,123,183,79,104,178,77,101,5,2,3
21,05,001,121,73,48,5,4,1,116,69,47
21,05,002,33353,17568,15785,4166,2179,1987,29187,15389,13798
21,05,004,17,9,8,0,0,0,17,9,8
21,05,005,1899,971,928,248,134,114,1651,837,814
21,05,006,449419,229367,220052,289135,144209,144926,160284,85158,75126
21,05,007,104,62,42,17,2,15,87,60,27
21,05,008,17,10,7,0,0,0,17,10,7
21,05,009,263,129,134,138,64,74,125,65,60
21,05,010,885,495,390,79,42,37,806,453,353
21,05,011,2508,1311,1197,177,78,99,2331,1233,1098
21,05,012,9,6,3,1,0,1,8,6,2
21,05,013,1272,675,597,670,339,331,602,336,266
21,05,014,1469,823,646,197,117,80,1272,706,566
21,05,015,848285,436754,411531,520401,262676,257725,327884,174078,153806
21,05,016,7951,4125,3826,1734,888,846,6217,3237,2980
21,05,017,23,14,9,5,5,0,18,9,9
21,05,018,8878,4622,4256,2574,1315,1259,6304,3307,2997
21,05,019,308,158,150,10,5,5,298,153,145
21,05,020,1115,588,527,84,48,36,1031,540,491
21,05,021,11464,5977,5487,480,256,224,10984,5721,5263
21,05,022,44805,23976,20829,11596,6033,5563,33209,17943,15266
21,05,027,1,1,0,0,0,0,1,1,0
21,05,028,13,9,4,13,9,4,0,0,0
21,05,030,8,6,2,5,4,1,3,2,1
21,05,032,4647,2311,2336,4070,2015,2055,577,296,281
21,05,038,1,0,1,1,0,1,0,0,0
21,05,040,158,71,87,55,18,37,103,53,50
21,05,041,1,1,0,1,1,0,0,0,0
21,05,043,1,0,1,0,0,0,1,0,1
21,05,044,306,153,153,269,136,133,37,17,20
21,05,045,1,0,1,1,0,1,0,0,0
21,05,046,6,4,2,6,4,2,0,0,0
21,05,048,7746,3865,3881,5630,2794,2836,2116,1071,1045
21,05,053,11,5,6,10,4,6,1,1,0
21,05,054,72958,36092,36866,67672,33439,34233,5286,2653,2633
21,05,055,1,1,0,0,0,0,1,1,0
21,05,058,48,21,27,38,15,23,10,6,4
21,05,060,90442,45137,45305,84434,42066,42368,6008,3071,2937
21,05,061,1,0,1,0,0,0,1,0,1
21,05,062,1320,663,657,1229,610,619,91,53,38
21,05,065,13,7,6,13,7,6,0,0,0
21,05,068,29,16,13,7,2,5,22,14,8
21,05,069,4,4,0,0,0,0,4,4,0
21,05,070,1161,603,558,1027,534,493,134,69,65
21,05,071,2,2,0,0,0,0,2,2,0
21,05,072,66998,33207,33791,57196,28290,28906,9802,4917,4885
21,05,075,8,5,3,0,0,0,8,5,3
21,05,083,41,22,19,34,16,18,7,6,1
21,05,089,2,2,0,0,0,0,2,2,0
21,05,090,134099,67233,66866,116687,58403,58284,17412,8830,8582
21,05,091,31147,15719,15428,27139,13688,13451,4008,2031,1977
21,05,101,1,1,0,1,1,0,0,0,0
21,05,102,9,5,4,9,5,4,0,0,0
21,05,105,881,474,407,677,349,328,204,125,79
21,05,114,4,2,2,0,0,0,4,2,2
21,05,115,1,0,1,0,0,0,1,0,1
21,05,116,4,1,3,1,0,1,3,1,2
21,05,123,4434,2245,2189,3537,1774,1763,897,471,426
21,06,001,2,1,1,2,1,1,0,0,0
21,06,002,12060,6252,5808,7691,3844,3847,4369,2408,1961
21,06,005,1004,522,482,33,16,17,971,506,465
21,06,006,36288,18817,17471,20831,10408,10423,15457,8409,7048
21,06,007,39,28,11,30,19,11,9,9,0
21,06,008,8,4,4,4,2,2,4,2,2
21,06,009,60,32,28,57,31,26,3,1,2
21,06,010,142,80,62,22,10,12,120,70,50
21,06,011,286,143,143,77,43,34,209,100,109
21,06,012,5,3,2,1,0,1,4,3,1
21,06,013,97,45,52,47,23,24,50,22,28
21,06,014,970,538,432,92,58,34,878,480,398
21,06,015,1245184,629606,615578,1088834,547891,540943,156350,81715,74635
21,06,016,1860,972,888,74,43,31,1786,929,857
21,06,018,54238,27246,26992,52069,26121,25948,2169,1125,1044
21,06,019,21,13,8,2,1,1,19,12,7
21,06,020,189,95,94,31,22,9,158,73,85
21,06,021,886,463,423,438,225,213,448,238,210
21,06,022,16399,8697,7702,3663,1979,1684,12736,6718,6018
21,06,028,3,1,2,3,1,2,0,0,0
21,06,032,1019,497,522,976,473,503,43,24,19
21,06,040,116,52,64,61,27,34,55,25,30
21,06,044,26,15,11,23,12,11,3,3,0
21,06,048,89937,45167,44770,82799,41553,41246,7138,3614,3524
21,06,050,19246,9436,9810,19242,9433,9809,4,3,1
21,06,054,115,52,63,60,31,29,55,21,34
21,06,058,69,37,32,17,9,8,52,28,24
21,06,060,1013,508,505,1006,505,501,7,3,4
21,06,062,10,6,4,10,6,4,0,0,0
21,06,068,145,74,71,69,33,36,76,41,35
21,06,069,32,14,18,32,14,18,0,0,0
21,06,070,44969,22791,22178,39243,19869,19374,5726,2922,2804
21,06,072,342,169,173,156,78,78,186,91,95
21,06,090,23779,11969,11810,21452,10787,10665,2327,1182,1145
21,06,091,3907,1970,1937,3399,1722,1677,508,248,260
21,06,105,6319,3133,3186,5690,2806,2884,629,327,302
21,06,114,10,4,6,0,0,0,10,4,6
21,06,123,1195,584,611,731,359,372,464,225,239
21,07,001,2,1,1,2,1,1,0,0,0
21,07,002,32925,15297,17628,28598,13029,15569,4327,2268,2059
21,07,004,14,6,8,14,6,8,0,0,0
21,07,005,384,192,192,88,45,43,296,147,149
21,07,006,101633,51254,50379,90107,45178,44929,11526,6076,5450
21,07,007,123,66,57,122,65,57,1,1,0
21,07,008,18,13,5,6,6,0,12,7,5
21,07,009,2683,1334,1349,2679,1332,1347,4,2,2
21,07,010,11,6,5,0,0,0,11,6,5
21,07,011,393,176,217,346,154,192,47,22,25
21,07,012,5,2,3,5,2,3,0,0,0
21,07,013,1665,840,825,1606,805,801,59,35,24
21,07,014,769,550,219,34,23,11,735,527,208
21,07,015,1221790,621516,600274,1099869,557286,542583,121921,64230,57691
21,07,016,411,222,189,129,73,56,282,149,133
21,07,017,1,1,0,1,1,0,0,0,0
21,07,018,541890,272383,269507,534268,268423,265845,7622,3960,3662
21,07,019,2,1,1,0,0,0,2,1,1
21,07,020,110,65,45,53,27,26,57,38,19
21,07,021,858,463,395,523,270,253,335,193,142
21,07,022,12769,6674,6095,9145,4670,4475,3624,2004,1620
21,07,023,1,0,1,1,0,1,0,0,0
21,07,028,223,119,104,223,119,104,0,0,0
21,07,030,1,0,1,1,0,1,0,0,0
21,07,032,22852,11400,11452,21573,10753,10820,1279,647,632
21,07,040,79,35,44,69,30,39,10,5,5
21,07,043,69,35,34,69,35,34,0,0,0
21,07,044,25,14,11,25,14,11,0,0,0
21,07,046,1,1,0,1,1,0,0,0,0
21,07,048,120023,59560,60463,119492,59311,60181,531,249,282
21,07,051,1,1,0,1,1,0,0,0,0
21,07,053,1,0,1,1,0,1,0,0,0
21,07,054,1541,783,758,1541,783,758,0,0,0
21,07,058,102,53,49,101,53,48,1,0,1
21,07,060,13,9,4,5,3,2,8,6,2
21,07,062,74,29,45,74,29,45,0,0,0
21,07,063,74,36,38,74,36,38,0,0,0
21,07,065,67,32,35,67,32,35,0,0,0
21,07,067,3,1,2,3,1,2,0,0,0
21,07,068,208,109,99,193,102,91,15,7,8
21,07,069,9,5,4,9,5,4,0,0,0
21,07,070,67284,33595,33689,66886,33383,33503,398,212,186
21,07,072,865,448,417,855,438,417,10,10,0
21,07,073,631,322,309,631,322,309,0,0,0
21,07,075,1,1,0,0,0,0,1,1,0
21,07,081,4,3,1,4,3,1,0,0,0
21,07,083,5,5,0,0,0,0,5,5,0
21,07,090,12360,6139,6221,11790,5848,5942,570,291,279
21,07,091,69377,34827,34550,67713,33971,33742,1664,856,808
21,07,096,5,3,2,5,3,2,0,0,0
21,07,105,3555,1807,1748,3289,1662,1627,266,145,121
21,07,113,45,22,23,39,19,20,6,3,3
21,07,118,1,1,0,1,1,0,0,0,0
21,07,123,5500,2743,2757,5425,2703,2722,75,40,35
21,08,001,14,7,7,14,7,7,0,0,0
21,08,002,31354,11137,20217,21117,5977,15140,10237,5160,5077
21,08,003,3,1,2,3,1,2,0,0,0
21,08,004,5,4,1,5,4,1,0,0,0
21,08,005,829,421,408,53,28,25,776,393,383
21,08,006,9694,5277,4417,4190,2266,1924,5504,3011,2493
21,08,007,21,16,5,15,12,3,6,4,2
21,08,008,7,3,4,0,0,0,7,3,4
21,08,009,98,47,51,98,47,51,0,0,0
21,08,010,54,25,29,17,7,10,37,18,19
21,08,011,230,139,91,161,108,53,69,31,38
21,08,012,3,1,2,2,1,1,1,0,1
21,08,013,245,134,111,227,123,104,18,11,7
21,08,014,154,80,74,44,24,20,110,56,54
21,08,015,1825573,939680,885893,1658945,852572,806373,166628,87108,79520
21,08,016,230,129,101,73,49,24,157,80,77
21,08,017,10,5,5,0,0,0,10,5,5
21,08,018,53064,27048,26016,47525,24187,23338,5539,2861,2678
21,08,019,4,4,0,0,0,0,4,4,0
21,08,020,149,81,68,106,62,44,43,19,24
21,08,021,2614,1317,1297,1582,812,770,1032,505,527
21,08,022,67948,34614,33334,40301,20413,19888,27647,14201,13446
21,08,023,1,1,0,0,0,0,1,1,0
21,08,028,11,6,5,11,6,5,0,0,0
21,08,030,16,7,9,16,7,9,0,0,0
21,08,032,1671,814,857,1381,663,718,290,151,139
21,08,040,34,22,12,16,9,7,18,13,5
21,08,041,6,3,3,6,3,3,0,0,0
21,08,043,35,20,15,35,20,15,0,0,0
21,08,046,2,1,1,2,1,1,0,0,0
21,08,048,163,77,86,157,74,83,6,3,3
21,08,054,65,36,29,53,30,23,12,6,6
21,08,058,26,11,15,17,7,10,9,4,5
21,08,060,4,2,2,2,2,0,2,0,2
21,08,062,329,156,173,329,156,173,0,0,0
21,08,068,9,3,6,1,0,1,8,3,5
21,08,069,4,1,3,4,1,3,0,0,0
21,08,070,18702,9520,9182,17202,8767,8435,1500,753,747
21,08,072,19,5,14,19,5,14,0,0,0
21,08,073,320,149,171,320,149,171,0,0,0
21,08,082,3,2,1,3,2,1,0,0,0
21,08,090,1970,962,1008,1690,824,866,280,138,142
21,08,091,2900,1475,1425,2854,1443,1411,46,32,14
21,08,105,581,315,266,471,257,214,110,58,52
21,08,123,5334,2753,2581,5073,2614,2459,261,139,122
21,09,001,3,0,3,1,0,1,2,0,2
21,09,002,26969,13675,13294,24793,12575,12218,2176,1100,1076
21,09,005,379,201,178,155,82,73,224,119,105
21,09,006,3829,2087,1742,1653,921,732,2176,1166,1010
21,09,008,12,5,7,12,5,7,0,0,0
21,09,011,28,17,11,13,9,4,15,8,7
21,09,013,2,2,0,2,2,0,0,0,0
21,09,014,35,18,17,17,9,8,18,9,9
21,09,015,1207467,611320,596147,1122587,567131,555456,84880,44189,40691
21,09,016,56,36,20,8,7,1,48,29,19
21,09,018,1983,1034,949,1819,949,870,164,85,79
21,09,019,4,3,1,0,0,0,4,3,1
21,09,020,66,40,26,19,16,3,47,24,23
21,09,021,3707,1895,1812,2625,1356,1269,1082,539,543
21,09,022,81028,41072,39956,31474,15820,15654,49554,25252,24302
21,09,032,30,11,19,22,8,14,8,3,5
21,09,040,19,6,13,12,4,8,7,2,5
21,09,048,130,65,65,124,61,63,6,4,2
21,09,058,8,5,3,8,5,3,0,0,0
21,09,060,16,8,8,16,8,8,0,0,0
21,09,062,20,9,11,20,9,11,0,0,0
21,09,069,8,5,3,8,5,3,0,0,0
21,09,070,5769,3010,2759,5358,2700,2658,411,310,101
21,09,090,1137,582,555,988,511,477,149,71,78
21,09,091,101,48,53,101,48,53,0,0,0
21,09,105,687,362,325,653,346,307,34,16,18
21,09,116,15,8,7,15,8,7,0,0,0
21,09,123,241,118,123,175,86,89,66,32,34
21,10,001,2,1,1,1,1,0,1,0,1
21,10,002,75371,38817,36554,74673,38408,36265,698,409,289
21,10,005,16,7,9,0,0,0,16,7,9
21,10,006,603,366,237,430,265,165,173,101,72
21,10,007,10,6,4,10,6,4,0,0,0
21,10,011,21,18,3,18,17,1,3,1,2
21,10,013,21,14,7,17,11,6,4,3,1
21,10,014,56,31,25,19,12,7,37,19,18
21,10,015,1176486,582529,593957,1117635,552366,565269,58851,30163,28688
21,10,018,1716,905,811,1657,875,782,59,30,29
21,10,020,16,9,7,3,2,1,13,7,6
21,10,021,1412,738,674,1062,543,519,350,195,155
21,10,022,42012,20973,21039,28132,13874,14258,13880,7099,6781
21,10,032,319,174,145,319,174,145,0,0,0
21,10,040,3,2,1,1,1,0,2,1,1
21,10,048,12,8,4,9,6,3,3,2,1
21,10,054,5,2,3,0,0,0,5,2,3
21,10,058,6,4,2,5,3,2,1,1,0
21,10,060,35,18,17,35,18,17,0,0,0
21,10,070,32,18,14,21,14,7,11,4,7
21,10,090,65,31,34,54,24,30,11,7,4
21,10,091,5,3,2,5,3,2,0,0,0
21,10,105,3603,1670,1933,3584,1663,1921,19,7,12
21,10,123,178,94,84,178,94,84,0,0,0
21,11,001,22,16,6,1,1,0,21,15,6
21,11,002,30416,16066,14350,20458,10694,9764,9958,5372,4586
21,11,005,93,59,34,7,3,4,86,56,30
21,11,006,3755,2370,1385,2246,1422,824,1509,948,561
21,11,007,55,30,25,8,5,3,47,25,22
21,11,008,1,1,0,1,1,0,0,0,0
21,11,009,3,1,2,1,1,0,2,0,2
21,11,010,12,7,5,0,0,0,12,7,5
21,11,011,258,161,97,80,66,14,178,95,83
21,11,012,4,4,0,0,0,0,4,4,0
21,11,013,88,66,22,31,24,7,57,42,15
21,11,014,117,64,53,50,31,19,67,33,34
21,11,015,971216,494195,477021,892528,449975,442553,78688,44220,34468
21,11,016,209,167,42,141,116,25,68,51,17
21,11,018,1490,787,703,370,190,180,1120,597,523
21,11,019,3,1,2,0,0,0,3,1,2
21,11,020,244,156,88,98,64,34,146,92,54
21,11,021,9302,5093,4209,2023,1106,917,7279,3987,3292
21,11,022,37015,17850,19165,32685,15503,17182,4330,2347,1983
21,11,030,7,4,3,0,0,0,7,4,3
21,11,032,7,3,4,0,0,0,7,3,4
21,11,040,19,14,5,7,6,1,12,8,4
21,11,044,3,2,1,1,1,0,2,1,1
21,11,048,58,33,25,27,15,12,31,18,13
21,11,055,1,1,0,0,0,0,1,1,0
21,11,058,22,10,12,14,4,10,8,6,2
21,11,060,3,3,0,0,0,0,3,3,0
21,11,070,514,265,249,273,142,131,241,123,118
21,11,072,10,4,6,0,0,0,10,4,6
21,11,090,232,119,113,60,28,32,172,91,81
21,11,091,2,1,1,0,0,0,2,1,1
21,11,105,1907,939,968,1843,903,940,64,36,28
21,11,116,12,9,3,0,0,0,12,9,3
21,11,123,529,380,149,227,141,86,302,239,63
21,12,001,46,27,19,5,4,1,41,23,18
21,12,002,23909,12720,11189,3335,1700,1635,20574,11020,9554
21,12,003,5,2,3,0,0,0,5,2,3
21,12,004,1,1,0,0,0,0,1,1,0
21,12,005,2172,1100,1072,28,18,10,2144,1082,1062
21,12,006,26802,14901,11901,2456,1327,1129,24346,13574,10772
21,12,007,56,34,22,0,0,0,56,34,22
21,12,008,3,3,0,0,0,0,3,3,0
21,12,009,6,5,1,1,1,0,5,4,1
21,12,010,110,73,37,1,1,0,109,72,37
21,12,011,722,397,325,28,16,12,694,381,313
21,12,012,6,3,3,2,0,2,4,3,1
21,12,013,224,120,104,6,3,3,218,117,101
21,12,014,428,278,150,52,35,17,376,243,133
21,12,015,2126375,1096319,1030056,1611119,821045,790074,515256,275274,239982
21,12,016,1122,617,505,14,10,4,1108,607,501
21,12,017,13,8,5,0,0,0,13,8,5
21,12,018,3127,1607,1520,910,429,481,2217,1178,1039
21,12,019,32,18,14,0,0,0,32,18,14
21,12,020,455,225,230,30,19,11,425,206,219
21,12,021,27316,14015,13301,1952,1062,890,25364,12953,12411
21,12,022,110210,55637,54573,64698,31819,32879,45512,23818,21694
21,12,023,2,0,2,0,0,0,2,0,2
21,12,028,5,3,2,4,3,1,1,0,1
21,12,032,83,47,36,0,0,0,83,47,36
21,12,040,206,99,107,17,9,8,189,90,99
21,12,043,2,0,2,2,0,2,0,0,0
21,12,044,10,7,3,0,0,0,10,7,3
21,12,048,3142,1589,1553,2986,1498,1488,156,91,65
21,12,050,122,63,59,122,63,59,0,0,0
21,12,054,11,5,6,0,0,0,11,5,6
21,12,058,41,22,19,34,18,16,7,4,3
21,12,060,4,3,1,2,1,1,2,2,0
21,12,069,1,1,0,0,0,0,1,1,0
21,12,070,1807,941,866,1328,662,666,479,279,200
21,12,072,6,3,3,3,2,1,3,1,2
21,12,073,13,7,6,13,7,6,0,0,0
21,12,075,1,1,0,0,0,0,1,1,0
21,12,082,5,1,4,0,0,0,5,1,4
21,12,083,1,1,0,1,1,0,0,0,0
21,12,090,3376,1804,1572,3176,1691,1485,200,113,87
21,12,091,444,257,187,433,252,181,11,5,6
21,12,105,8285,4590,3695,7023,3793,3230,1262,797,465
21,12,114,6,3,3,2,1,1,4,2,2
21,12,123,381,224,157,181,101,80,200,123,77
21,13,001,1,0,1,1,0,1,0,0,0
21,13,002,4649,2464,2185,2705,1392,1313,1944,1072,872
21,13,005,162,90,72,44,27,17,118,63,55
21,13,006,10476,5527,4949,8852,4607,4245,1624,920,704
21,13,007,1,1,0,0,0,0,1,1,0
21,13,009,80,41,39,80,41,39,0,0,0
21,13,010,12,9,3,0,0,0,12,9,3
21,13,011,95,65,30,30,18,12,65,47,18
21,13,012,1,1,0,1,1,0,0,0,0
21,13,013,57,31,26,40,22,18,17,9,8
21,13,014,60,39,21,32,21,11,28,18,10
21,13,015,1479183,750205,728978,1419155,718751,700404,60028,31454,28574
21,13,016,317,190,127,73,46,27,244,144,100
21,13,017,4,2,2,4,2,2,0,0,0
21,13,018,7651,3957,3694,6201,3261,2940,1450,696,754
21,13,019,4,2,2,4,2,2,0,0,0
21,13,020,100,60,40,31,16,15,69,44,25
21,13,021,3237,1675,1562,2402,1245,1157,835,430,405
21,13,022,74266,37001,37265,69446,34504,34942,4820,2497,2323
21,13,028,1,1,0,0,0,0,1,1,0
21,13,032,356,167,189,356,167,189,0,0,0
21,13,040,28,11,17,22,9,13,6,2,4
21,13,048,13036,6570,6466,12803,6455,6348,233,115,118
21,13,050,715,347,368,715,347,368,0,0,0
21,13,058,23,13,10,17,10,7,6,3,3
21,13,060,97,48,49,90,44,46,7,4,3
21,13,068,33,16,17,33,16,17,0,0,0
21,13,069,1,0,1,1,0,1,0,0,0
21,13,070,12113,6181,5932,11343,5767,5576,770,414,356
21,13,072,103,61,42,103,61,42,0,0,0
21,13,075,1,0,1,1,0,1,0,0,0
21,13,090,13858,7051,6807,13359,6802,6557,499,249,250
21,13,091,1613,849,764,1611,848,763,2,1,1
21,13,105,1493,803,690,1392,745,647,101,58,43
21,13,123,514,269,245,414,216,198,100,53,47
21,14,001,3,2,1,1,0,1,2,2,0
21,14,002,1332,731,601,588,332,256,744,399,345
21,14,005,96,56,40,1,1,0,95,55,40
21,14,006,3001,1652,1349,1730,944,786,1271,708,563
21,14,007,1,1,0,1,1,0,0,0,0
21,14,009,10,4,6,10,4,6,0,0,0
21,14,010,29,17,12,6,2,4,23,15,8
21,14,011,104,58,46,90,47,43,14,11,3
21,14,012,1,0,1,0,0,0,1,0,1
21,14,013,23,9,14,23,9,14,0,0,0
21,14,014,104,85,19,76,62,14,28,23,5
21,14,015,1033294,526749,506545,945234,480473,464761,88060,46276,41784
21,14,016,34,24,10,29,22,7,5,2,3
21,14,018,7189,3683,3506,7087,3593,3494,102,90,12
21,14,019,3,2,1,3,2,1,0,0,0
21,14,020,153,84,69,96,57,39,57,27,30
21,14,021,1333,682,651,1014,519,495,319,163,156
21,14,022,2478,1324,1154,685,381,304,1793,943,850
21,14,023,3,3,0,3,3,0,0,0,0
21,14,028,2,2,0,2,2,0,0,0,0
21,14,032,3,2,1,2,1,1,1,1,0
21,14,040,8,4,4,5,3,2,3,1,2
21,14,043,2,2,0,2,2,0,0,0,0
21,14,044,10,6,4,10,6,4,0,0,0
21,14,048,1808,903,905,1808,903,905,0,0,0
21,14,050,2874,1448,1426,2636,1328,1308,238,120,118
21,14,054,9,4,5,7,3,4,2,1,1
21,14,055,5,5,0,5,5,0,0,0,0
21,14,058,31,14,17,27,12,15,4,2,2
21,14,059,1,0,1,0,0,0,1,0,1
21,14,060,3,1,2,3,1,2,0,0,0
21,14,062,1,1,0,1,1,0,0,0,0
21,14,068,5,3,2,5,3,2,0,0,0
21,14,069,25,11,14,25,11,14,0,0,0
21,14,070,2255,1130,1125,2255,1130,1125,0,0,0
21,14,072,21,11,10,21,11,10,0,0,0
21,14,090,8303,4142,4161,8236,4100,4136,67,42,25
21,14,091,581,293,288,575,290,285,6,3,3
21,14,093,1,1,0,1,1,0,0,0,0
21,14,095,1,1,0,0,0,0,1,1,0
21,14,105,1583,774,809,1507,736,771,76,38,38
21,14,113,5,2,3,5,2,3,0,0,0
21,14,123,150,75,75,149,75,74,1,0,1
21,15,001,53,30,23,12,8,4,41,22,19
21,15,002,4114,2368,1746,974,564,410,3140,1804,1336
21,15,003,4,2,2,0,0,0,4,2,2
21,15,004,4,2,2,0,0,0,4,2,2
21,15,005,253,132,121,52,29,23,201,103,98
21,15,006,12729,7338,5391,3716,2133,1583,9013,5205,3808
21,15,007,57,23,34,18,7,11,39,16,23
21,15,008,9,4,5,0,0,0,9,4,5
21,15,009,5,3,2,5,3,2,0,0,0
21,15,010,53,28,25,14,8,6,39,20,19
21,15,011,585,357,228,200,121,79,385,236,149
21,15,012,19,10,9,2,1,1,17,9,8
21,15,013,222,110,112,27,15,12,195,95,100
21,15,014,159,102,57,59,34,25,100,68,32
21,15,015,1086082,558312,527770,952205,486144,466061,133877,72168,61709
21,15,016,891,521,370,103,71,32,788,450,338
21,15,017,2,2,0,1,1,0,1,1,0
21,15,018,4935,2600,2335,1406,730,676,3529,1870,1659
21,15,019,14,7,7,5,3,2,9,4,5
21,15,020,692,365,327,119,65,54,573,300,273
21,15,021,2180,1143,1037,830,443,387,1350,700,650
21,15,022,3235,1831,1404,886,490,396,2349,1341,1008
21,15,026,1,1,0,0,0,0,1,1,0
21,15,028,1,0,1,1,0,1,0,0,0
21,15,030,7,4,3,7,4,3,0,0,0
21,15,032,18,11,7,6,4,2,12,7,5
21,15,040,21,11,10,15,7,8,6,4,2
21,15,044,22,13,9,15,10,5,7,3,4
21,15,048,12804,6402,6402,11891,5918,5973,913,484,429
21,15,050,589,289,300,589,289,300,0,0,0
21,15,054,74,36,38,56,26,30,18,10,8
21,15,058,31,16,15,30,16,14,1,0,1
21,15,060,794,402,392,778,392,386,16,10,6
21,15,062,407,210,197,404,209,195,3,1,2
21,15,070,3324,1652,1672,2915,1438,1477,409,214,195
21,15,072,170,81,89,145,70,75,25,11,14
21,15,075,1,0,1,0,0,0,1,0,1
21,15,083,4,3,1,0,0,0,4,3,1
21,15,090,3375,1750,1625,2372,1237,1135,1003,513,490
21,15,091,194,95,99,182,86,96,12,9,3
21,15,105,1552,792,760,1391,703,688,161,89,72
21,15,123,317,176,141,156,89,67,161,87,74
21,16,002,168,112,56,111,81,30,57,31,26
21,16,005,32,18,14,0,0,0,32,18,14
21,16,006,516,328,188,342,227,115,174,101,73
21,16,011,22,13,9,11,5,6,11,8,3
21,16,013,10,5,5,6,2,4,4,3,1
21,16,014,19,10,9,5,3,2,14,7,7
21,16,015,852224,439801,412423,815837,420794,395043,36387,19007,17380
21,16,016,10,6,4,1,1,0,9,5,4
21,16,018,13,5,8,7,2,5,6,3,3
21,16,020,24,22,2,2,1,1,22,21,1
21,16,021,1942,989,953,1764,899,865,178,90,88
21,16,022,1697,928,769,1603,884,719,94,44,50
21,16,028,4,1,3,4,1,3,0,0,0
21,16,040,1,1,0,1,1,0,0,0,0
21,16,058,12,6,6,12,6,6,0,0,0
21,16,069,236,118,118,236,118,118,0,0,0
21,16,070,6265,3177,3088,6255,3172,3083,10,5,5
21,16,105,1309,634,675,1243,595,648,66,39,27
21,16,123,12,3,9,10,2,8,2,1,1
21,17,001,89,55,34,5,4,1,84,51,33
21,17,002,27126,14564,12562,7944,4077,3867,19182,10487,8695
21,17,003,7,3,4,0,0,0,7,3,4
21,17,004,12,7,5,0,0,0,12,7,5
21,17,005,1148,583,565,1,1,0,1147,582,565
21,17,006,22193,13227,8966,727,427,300,21466,12800,8666
21,17,007,153,91,62,8,6,2,145,85,60
21,17,008,18,8,10,4,2,2,14,6,8
21,17,009,21,13,8,0,0,0,21,13,8
21,17,010,172,97,75,0,0,0,172,97,75
21,17,011,1372,769,603,31,20,11,1341,749,592
21,17,012,23,13,10,0,0,0,23,13,10
21,17,013,427,243,184,15,15,0,412,228,184
21,17,014,677,398,279,21,9,12,656,389,267
21,17,015,1720941,902773,818168,1034332,524208,510124,686609,378565,308044
21,17,016,1683,895,788,12,9,3,1671,886,785
21,17,017,4,3,1,3,2,1,1,1,0
21,17,018,8073,4306,3767,1160,619,541,6913,3687,3226
21,17,019,87,47,40,0,0,0,87,47,40
21,17,020,926,494,432,7,4,3,919,490,429
21,17,021,39844,20459,19385,2358,1225,1133,37486,19234,18252
21,17,022,42813,22622,20191,22146,11330,10816,20667,11292,9375
21,17,028,7,3,4,0,0,0,7,3,4
21,17,032,151,69,82,51,22,29,100,47,53
21,17,039,1,1,0,0,0,0,1,1,0
21,17,040,348,170,178,4,2,2,344,168,176
21,17,041,3,2,1,2,1,1,1,1,0
21,17,043,3,2,1,0,0,0,3,2,1
21,17,044,29,16,13,28,15,13,1,1,0
21,17,048,906,485,421,361,184,177,545,301,244
21,17,050,5,5,0,0,0,0,5,5,0
21,17,053,1,1,0,0,0,0,1,1,0
21,17,054,60,39,21,0,0,0,60,39,21
21,17,055,2,1,1,1,1,0,1,0,1
21,17,058,219,120,99,10,4,6,209,116,93
21,17,060,19,11,8,0,0,0,19,11,8
21,17,062,6,5,1,0,0,0,6,5,1
21,17,065,4,2,2,0,0,0,4,2,2
21,17,068,30,18,12,0,0,0,30,18,12
21,17,069,54,52,2,0,0,0,54,52,2
21,17,070,3454,1912,1542,527,289,238,2927,1623,1304
21,17,072,134,70,64,4,2,2,130,68,62
21,17,073,7,5,2,4,2,2,3,3,0
21,17,075,4,2,2,0,0,0,4,2,2
21,17,083,557,298,259,518,270,248,39,28,11
21,17,090,1978,1029,949,908,479,429,1070,550,520
21,17,091,274,147,127,74,37,37,200,110,90
21,17,105,688,386,302,366,194,172,322,192,130
21,17,110,3,3,0,0,0,0,3,3,0
21,17,114,5,4,1,0,0,0,5,4,1
21,17,116,4,3,1,0,0,0,4,3,1
21,17,123,630,355,275,57,30,27,573,325,248
21,18,001,10,7,3,3,1,2,7,6,1
21,18,002,5576,2876,2700,1159,614,545,4417,2262,2155
21,18,005,34,18,16,5,2,3,29,16,13
21,18,006,2341,1286,1055,264,138,126,2077,1148,929
21,18,007,4,2,2,4,2,2,0,0,0
21,18,008,2,1,1,2,1,1,0,0,0
21,18,009,2,1,1,0,0,0,2,1,1
21,18,010,9,4,5,0,0,0,9,4,5
21,18,011,57,23,34,0,0,0,57,23,34
21,18,013,14,8,6,2,1,1,12,7,5
21,18,014,62,43,19,13,8,5,49,35,14
21,18,015,1424818,723861,700957,1257054,636273,620781,167764,87588,80176
21,18,016,23,14,9,8,7,1,15,7,8
21,18,017,1,1,0,0,0,0,1,1,0
21,18,018,161,109,52,14,4,10,147,105,42
21,18,020,47,23,24,9,6,3,38,17,21
21,18,021,28152,14206,13946,3809,1934,1875,24343,12272,12071
21,18,022,35786,18083,17703,31342,15745,15597,4444,2338,2106
21,18,028,1,1,0,1,1,0,0,0,0
21,18,032,4,3,1,0,0,0,4,3,1
21,18,040,4,2,2,2,1,1,2,1,1
21,18,044,4,1,3,0,0,0,4,1,3
21,18,048,27,24,3,5,3,2,22,21,1
21,18,054,7,3,4,0,0,0,7,3,4
21,18,058,3,1,2,2,0,2,1,1,0
21,18,070,167,118,49,68,37,31,99,81,18
21,18,083,7,1,6,0,0,0,7,1,6
21,18,090,128,69,59,112,57,55,16,12,4
21,18,091,2,0,2,1,0,1,1,0,1
21,18,105,5107,2537,2570,4720,2342,2378,387,195,192
21,18,123,122,63,59,55,22,33,67,41,26
21,19,001,52,36,16,44,31,13,8,5,3
21,19,002,2192,1393,799,478,293,185,1714,1100,614
21,19,004,7,5,2,7,5,2,0,0,0
21,19,005,476,245,231,23,13,10,453,232,221
21,19,006,7003,4137,2866,3744,2294,1450,3259,1843,1416
21,19,007,66,42,24,36,24,12,30,18,12
21,19,008,2,2,0,2,2,0,0,0,0
21,19,009,1,1,0,1,1,0,0,0,0
21,19,010,7,5,2,4,4,0,3,1,2
21,19,011,558,318,240,191,119,72,367,199,168
21,19,012,15,9,6,8,5,3,7,4,3
21,19,013,341,217,124,234,155,79,107,62,45
21,19,014,200,113,87,60,38,22,140,75,65
21,19,015,2836679,1422025,1414654,2360840,1176404,1184436,475839,245621,230218
21,19,016,399,220,179,185,113,72,214,107,107
21,19,017,5,3,2,1,1,0,4,2,2
21,19,018,248,135,113,201,110,91,47,25,22
21,19,019,7,5,2,1,1,0,6,4,2
21,19,020,389,249,140,172,119,53,217,130,87
21,19,021,274772,134199,140573,207734,100303,107431,67038,33896,33142
21,19,022,7374,3775,3599,1175,580,595,6199,3195,3004
21,19,030,6,4,2,6,4,2,0,0,0
21,19,032,1,0,1,1,0,1,0,0,0
21,19,040,116,54,62,25,14,11,91,40,51
21,19,044,1,0,1,0,0,0,1,0,1
21,19,048,4,2,2,2,1,1,2,1,1
21,19,050,28,13,15,0,0,0,28,13,15
21,19,054,1,0,1,0,0,0,1,0,1
21,19,058,522,275,247,371,196,175,151,79,72
21,19,069,458,230,228,457,230,227,1,0,1
21,19,070,16500,8220,8280,16285,8105,8180,215,115,100
21,19,072,2,0,2,0,0,0,2,0,2
21,19,075,1,0,1,1,0,1,0,0,0
21,19,082,1,1,0,1,1,0,0,0,0
21,19,083,7339,3619,3720,7291,3588,3703,48,31,17
21,19,090,17,8,9,10,4,6,7,4,3
21,19,105,4682,2327,2355,4573,2266,2307,109,61,48
21,19,114,2,0,2,0,0,0,2,0,2
21,19,123,161,99,62,112,62,50,49,37,12
21,20,001,1,0,1,1,0,1,0,0,0
21,20,002,79,40,39,63,32,31,16,8,8
21,20,005,25,13,12,24,13,11,1,0,1
21,20,006,255,152,103,147,93,54,108,59,49
21,20,007,7,3,4,7,3,4,0,0,0
21,20,011,38,23,15,28,16,12,10,7,3
21,20,013,67,35,32,6,4,2,61,31,30
21,20,014,11,4,7,7,2,5,4,2,2
21,20,015,220882,110428,110454,193801,96609,97192,27081,13819,13262
21,20,016,2,2,0,1,1,0,1,1,0
21,20,018,11,6,5,11,6,5,0,0,0
21,20,020,36,17,19,22,12,10,14,5,9
21,20,021,94453,46447,48006,69353,34081,35272,25100,12366,12734
21,20,022,404,194,210,77,36,41,327,158,169
21,20,030,18,11,7,18,11,7,0,0,0
21,20,032,10,5,5,10,5,5,0,0,0
21,20,040,23,15,8,23,15,8,0,0,0
21,20,044,1,1,0,1,1,0,0,0,0
21,20,046,465,211,254,465,211,254,0,0,0
21,20,051,1,1,0,1,1,0,0,0,0
21,20,058,2359,1099,1260,2359,1099,1260,0,0,0
21,20,060,4,3,1,4,3,1,0,0,0
21,20,061,1,0,1,1,0,1,0,0,0
21,20,065,20,9,11,20,9,11,0,0,0
21,20,069,5,2,3,5,2,3,0,0,0
21,20,070,23323,11237,12086,23310,11233,12077,13,4,9
21,20,075,1,1,0,1,1,0,0,0,0
21,20,083,69695,33691,36004,69664,33671,35993,31,20,11
21,20,090,60,29,31,60,29,31,0,0,0
21,20,105,103657,50334,53323,103543,50255,53288,114,79,35
21,20,114,1660,810,850,1660,810,850,0,0,0
21,20,123,1263,600,663,1256,598,658,7,2,5
21,21,001,1,0,1,1,0,1,0,0,0
21,21,002,234,135,99,120,80,40,114,55,59
21,21,005,9,6,3,9,6,3,0,0,0
21,21,006,415,252,163,193,130,63,222,122,100
21,21,007,1,0,1,1,0,1,0,0,0
21,21,009,3,0,3,3,0,3,0,0,0
21,21,010,10,5,5,0,0,0,10,5,5
21,21,011,71,32,39,53,23,30,18,9,9
21,21,013,12,5,7,3,0,3,9,5,4
21,21,014,64,63,1,63,62,1,1,1,0
21,21,015,338992,171110,167882,299939,150573,149366,39053,20537,18516
21,21,016,23,15,8,2,2,0,21,13,8
21,21,018,27,17,10,15,12,3,12,5,7
21,21,019,1,1,0,1,1,0,0,0,0
21,21,020,42,25,17,30,19,11,12,6,6
21,21,021,1033,560,473,543,288,255,490,272,218
21,21,022,707,360,347,190,101,89,517,259,258
21,21,040,11,7,4,9,6,3,2,1,1
21,21,044,544,249,295,540,247,293,4,2,2
21,21,048,10,6,4,8,4,4,2,2,0
21,21,058,1462,696,766,1458,695,763,4,1,3
21,21,060,7,7,0,7,7,0,0,0,0
21,21,065,2,1,1,2,1,1,0,0,0
21,21,070,303540,148734,154806,300048,147239,152809,3492,1495,1997
21,21,072,4,2,2,4,2,2,0,0,0
21,21,075,2,2,0,2,2,0,0,0,0
21,21,082,9,9,0,9,9,0,0,0,0
21,21,083,628,318,310,585,275,310,43,43,0
21,21,090,9,5,4,3,3,0,6,2,4
21,21,091,1,1,0,1,1,0,0,0,0
21,21,105,304,167,137,242,132,110,62,35,27
21,21,123,23,9,14,23,9,14,0,0,0
21,22,002,76,51,25,26,20,6,50,31,19
21,22,006,572,349,223,316,185,131,256,164,92
21,22,007,2,1,1,2,1,1,0,0,0
21,22,010,5,3,2,0,0,0,5,3,2
21,22,011,12,8,4,5,3,2,7,5,2
21,22,013,11,4,7,11,4,7,0,0,0
21,22,015,366812,184519,182293,349598,175677,173921,17214,8842,8372
21,22,017,35,23,12,7,2,5,28,21,7
21,22,018,8,4,4,8,4,4,0,0,0
21,22,020,73,38,35,69,36,33,4,2,2
21,22,021,671,323,348,616,292,324,55,31,24
21,22,022,295,150,145,87,50,37,208,100,108
21,22,040,4,1,3,4,1,3,0,0,0
21,22,058,12,6,6,12,6,6,0,0,0
21,22,059,65,33,32,65,33,32,0,0,0
21,22,070,1372,683,689,1362,679,683,10,4,6
21,22,105,3330,1950,1380,3142,1847,1295,188,103,85
21,22,123,17,9,8,17,9,8,0,0,0
21,23,001,1,0,1,1,0,1,0,0,0
21,23,002,136,88,48,92,60,32,44,28,16
21,23,005,75,38,37,75,38,37,0,0,0
21,23,006,1343,731,612,894,479,415,449,252,197
21,23,010,9,5,4,8,4,4,1,1,0
21,23,011,9,5,4,1,1,0,8,4,4
21,23,013,19,8,11,16,7,9,3,1,2
21,23,014,50,42,8,15,9,6,35,33,2
21,23,015,535995,272431,263564,497172,252337,244835,38823,20094,18729
21,23,016,2,1,1,2,1,1,0,0,0
21,23,017,8,4,4,8,4,4,0,0,0
21,23,018,33,20,13,30,18,12,3,2,1
21,23,019,6,2,4,6,2,4,0,0,0
21,23,020,91,42,49,75,32,43,16,10,6
21,23,021,1549,807,742,1218,624,594,331,183,148
21,23,022,289,155,134,76,44,32,213,111,102
21,23,040,4,4,0,4,4,0,0,0,0
21,23,044,61,31,30,61,31,30,0,0,0
21,23,045,16,6,10,16,6,10,0,0,0
21,23,054,12,7,5,12,7,5,0,0,0
21,23,058,21,12,9,20,11,9,1,1,0
21,23,060,2,1,1,2,1,1,0,0,0
21,23,062,52,34,18,52,34,18,0,0,0
21,23,070,154,79,75,143,71,72,11,8,3
21,23,072,7,5,2,6,4,2,1,1,0
21,23,090,461,231,230,461,231,230,0,0,0
21,23,091,25,15,10,25,15,10,0,0,0
21,23,093,1,1,0,1,1,0,0,0,0
21,23,104,1,0,1,1,0,1,0,0,0
21,23,105,1321,756,565,1192,689,503,129,67,62
21,23,123,82,40,42,82,40,42,0,0,0
21,24,001,6,5,1,6,5,1,0,0,0
21,24,002,1107,622,485,453,250,203,654,372,282
21,24,003,23,9,14,0,0,0,23,9,14
21,24,005,1123,587,536,87,50,37,1036,537,499
21,24,006,16836,9070,7766,4712,2623,2089,12124,6447,5677
21,24,007,31,19,12,16,8,8,15,11,4
21,24,009,2,2,0,0,0,0,2,2,0
21,24,010,19,10,9,6,4,2,13,6,7
21,24,011,216,117,99,74,54,20,142,63,79
21,24,012,3,0,3,3,0,3,0,0,0
21,24,013,135,89,46,75,54,21,60,35,25
21,24,014,103,75,28,47,40,7,56,35,21
21,24,015,1309668,658996,650672,1173777,589013,584764,135891,69983,65908
21,24,016,311,186,125,64,56,8,247,130,117
21,24,017,2,2,0,2,2,0,0,0,0
21,24,018,38,20,18,19,14,5,19,6,13
21,24,019,449,234,215,79,37,42,370,197,173
21,24,020,244,175,69,145,118,27,99,57,42
21,24,021,2626,1401,1225,831,433,398,1795,968,827
21,24,022,1601,839,762,312,154,158,1289,685,604
21,24,028,9,4,5,0,0,0,9,4,5
21,24,040,34,17,17,27,14,13,7,3,4
21,24,044,253,122,131,242,119,123,11,3,8
21,24,045,6,4,2,0,0,0,6,4,2
21,24,048,4,2,2,3,2,1,1,0,1
21,24,058,313,168,145,308,164,144,5,4,1
21,24,060,1,1,0,1,1,0,0,0,0
21,24,070,26,9,17,16,7,9,10,2,8
21,24,072,10,6,4,5,4,1,5,2,3
21,24,079,5,3,2,0,0,0,5,3,2
21,24,090,11,3,8,5,2,3,6,1,5
21,24,091,5,3,2,3,2,1,2,1,1
21,24,105,1728,1059,669,1366,856,510,362,203,159
21,24,123,246,126,120,187,96,91,59,30,29
21,25,001,9,8,1,9,8,1,0,0,0
21,25,002,206,115,91,130,75,55,76,40,36
21,25,003,2,2,0,2,2,0,0,0,0
21,25,005,815,423,392,287,157,130,528,266,262
21,25,006,94673,46609,48064,82588,40568,42020,12085,6041,6044
21,25,007,5,2,3,5,2,3,0,0,0
21,25,010,8,7,1,4,4,0,4,3,1
21,25,011,76,39,37,16,7,9,60,32,28
21,25,013,375,202,173,114,69,45,261,133,128
21,25,014,23,13,10,3,3,0,20,10,10
21,25,015,428213,213759,214454,412391,205658,206733,15822,8101,7721
21,25,016,506,262,244,12,7,5,494,255,239
21,25,017,1,1,0,1,1,0,0,0,0
21,25,018,869,423,446,862,420,442,7,3,4
21,25,019,86,44,42,25,13,12,61,31,30
21,25,020,70,42,28,22,13,9,48,29,19
21,25,021,571,308,263,361,202,159,210,106,104
21,25,022,686,349,337,402,201,201,284,148,136
21,25,030,6,3,3,0,0,0,6,3,3
21,25,032,2,2,0,2,2,0,0,0,0
21,25,040,9,4,5,0,0,0,9,4,5
21,25,044,32,17,15,32,17,15,0,0,0
21,25,048,4,2,2,1,1,0,3,1,2
21,25,054,90,45,45,90,45,45,0,0,0
21,25,058,7,4,3,7,4,3,0,0,0
21,25,070,15,10,5,6,4,2,9,6,3
21,25,075,2,2,0,0,0,0,2,2,0
21,25,083,40,18,22,40,18,22,0,0,0
21,25,090,17,6,11,17,6,11,0,0,0
21,25,091,3,2,1,3,2,1,0,0,0
21,25,105,668,386,282,651,374,277,17,12,5
21,25,114,2,1,1,2,1,1,0,0,0
21,25,123,2599,1286,1313,2567,1262,1305,32,24,8
21,26,001,2,2,0,2,2,0,0,0,0
21,26,002,684,380,304,440,229,211,244,151,93
21,26,005,179,92,87,57,29,28,122,63,59
21,26,006,12427,6486,5941,7231,3718,3513,5196,2768,2428
21,26,007,15,7,8,14,7,7,1,0,1
21,26,010,8,3,5,4,2,2,4,1,3
21,26,011,147,88,59,36,23,13,111,65,46
21,26,013,150,77,73,95,50,45,55,27,28
21,26,014,67,37,30,6,3,3,61,34,27
21,26,015,1235468,617645,617823,1144726,570754,573972,90742,46891,43851
21,26,016,509,270,239,38,24,14,471,246,225
21,26,018,57,29,28,40,20,20,17,9,8
21,26,019,268,143,125,0,0,0,268,143,125
21,26,020,111,72,39,45,29,16,66,43,23
21,26,021,6009,3116,2893,4425,2296,2129,1584,820,764
21,26,022,1252,642,610,151,80,71,1101,562,539
21,26,023,1,1,0,1,1,0,0,0,0
21,26,028,2,1,1,2,1,1,0,0,0
21,26,030,31,11,20,31,11,20,0,0,0
21,26,040,8,5,3,8,5,3,0,0,0
21,26,043,2,1,1,2,1,1,0,0,0
21,26,044,70,26,44,70,26,44,0,0,0
21,26,048,292,137,155,285,132,153,7,5,2
21,26,058,81,41,40,70,35,35,11,6,5
21,26,062,7,4,3,7,4,3,0,0,0
21,26,065,6,2,4,6,2,4,0,0,0
21,26,069,5,4,1,5,4,1,0,0,0
21,26,070,74025,36299,37726,73939,36256,37683,86,43,43
21,26,072,4,3,1,0,0,0,4,3,1
21,26,090,20,10,10,14,7,7,6,3,3
21,26,091,10,5,5,6,3,3,4,2,2
21,26,096,3,2,1,3,2,1,0,0,0
21,26,105,3099,1668,1431,3048,1643,1405,51,25,26
21,26,123,475,217,258,468,213,255,7,4,3
21,27,001,7,2,5,3,1,2,4,1,3
21,27,002,1116,583,533,661,339,322,455,244,211
21,27,005,450,233,217,163,83,80,287,150,137
21,27,006,4404,2346,2058,1635,854,781,2769,1492,1277
21,27,007,3,2,1,0,0,0,3,2,1
21,27,008,7,3,4,0,0,0,7,3,4
21,27,010,15,6,9,0,0,0,15,6,9
21,27,011,316,159,157,104,52,52,212,107,105
21,27,013,154,85,69,107,60,47,47,25,22
21,27,014,100,74,26,44,38,6,56,36,20
21,27,015,367363,184092,183271,305912,152660,153252,61451,31432,30019
21,27,016,167,94,73,38,19,19,129,75,54
21,27,017,9,4,5,9,4,5,0,0,0
21,27,018,52,30,22,39,22,17,13,8,5
21,27,019,164,86,78,0,0,0,164,86,78
21,27,020,278,144,134,102,54,48,176,90,86
21,27,021,101546,50665,50881,60960,30159,30801,40586,20506,20080
21,27,022,1765,932,833,332,182,150,1433,750,683
21,27,028,5,5,0,5,5,0,0,0,0
21,27,030,54,26,28,54,26,28,0,0,0
21,27,032,5,1,4,0,0,0,5,1,4
21,27,040,27,13,14,10,6,4,17,7,10
21,27,041,76,37,39,76,37,39,0,0,0
21,27,048,19,8,11,18,7,11,1,1,0
21,27,049,1,1,0,1,1,0,0,0,0
21,27,050,122,50,72,122,50,72,0,0,0
21,27,053,43,20,23,43,20,23,0,0,0
21,27,054,1,0,1,1,0,1,0,0,0
21,27,058,57946,27844,30102,56031,26941,29090,1915,903,1012
21,27,060,2,1,1,2,1,1,0,0,0
21,27,065,1,0,1,1,0,1,0,0,0
21,27,069,670,324,346,670,324,346,0,0,0
21,27,070,220518,106073,114445,217579,104726,112853,2939,1347,1592
21,27,072,12,6,6,2,1,1,10,5,5
21,27,075,27,12,15,27,12,15,0,0,0
21,27,083,60779,29683,31096,58886,28753,30133,1893,930,963
21,27,090,38,21,17,38,21,17,0,0,0
21,27,096,862,439,423,862,439,423,0,0,0
21,27,105,8533,4039,4494,8237,3887,4350,296,152,144
21,27,123,3452,1649,1803,2928,1374,1554,524,275,249
21,28,002,49310,25333,23977,44713,23005,21708,4597,2328,2269
21,28,005,337,161,176,251,121,130,86,40,46
21,28,006,41169,20480,20689,39069,19361,19708,2100,1119,981
21,28,007,18,9,9,14,6,8,4,3,1
21,28,009,33,15,18,33,15,18,0,0,0
21,28,011,102,56,46,17,8,9,85,48,37
21,28,013,690,353,337,672,340,332,18,13,5
21,28,014,50,28,22,9,6,3,41,22,19
21,28,015,837666,420459,417207,791714,396515,395199,45952,23944,22008
21,28,016,74,40,34,48,24,24,26,16,10
21,28,018,121,65,56,111,59,52,10,6,4
21,28,019,254,134,120,179,97,82,75,37,38
21,28,020,346,229,117,208,142,66,138,87,51
21,28,021,7605,3821,3784,2816,1420,1396,4789,2401,2388
21,28,022,2319,1163,1156,1146,563,583,1173,600,573
21,28,023,3,2,1,3,2,1,0,0,0
21,28,030,342,179,163,342,179,163,0,0,0
21,28,031,16,7,9,16,7,9,0,0,0
21,28,032,5,4,1,5,4,1,0,0,0
21,28,040,15,6,9,4,2,2,11,4,7
21,28,041,562,277,285,562,277,285,0,0,0
21,28,044,55147,27758,27389,55072,27725,27347,75,33,42
21,28,045,10542,5186,5356,10541,5185,5356,1,1,0
21,28,046,4,2,2,4,2,2,0,0,0
21,28,048,64,37,27,64,37,27,0,0,0
21,28,051,2,2,0,2,2,0,0,0,0
21,28,055,5,3,2,0,0,0,5,3,2
21,28,058,7721,3823,3898,7700,3812,3888,21,11,10
21,28,065,56,29,27,56,29,27,0,0,0
21,28,070,7506,3667,3839,7499,3662,3837,7,5,2
21,28,071,16,5,11,16,5,11,0,0,0
21,28,072,5,3,2,5,3,2,0,0,0
21,28,083,38,21,17,38,21,17,0,0,0
21,28,090,24,21,3,24,21,3,0,0,0
21,28,096,207,101,106,205,100,105,2,1,1
21,28,105,261,145,116,224,123,101,37,22,15
21,28,123,3131,1538,1593,3114,1533,1581,17,5,12
21,29,001,22,16,6,11,9,2,11,7,4
21,29,002,4962,2623,2339,1693,900,793,3269,1723,1546
21,29,003,1,1,0,1,1,0,0,0,0
21,29,004,1,1,0,0,0,0,1,1,0
21,29,005,436,230,206,16,9,7,420,221,199
21,29,006,7289,4061,3228,2421,1397,1024,4868,2664,2204
21,29,007,89,46,43,9,6,3,80,40,40
21,29,009,6,4,2,0,0,0,6,4,2
21,29,010,23,15,8,2,2,0,21,13,8
21,29,011,963,518,445,275,166,109,688,352,336
21,29,012,9,5,4,9,5,4,0,0,0
21,29,013,804,419,385,630,334,296,174,85,89
21,29,014,212,114,98,91,47,44,121,67,54
21,29,015,953458,477309,476149,796685,396895,399790,156773,80414,76359
21,29,016,399,222,177,45,31,14,354,191,163
21,29,017,5,2,3,0,0,0,5,2,3
21,29,018,345,176,169,116,55,61,229,121,108
21,29,019,145,80,65,17,10,7,128,70,58
21,29,020,688,396,292,319,179,140,369,217,152
21,29,021,49645,24674,24971,22726,11192,11534,26919,13482,13437
21,29,022,3579,1871,1708,956,495,461,2623,1376,1247
21,29,023,12,11,1,12,11,1,0,0,0
21,29,032,131,78,53,130,77,53,1,1,0
21,29,037,3,1,2,0,0,0,3,1,2
21,29,040,32,15,17,14,5,9,18,10,8
21,29,041,12403,6156,6247,11863,5901,5962,540,255,285
21,29,044,56,25,31,41,17,24,15,8,7
21,29,045,26,15,11,8,6,2,18,9,9
21,29,048,8,7,1,5,4,1,3,3,0
21,29,051,53,27,26,53,27,26,0,0,0
21,29,054,4,2,2,0,0,0,4,2,2
21,29,058,35236,17324,17912,35175,17284,17891,61,40,21
21,29,060,3,1,2,0,0,0,3,1,2
21,29,062,6,4,2,0,0,0,6,4,2
21,29,065,627,311,316,627,311,316,0,0,0
21,29,067,1,1,0,1,1,0,0,0,0
21,29,069,7,6,1,3,3,0,4,3,1
21,29,070,95401,47248,48153,95238,47160,48078,163,88,75
21,29,072,2,2,0,2,2,0,0,0,0
21,29,083,84,55,29,66,43,23,18,12,6
21,29,090,59,39,20,22,15,7,37,24,13
21,29,091,2,1,1,2,1,1,0,0,0
21,29,093,5,2,3,0,0,0,5,2,3
21,29,096,4493,2227,2266,4344,2161,2183,149,66,83
21,29,103,2,1,1,2,1,1,0,0,0
21,29,105,682,365,317,621,326,295,61,39,22
21,29,114,5,1,4,0,0,0,5,1,4
21,29,116,2,1,1,2,1,1,0,0,0
21,29,123,8211,4034,4177,7935,3885,4050,276,149,127
21,30,002,108487,55083,53404,104751,53150,51601,3736,1933,1803
21,30,003,20,11,9,20,11,9,0,0,0
21,30,005,1,1,0,1,1,0,0,0,0
21,30,006,1945,1021,924,1199,613,586,746,408,338
21,30,007,14,8,6,14,8,6,0,0,0
21,30,010,13,5,8,0,0,0,13,5,8
21,30,011,135,74,61,32,14,18,103,60,43
21,30,013,664,328,336,663,328,335,1,0,1
21,30,014,99,60,39,91,53,38,8,7,1
21,30,015,220067,110379,109688,193942,96919,97023,26125,13460,12665
21,30,016,27,14,13,1,1,0,26,13,13
21,30,018,2451,1198,1253,1979,973,1006,472,225,247
21,30,019,33,19,14,0,0,0,33,19,14
21,30,020,797,405,392,594,302,292,203,103,100
21,30,021,16022,7977,8045,13540,6735,6805,2482,1242,1240
21,30,022,857,422,435,617,289,328,240,133,107
21,30,023,1,1,0,1,1,0,0,0,0
21,30,028,68,30,38,68,30,38,0,0,0
21,30,030,267,131,136,267,131,136,0,0,0
21,30,032,149,74,75,149,74,75,0,0,0
21,30,040,3,1,2,1,1,0,2,0,2
21,30,041,2075,1004,1071,2075,1004,1071,0,0,0
21,30,044,143,64,79,143,64,79,0,0,0
21,30,045,5511,2672,2839,5510,2671,2839,1,1,0
21,30,048,8,3,5,1,0,1,7,3,4
21,30,058,5780,2790,2990,5780,2790,2990,0,0,0
21,30,062,26,11,15,26,11,15,0,0,0
21,30,065,36,16,20,36,16,20,0,0,0
21,30,069,112149,55695,56454,111845,55504,56341,304,191,113
21,30,070,3108,1589,1519,3098,1583,1515,10,6,4
21,30,072,83,40,43,83,40,43,0,0,0
21,30,090,121,59,62,120,58,62,1,1,0
21,30,091,2,1,1,2,1,1,0,0,0
21,30,096,4740,2397,2343,4740,2397,2343,0,0,0
21,30,102,1,1,0,1,1,0,0,0,0
21,30,105,948,498,450,912,474,438,36,24,12
21,30,123,17347,8425,8922,17280,8366,8914,67,59,8
22,01,001,2,0,2,2,0,2,0,0,0
22,01,002,7763,4005,3758,967,505,462,6796,3500,3296
22,01,004,13,7,6,6,3,3,7,4,3
22,01,005,3907,1956,1951,3352,1655,1697,555,301,254
22,01,006,537733,275690,262043,392615,199071,193544,145118,76619,68499
22,01,007,25,11,14,2,2,0,23,9,14
22,01,008,6,4,2,0,0,0,6,4,2
22,01,009,4,2,2,2,1,1,2,1,1
22,01,010,758,413,345,138,77,61,620,336,284
22,01,011,551,287,264,130,60,70,421,227,194
22,01,013,852,399,453,154,76,78,698,323,375
22,01,014,370,210,160,51,25,26,319,185,134
22,01,015,10873,5963,4910,623,330,293,10250,5633,4617
22,01,016,1851,1025,826,152,88,64,1699,937,762
22,01,017,3,2,1,2,2,0,1,0,1
22,01,018,6,2,4,0,0,0,6,2,4
22,01,019,350,183,167,60,35,25,290,148,142
22,01,020,107,59,48,21,11,10,86,48,38
22,01,021,1446,745,701,127,64,63,1319,681,638
22,01,022,6658,3658,3000,2044,1148,896,4614,2510,2104
22,01,024,1,1,0,0,0,0,1,1,0
22,01,028,57,37,20,55,35,20,2,2,0
22,01,030,13,6,7,5,2,3,8,4,4
22,01,037,1,1,0,0,0,0,1,1,0
22,01,040,41,26,15,7,5,2,34,21,13
22,01,044,314,167,147,300,156,144,14,11,3
22,01,045,5,4,1,5,4,1,0,0,0
22,01,048,8,4,4,0,0,0,8,4,4
22,01,053,5,2,3,5,2,3,0,0,0
22,01,054,1,1,0,0,0,0,1,1,0
22,01,058,12,8,4,12,8,4,0,0,0
22,01,062,4,3,1,4,3,1,0,0,0
22,01,067,121,57,64,106,48,58,15,9,6
22,01,068,171,88,83,128,63,65,43,25,18
22,01,072,9002,4551,4451,7582,3846,3736,1420,705,715
22,01,075,9,4,5,0,0,0,9,4,5
22,01,082,5,3,2,0,0,0,5,3,2
22,01,090,14,7,7,5,2,3,9,5,4
22,01,091,13,5,8,4,1,3,9,4,5
22,01,098,142,74,68,142,74,68,0,0,0
22,01,116,1,1,0,1,1,0,0,0,0
22,01,123,3109,1580,1529,2727,1387,1340,382,193,189
22,02,001,17,7,10,16,7,9,1,0,1
22,02,002,21630,11141,10489,18995,9791,9204,2635,1350,1285
22,02,004,6,5,1,0,0,0,6,5,1
22,02,005,265,140,125,133,71,62,132,69,63
22,02,006,1747098,886577,860521,1627122,823166,803956,119976,63411,56565
22,02,007,30,13,17,21,10,11,9,3,6
22,02,008,7,4,3,4,2,2,3,2,1
22,02,009,13,7,6,11,7,4,2,0,2
22,02,010,447,247,200,144,83,61,303,164,139
22,02,011,855,379,476,195,88,107,660,291,369
22,02,013,1126,569,557,615,308,307,511,261,250
22,02,014,170,94,76,66,46,20,104,48,56
22,02,015,9007,4650,4357,8288,4261,4027,719,389,330
22,02,016,4650,2376,2274,3059,1549,1510,1591,827,764
22,02,017,4,2,2,3,1,2,1,1,0
22,02,018,28,13,15,26,13,13,2,0,2
22,02,019,432,220,212,14,7,7,418,213,205
22,02,020,1526,746,780,1470,723,747,56,23,33
22,02,021,375,193,182,248,130,118,127,63,64
22,02,022,21405,11480,9925,16905,9030,7875,4500,2450,2050
22,02,025,85,44,41,77,41,36,8,3,5
22,02,028,74,39,35,67,37,30,7,2,5
22,02,030,61,33,28,46,26,20,15,7,8
22,02,037,674,345,329,674,345,329,0,0,0
22,02,040,54,28,26,41,20,21,13,8,5
22,02,044,2356,1186,1170,2343,1178,1165,13,8,5
22,02,048,10,5,5,6,4,2,4,1,3
22,02,053,289,131,158,289,131,158,0,0,0
22,02,054,110,46,64,101,44,57,9,2,7
22,02,062,9,5,4,8,4,4,1,1,0
22,02,064,1,1,0,0,0,0,1,1,0
22,02,065,47,24,23,47,24,23,0,0,0
22,02,067,5829,3009,2820,5829,3009,2820,0,0,0
22,02,068,5775,2967,2808,5774,2966,2808,1,1,0
22,02,071,8,8,0,0,0,0,8,8,0
22,02,072,141877,70358,71519,136945,68139,68806,4932,2219,2713
22,02,075,353,183,170,353,183,170,0,0,0
22,02,082,24,11,13,22,11,11,2,0,2
22,02,090,1282,633,649,1251,616,635,31,17,14
22,02,091,18,8,10,13,6,7,5,2,3
22,02,098,74,32,42,2,1,1,72,31,41
22,02,114,1150,589,561,1150,589,561,0,0,0
22,02,116,6,2,4,6,2,4,0,0,0
22,02,123,2837,1500,1337,2534,1340,1194,303,160,143
22,03,001,16,8,8,15,8,7,1,0,1
22,03,002,675,406,269,448,273,175,227,133,94
22,03,005,68,33,35,11,7,4,57,26,31
22,03,006,465493,234017,231476,440311,220715,219596,25182,13302,11880
22,03,007,12,7,5,9,5,4,3,2,1
22,03,009,1,0,1,0,0,0,1,0,1
22,03,010,59,31,28,51,29,22,8,2,6
22,03,011,101,18,83,74,11,63,27,7,20
22,03,013,270,126,144,143,61,82,127,65,62
22,03,014,14,12,2,6,5,1,8,7,1
22,03,015,40605,20413,20192,39543,19849,19694,1062,564,498
22,03,016,5348,2690,2658,4967,2500,2467,381,190,191
22,03,018,6,3,3,6,3,3,0,0,0
22,03,019,26,12,14,1,1,0,25,11,14
22,03,020,951,500,451,936,492,444,15,8,7
22,03,021,30,16,14,18,9,9,12,7,5
22,03,022,3286,1746,1540,1812,959,853,1474,787,687
22,03,025,141,72,69,141,72,69,0,0,0
22,03,028,20,12,8,5,5,0,15,7,8
22,03,030,2,1,1,2,1,1,0,0,0
22,03,032,1,1,0,1,1,0,0,0,0
22,03,037,15,9,6,15,9,6,0,0,0
22,03,040,24,10,14,21,7,14,3,3,0
22,03,044,123,69,54,119,66,53,4,3,1
22,03,045,3,1,2,3,1,2,0,0,0
22,03,054,1330,638,692,1318,632,686,12,6,6
22,03,062,6,1,5,6,1,5,0,0,0
22,03,067,323,149,174,323,149,174,0,0,0
22,03,068,749,371,378,747,370,377,2,1,1
22,03,072,221270,109222,112048,215758,106548,109210,5512,2674,2838
22,03,090,333,164,169,329,162,167,4,2,2
22,03,091,369,174,195,364,171,193,5,3,2
22,03,098,1,0,1,1,0,1,0,0,0
22,03,123,1489,765,724,1461,755,706,28,10,18
22,04,001,7,4,3,3,2,1,4,2,2
22,04,002,9389,4888,4501,4049,2100,1949,5340,2788,2552
22,04,005,1092,560,532,107,58,49,985,502,483
22,04,006,1062550,532934,529616,916961,457914,459047,145589,75020,70569
22,04,007,8,8,0,4,4,0,4,4,0
22,04,009,3,0,3,0,0,0,3,0,3
22,04,010,246,152,94,57,40,17,189,112,77
22,04,011,429,237,192,108,75,33,321,162,159
22,04,013,1499,769,730,441,226,215,1058,543,515
22,04,014,126,81,45,37,25,12,89,56,33
22,04,015,129073,64143,64930,123002,61071,61931,6071,3072,2999
22,04,016,1234,640,594,213,123,90,1021,517,504
22,04,017,36,18,18,1,1,0,35,17,18
22,04,018,50,27,23,44,23,21,6,4,2
22,04,019,3044,1575,1469,50,26,24,2994,1549,1445
22,04,020,235,160,75,79,55,24,156,105,51
22,04,021,1007,553,454,336,190,146,671,363,308
22,04,022,2023,1139,884,732,431,301,1291,708,583
22,04,023,1,1,0,1,1,0,0,0,0
22,04,025,42,21,21,36,16,20,6,5,1
22,04,028,7,5,2,6,4,2,1,1,0
22,04,030,1,0,1,0,0,0,1,0,1
22,04,032,7,4,3,7,4,3,0,0,0
22,04,037,5,1,4,0,0,0,5,1,4
22,04,040,54,19,35,46,18,28,8,1,7
22,04,044,380,184,196,373,180,193,7,4,3
22,04,045,6,2,4,5,1,4,1,1,0
22,04,046,2,1,1,2,1,1,0,0,0
22,04,048,258,169,89,250,165,85,8,4,4
22,04,054,2151,1068,1083,2110,1051,1059,41,17,24
22,04,060,19,7,12,19,7,12,0,0,0
22,04,065,315,158,157,315,158,157,0,0,0
22,04,067,78,39,39,78,39,39,0,0,0
22,04,068,139,70,69,139,70,69,0,0,0
22,04,072,48864,24353,24511,45536,22718,22818,3328,1635,1693
22,04,090,476,277,199,457,266,191,19,11,8
22,04,091,17,5,12,17,5,12,0,0,0
22,04,098,136,70,66,2,1,1,134,69,65
22,04,105,6,4,2,6,4,2,0,0,0
22,04,123,514,251,263,444,215,229,70,36,34
22,05,001,33,16,17,5,2,3,28,14,14
22,05,002,8138,4252,3886,427,219,208,7711,4033,3678
22,05,005,1144,588,556,162,84,78,982,504,478
22,05,006,963238,489827,473411,634960,318743,316217,328278,171084,157194
22,05,007,136,79,57,2,1,1,134,78,56
22,05,008,26,14,12,0,0,0,26,14,12
22,05,009,11,5,6,0,0,0,11,5,6
22,05,010,975,530,445,57,23,34,918,507,411
22,05,011,2955,1622,1333,130,81,49,2825,1541,1284
22,05,012,38,21,17,0,0,0,38,21,17
22,05,013,3615,1818,1797,270,143,127,3345,1675,1670
22,05,014,299,180,119,12,8,4,287,172,115
22,05,015,4706,2544,2162,430,216,214,4276,2328,1948
22,05,016,4198,2200,1998,218,112,106,3980,2088,1892
22,05,017,4,3,1,3,2,1,1,1,0
22,05,018,308,147,161,287,136,151,21,11,10
22,05,019,2105,1108,997,140,81,59,1965,1027,938
22,05,020,892,489,403,60,31,29,832,458,374
22,05,021,3514,1778,1736,127,64,63,3387,1714,1673
22,05,022,3590,1924,1666,286,174,112,3304,1750,1554
22,05,024,5,3,2,0,0,0,5,3,2
22,05,025,25,13,12,6,4,2,19,9,10
22,05,028,11,4,7,1,0,1,10,4,6
22,05,030,11,5,6,0,0,0,11,5,6
22,05,037,1,0,1,1,0,1,0,0,0
22,05,040,121,63,58,2,2,0,119,61,58
22,05,041,1,1,0,1,1,0,0,0,0
22,05,044,457,241,216,274,137,137,183,104,79
22,05,045,7,2,5,0,0,0,7,2,5
22,05,048,387,201,186,4,2,2,383,199,184
22,05,054,41,19,22,2,0,2,39,19,20
22,05,060,4,2,2,0,0,0,4,2,2
22,05,068,11,3,8,5,2,3,6,1,5
22,05,072,9513,4796,4717,6502,3246,3256,3011,1550,1461
22,05,088,7,4,3,0,0,0,7,4,3
22,05,090,477,245,232,18,9,9,459,236,223
22,05,091,32,15,17,11,5,6,21,10,11
22,05,098,103,42,61,98,39,59,5,3,2
22,05,116,3,2,1,0,0,0,3,2,1
22,05,123,681,341,340,359,172,187,322,169,153
22,06,001,5,4,1,2,2,0,3,2,1
22,06,002,1139,655,484,439,240,199,700,415,285
22,06,005,725,374,351,419,207,212,306,167,139
22,06,006,1300111,650485,649626,1161677,579316,582361,138434,71169,67265
22,06,007,40,22,18,19,12,7,21,10,11
22,06,010,146,88,58,48,31,17,98,57,41
22,06,011,240,130,110,109,53,56,131,77,54
22,06,013,1632,807,825,1205,593,612,427,214,213
22,06,014,66,36,30,9,6,3,57,30,27
22,06,015,3203,1673,1530,848,427,421,2355,1246,1109
22,06,016,445,242,203,77,43,34,368,199,169
22,06,017,1,1,0,0,0,0,1,1,0
22,06,019,1287,671,616,33,20,13,1254,651,603
22,06,020,123,73,50,58,30,28,65,43,22
22,06,021,4239,2079,2160,3763,1837,1926,476,242,234
22,06,022,824,447,377,357,189,168,467,258,209
22,06,025,20,8,12,5,2,3,15,6,9
22,06,028,8,5,3,3,2,1,5,3,2
22,06,030,5,2,3,5,2,3,0,0,0
22,06,040,10,8,2,3,3,0,7,5,2
22,06,044,294,139,155,291,137,154,3,2,1
22,06,048,7,4,3,1,1,0,6,3,3
22,06,054,2,1,1,2,1,1,0,0,0
22,06,072,2757,1376,1381,2662,1324,1338,95,52,43
22,06,090,10,4,6,4,1,3,6,3,3
22,06,091,16,12,4,16,12,4,0,0,0
22,06,105,10,5,5,10,5,5,0,0,0
22,06,123,66,37,29,47,24,23,19,13,6
22,07,001,2,2,0,1,1,0,1,1,0
22,07,002,12319,6330,5989,848,456,392,11471,5874,5597
22,07,005,2864,1466,1398,305,160,145,2559,1306,1253
22,07,006,1916485,971769,944716,1501235,756538,744697,415250,215231,200019
22,07,007,116,63,53,2,1,1,114,62,52
22,07,008,5,3,2,0,0,0,5,3,2
22,07,009,8,4,4,0,0,0,8,4,4
22,07,010,262,156,106,41,31,10,221,125,96
22,07,011,1306,684,622,82,41,41,1224,643,581
22,07,012,1,1,0,1,1,0,0,0,0
22,07,013,8581,4230,4351,586,289,297,7995,3941,4054
22,07,014,398,219,179,102,56,46,296,163,133
22,07,015,4664,2428,2236,852,460,392,3812,1968,1844
22,07,016,4442,2332,2110,328,177,151,4114,2155,1959
22,07,017,25,15,10,1,1,0,24,14,10
22,07,018,267,135,132,204,108,96,63,27,36
22,07,019,18393,9543,8850,344,199,145,18049,9344,8705
22,07,020,1016,519,497,156,82,74,860,437,423
22,07,021,10329,5274,5055,506,271,235,9823,5003,4820
22,07,022,10432,5425,5007,1242,669,573,9190,4756,4434
22,07,026,1,0,1,0,0,0,1,0,1
22,07,028,59,30,29,0,0,0,59,30,29
22,07,030,25,17,8,23,17,6,2,0,2
22,07,040,593,312,281,8,5,3,585,307,278
22,07,044,1291,648,643,1254,627,627,37,21,16
22,07,048,7,5,2,3,2,1,4,3,1
22,07,054,16,8,8,8,4,4,8,4,4
22,07,061,1,1,0,0,0,0,1,1,0
22,07,067,3,2,1,3,2,1,0,0,0
22,07,072,3736,1899,1837,3280,1675,1605,456,224,232
22,07,090,59,26,33,1,0,1,58,26,32
22,07,091,10,3,7,0,0,0,10,3,7
22,07,096,4,3,1,4,3,1,0,0,0
22,07,098,265,139,126,3,2,1,262,137,125
22,07,111,2,2,0,0,0,0,2,2,0
22,07,116,6,3,3,0,0,0,6,3,3
22,07,123,362,179,183,238,116,122,124,63,61
22,08,001,1,0,1,1,0,1,0,0,0
22,08,002,83,46,37,54,30,24,29,16,13
22,08,005,261,135,126,173,92,81,88,43,45
22,08,006,579316,289305,290011,535485,266650,268835,43831,22655,21176
22,08,007,1,1,0,0,0,0,1,1,0
22,08,011,29,15,14,17,8,9,12,7,5
22,08,013,374,190,184,195,95,100,179,95,84
22,08,014,2,2,0,1,1,0,1,1,0
22,08,015,88,45,43,50,27,23,38,18,20
22,08,016,566,284,282,83,45,38,483,239,244
22,08,019,72,35,37,43,22,21,29,13,16
22,08,020,18,7,11,8,4,4,10,3,7
22,08,021,40,23,17,23,13,10,17,10,7
22,08,022,89,57,32,34,23,11,55,34,21
22,08,030,12,6,6,12,6,6,0,0,0
22,08,040,3,1,2,0,0,0,3,1,2
22,08,044,3359,1696,1663,3339,1683,1656,20,13,7
22,08,048,3,1,2,0,0,0,3,1,2
22,08,072,54,28,26,26,14,12,28,14,14
22,08,090,6,4,2,0,0,0,6,4,2
22,08,098,16,5,11,0,0,0,16,5,11
22,08,123,159,77,82,116,54,62,43,23,20
22,09,001,6,5,1,1,0,1,5,5,0
22,09,002,1553,834,719,526,298,228,1027,536,491
22,09,005,3176,1663,1513,503,282,221,2673,1381,1292
22,09,006,1216880,601024,615856,1013354,497945,515409,203526,103079,100447
22,09,007,42,25,17,6,4,2,36,21,15
22,09,009,11,5,6,0,0,0,11,5,6
22,09,010,315,181,134,51,44,7,264,137,127
22,09,011,390,206,184,59,31,28,331,175,156
22,09,012,5,2,3,0,0,0,5,2,3
22,09,013,22917,11154,11763,10768,5222,5546,12149,5932,6217
22,09,014,45,35,10,20,16,4,25,19,6
22,09,015,1622,979,643,970,652,318,652,327,325
22,09,016,2884,1525,1359,364,216,148,2520,1309,1211
22,09,017,3,2,1,2,1,1,1,1,0
22,09,019,3562,1807,1755,71,34,37,3491,1773,1718
22,09,020,307,170,137,26,15,11,281,155,126
22,09,021,1397,729,668,253,130,123,1144,599,545
22,09,022,3480,1775,1705,459,233,226,3021,1542,1479
22,09,023,2,1,1,2,1,1,0,0,0
22,09,028,33,22,11,3,2,1,30,20,10
22,09,030,20,13,7,9,6,3,11,7,4
22,09,031,1,1,0,1,1,0,0,0,0
22,09,038,10,4,6,10,4,6,0,0,0
22,09,040,43,20,23,5,4,1,38,16,22
22,09,044,22961,11361,11600,22832,11289,11543,129,72,57
22,09,045,340,172,168,245,124,121,95,48,47
22,09,048,2,2,0,2,2,0,0,0,0
22,09,054,3,3,0,3,3,0,0,0,0
22,09,068,5,2,3,0,0,0,5,2,3
22,09,072,1069,543,526,962,491,471,107,52,55
22,09,090,7,2,5,6,2,4,1,0,1
22,09,091,43,21,22,39,19,20,4,2,2
22,09,098,1,0,1,1,0,1,0,0,0
22,09,123,89,54,35,24,14,10,65,40,25
22,10,001,24,15,9,2,2,0,22,13,9
22,10,002,23161,12018,11143,349,201,148,22812,11817,10995
22,10,004,78,45,33,2,2,0,76,43,33
22,10,005,6852,3526,3326,780,433,347,6072,3093,2979
22,10,006,2573655,1296146,1277509,1725109,855365,869744,848546,440781,407765
22,10,007,578,306,272,4,2,2,574,304,270
22,10,008,61,33,28,2,2,0,59,31,28
22,10,009,90,42,48,0,0,0,90,42,48
22,10,010,845,468,377,25,13,12,820,455,365
22,10,011,12767,6450,6317,110,57,53,12657,6393,6264
22,10,012,9,6,3,0,0,0,9,6,3
22,10,013,41737,21201,20536,1384,719,665,40353,20482,19871
22,10,014,931,521,410,11,8,3,920,513,407
22,10,015,45210,22844,22366,7799,3799,4000,37411,19045,18366
22,10,016,22704,11848,10856,368,199,169,22336,11649,10687
22,10,017,3,1,2,1,0,1,2,1,1
22,10,018,44,18,26,0,0,0,44,18,26
22,10,019,9555,4779,4776,78,46,32,9477,4733,4744
22,10,020,4967,2654,2313,115,101,14,4852,2553,2299
22,10,021,51780,26866,24914,222,122,100,51558,26744,24814
22,10,022,11552,6120,5432,627,309,318,10925,5811,5114
22,10,028,263,130,133,53,26,27,210,104,106
22,10,030,108,58,50,88,48,40,20,10,10
22,10,033,4,2,2,0,0,0,4,2,2
22,10,040,153,82,71,7,4,3,146,78,68
22,10,044,1123,572,551,353,175,178,770,397,373
22,10,045,373,180,193,347,165,182,26,15,11
22,10,048,50,26,24,0,0,0,50,26,24
22,10,053,8,5,3,1,0,1,7,5,2
22,10,054,4,2,2,0,0,0,4,2,2
22,10,060,3,3,0,0,0,0,3,3,0
22,10,061,1,1,0,0,0,0,1,1,0
22,10,071,1,0,1,0,0,0,1,0,1
22,10,072,995,532,463,235,129,106,760,403,357
22,10,075,1,0,1,0,0,0,1,0,1
22,10,082,5,1,4,0,0,0,5,1,4
22,10,088,6,4,2,0,0,0,6,4,2
22,10,089,1,0,1,0,0,0,1,0,1
22,10,090,90,53,37,0,0,0,90,53,37
22,10,091,20,11,9,0,0,0,20,11,9
22,10,095,3,1,2,0,0,0,3,1,2
22,10,097,5,4,1,5,4,1,0,0,0
22,10,102,8,4,4,0,0,0,8,4,4
22,10,114,3,1,2,0,0,0,3,1,2
22,10,116,1,1,0,0,0,0,1,1,0
22,10,123,604,313,291,50,27,23,554,286,268
22,11,001,26,12,14,9,5,4,17,7,10
22,11,002,23169,11903,11266,3826,2064,1762,19343,9839,9504
22,11,003,6,3,3,0,0,0,6,3,3
22,11,004,19,9,10,5,1,4,14,8,6
22,11,005,14714,7510,7204,1200,608,592,13514,6902,6612
22,11,006,2651513,1339608,1311905,1936755,967186,969569,714758,372422,342336
22,11,007,261,140,121,40,22,18,221,118,103
22,11,008,19,10,9,4,3,1,15,7,8
22,11,009,32,19,13,0,0,0,32,19,13
22,11,010,767,433,334,181,108,73,586,325,261
22,11,011,3240,1677,1563,413,218,195,2827,1459,1368
22,11,012,6,0,6,0,0,0,6,0,6
22,11,013,38083,19172,18911,11980,5967,6013,26103,13205,12898
22,11,014,583,357,226,116,79,37,467,278,189
22,11,015,185835,92189,93646,134641,66098,68543,51194,26091,25103
22,11,016,13557,7090,6467,596,336,260,12961,6754,6207
22,11,017,27,13,14,1,1,0,26,12,14
22,11,018,9,7,2,2,2,0,7,5,2
22,11,019,41736,21363,20373,920,511,409,40816,20852,19964
22,11,020,1574,814,760,261,152,109,1313,662,651
22,11,021,16633,8584,8049,1502,790,712,15131,7794,7337
22,11,022,17170,8996,8174,1076,600,476,16094,8396,7698
22,11,028,138,78,60,74,43,31,64,35,29
22,11,030,72,39,33,46,22,24,26,17,9
22,11,032,80,38,42,78,36,42,2,2,0
22,11,040,225,118,107,77,44,33,148,74,74
22,11,044,2865,1455,1410,1887,931,956,978,524,454
22,11,045,144,90,54,74,41,33,70,49,21
22,11,048,3,1,2,0,0,0,3,1,2
22,11,053,1,1,0,0,0,0,1,1,0
22,11,054,3,2,1,3,2,1,0,0,0
22,11,059,2,0,2,0,0,0,2,0,2
22,11,065,1,0,1,1,0,1,0,0,0
22,11,070,7,2,5,0,0,0,7,2,5
22,11,072,524,262,262,81,38,43,443,224,219
22,11,082,1,1,0,0,0,0,1,1,0
22,11,090,35,16,19,8,4,4,27,12,15
22,11,091,5,2,3,5,2,3,0,0,0
22,11,094,4,1,3,4,1,3,0,0,0
22,11,098,83,41,42,0,0,0,83,41,42
22,11,105,93,48,45,93,48,45,0,0,0
22,11,114,1,0,1,0,0,0,1,0,1
22,11,115,6,0,6,0,0,0,6,0,6
22,11,116,5,3,2,1,1,0,4,2,2
22,11,123,3653,1818,1835,3352,1669,1683,301,149,152
22,12,001,1,0,1,1,0,1,0,0,0
22,12,002,597,321,276,316,174,142,281,147,134
22,12,005,1027,526,501,87,39,48,940,487,453
22,12,006,674146,334079,340067,595682,294005,301677,78464,40074,38390
22,12,007,11,7,4,0,0,0,11,7,4
22,12,008,6,5,1,0,0,0,6,5,1
22,12,010,27,20,7,0,0,0,27,20,7
22,12,011,180,75,105,62,22,40,118,53,65
22,12,013,2020,974,1046,706,349,357,1314,625,689
22,12,014,68,33,35,10,6,4,58,27,31
22,12,015,176895,87452,89443,164198,81031,83167,12697,6421,6276
22,12,016,1628,879,749,231,133,98,1397,746,651
22,12,017,2,1,1,2,1,1,0,0,0
22,12,018,9,4,5,9,4,5,0,0,0
22,12,019,818,401,417,24,15,9,794,386,408
22,12,020,58,32,26,18,12,6,40,20,20
22,12,021,451,242,209,56,34,22,395,208,187
22,12,022,1320,672,648,519,254,265,801,418,383
22,12,028,15,5,10,4,2,2,11,3,8
22,12,030,89,42,47,88,42,46,1,0,1
22,12,037,1,0,1,1,0,1,0,0,0
22,12,040,81,31,50,75,27,48,6,4,2
22,12,044,157,90,67,107,65,42,50,25,25
22,12,045,19,11,8,14,7,7,5,4,1
22,12,053,1,0,1,0,0,0,1,0,1
22,12,054,98,42,56,98,42,56,0,0,0
22,12,058,1,0,1,1,0,1,0,0,0
22,12,068,5,3,2,5,3,2,0,0,0
22,12,072,282,136,146,59,23,36,223,113,110
22,12,075,2,1,1,0,0,0,2,1,1
22,12,083,16,10,6,16,10,6,0,0,0
22,12,087,6,4,2,6,4,2,0,0,0
22,12,090,3,2,1,3,2,1,0,0,0
22,12,091,1,0,1,1,0,1,0,0,0
22,12,098,4,2,2,4,2,2,0,0,0
22,12,105,26,14,12,26,14,12,0,0,0
22,12,123,186,85,101,148,69,79,38,16,22
22,13,002,374,212,162,132,77,55,242,135,107
22,13,005,968,486,482,23,10,13,945,476,469
22,13,006,692456,345336,347120,608804,303414,305390,83652,41922,41730
22,13,007,6,5,1,6,5,1,0,0,0
22,13,010,8,4,4,3,1,2,5,3,2
22,13,011,131,66,65,63,31,32,68,35,33
22,13,012,1,0,1,0,0,0,1,0,1
22,13,013,3753,1845,1908,2706,1360,1346,1047,485,562
22,13,014,8,7,1,1,1,0,7,6,1
22,13,015,689,346,343,157,81,76,532,265,267
22,13,016,839,424,415,57,27,30,782,397,385
22,13,019,4463,2293,2170,92,53,39,4371,2240,2131
22,13,020,43,22,21,28,15,13,15,7,8
22,13,021,296,153,143,142,74,68,154,79,75
22,13,022,1921,1019,902,225,110,115,1696,909,787
22,13,028,8,5,3,3,2,1,5,3,2
22,13,030,5,4,1,5,4,1,0,0,0
22,13,040,7,5,2,1,1,0,6,4,2
22,13,044,113,53,60,113,53,60,0,0,0
22,13,045,31,18,13,25,14,11,6,4,2
22,13,055,3,0,3,0,0,0,3,0,3
22,13,072,19,9,10,9,5,4,10,4,6
22,13,098,20,10,10,1,1,0,19,9,10
22,13,123,429,202,227,411,192,219,18,10,8
22,14,001,9,6,3,9,6,3,0,0,0
22,14,002,81113,41715,39398,80754,41519,39235,359,196,163
22,14,005,323,168,155,109,57,52,214,111,103
22,14,006,458849,227121,231728,430308,212730,217578,28541,14391,14150
22,14,007,1,1,0,0,0,0,1,1,0
22,14,009,3,1,2,3,1,2,0,0,0
22,14,010,28,14,14,8,2,6,20,12,8
22,14,011,178,92,86,114,58,56,64,34,30
22,14,013,1697,815,882,1356,647,709,341,168,173
22,14,014,27,20,7,13,11,2,14,9,5
22,14,015,735,387,348,631,333,298,104,54,50
22,14,016,270,140,130,203,109,94,67,31,36
22,14,018,2,1,1,2,1,1,0,0,0
22,14,019,1946,1007,939,719,371,348,1227,636,591
22,14,020,59,39,20,28,18,10,31,21,10
22,14,021,346,181,165,289,150,139,57,31,26
22,14,022,424,217,207,212,112,100,212,105,107
22,14,025,1,0,1,1,0,1,0,0,0
22,14,028,7,4,3,7,4,3,0,0,0
22,14,030,87,48,39,87,48,39,0,0,0
22,14,040,6,4,2,2,1,1,4,3,1
22,14,044,90073,45201,44872,90026,45164,44862,47,37,10
22,14,045,12050,6042,6008,12001,6013,5988,49,29,20
22,14,072,2402,1256,1146,2377,1241,1136,25,15,10
22,14,090,4,2,2,0,0,0,4,2,2
22,14,123,294,154,140,290,153,137,4,1,3
22,15,001,11,6,5,1,0,1,10,6,4
22,15,002,11117,5576,5541,5337,2711,2626,5780,2865,2915
22,15,004,12,8,4,0,0,0,12,8,4
22,15,005,1439,725,714,326,171,155,1113,554,559
22,15,006,295030,148402,146628,217506,108660,108846,77524,39742,37782
22,15,007,66,35,31,16,9,7,50,26,24
22,15,010,1198,649,549,134,63,71,1064,586,478
22,15,011,1575,816,759,345,180,165,1230,636,594
22,15,013,2868,1431,1437,1222,606,616,1646,825,821
22,15,014,108,64,44,46,26,20,62,38,24
22,15,015,197583,97887,99696,185085,91683,93402,12498,6204,6294
22,15,016,2124,1117,1007,135,77,58,1989,1040,949
22,15,017,18,8,10,13,5,8,5,3,2
22,15,019,1436,710,726,149,75,74,1287,635,652
22,15,020,683,382,301,173,117,56,510,265,245
22,15,021,6074,3127,2947,1237,652,585,4837,2475,2362
22,15,022,1829,958,871,735,407,328,1094,551,543
22,15,024,1,1,0,0,0,0,1,1,0
22,15,028,99,52,47,91,48,43,8,4,4
22,15,030,260,124,136,232,114,118,28,10,18
22,15,040,29,16,13,19,8,11,10,8,2
22,15,041,2,1,1,2,1,1,0,0,0
22,15,044,304343,150311,154032,303192,149517,153675,1151,794,357
22,15,045,454237,225080,229157,436385,216182,220203,17852,8898,8954
22,15,048,7,4,3,7,4,3,0,0,0
22,15,054,5,2,3,0,0,0,5,2,3
22,15,067,2,1,1,0,0,0,2,1,1
22,15,068,15,8,7,15,8,7,0,0,0
22,15,072,484,243,241,306,153,153,178,90,88
22,15,090,17,10,7,2,2,0,15,8,7
22,15,091,1,1,0,0,0,0,1,1,0
22,15,096,22276,11161,11115,22265,11157,11108,11,4,7
22,15,098,18,10,8,0,0,0,18,10,8
22,15,123,1706,875,831,1676,862,814,30,13,17
22,16,001,16,9,7,3,2,1,13,7,6
22,16,002,6449,3370,3079,2478,1322,1156,3971,2048,1923
22,16,004,4,2,2,0,0,0,4,2,2
22,16,005,91,45,46,23,12,11,68,33,35
22,16,006,75928,40482,35446,49061,26220,22841,26867,14262,12605
22,16,007,102,55,47,22,14,8,80,41,39
22,16,008,1,1,0,0,0,0,1,1,0
22,16,009,6,4,2,6,4,2,0,0,0
22,16,010,212,129,83,123,75,48,89,54,35
22,16,011,1392,776,616,349,204,145,1043,572,471
22,16,012,1,1,0,1,1,0,0,0,0
22,16,013,9599,4759,4840,8663,4270,4393,936,489,447
22,16,014,209,124,85,34,30,4,175,94,81
22,16,015,8310,4310,4000,3722,1948,1774,4588,2362,2226
22,16,016,553,299,254,153,94,59,400,205,195
22,16,017,2,2,0,2,2,0,0,0,0
22,16,018,100,51,49,97,50,47,3,1,2
22,16,019,100,59,41,55,34,21,45,25,20
22,16,020,682,371,311,247,145,102,435,226,209
22,16,021,50174,25146,25028,46649,23214,23435,3525,1932,1593
22,16,022,2005,1037,968,1460,745,715,545,292,253
22,16,024,1,1,0,1,1,0,0,0,0
22,16,028,27,14,13,18,10,8,9,4,5
22,16,030,524,274,250,524,274,250,0,0,0
22,16,040,6,4,2,1,0,1,5,4,1
22,16,044,464597,227241,237356,460088,225003,235085,4509,2238,2271
22,16,045,77659,38160,39499,73221,35883,37338,4438,2277,2161
22,16,048,2,1,1,0,0,0,2,1,1
22,16,054,5,3,2,0,0,0,5,3,2
22,16,065,5,3,2,5,3,2,0,0,0
22,16,072,1160,605,555,959,499,460,201,106,95
22,16,090,16,13,3,2,1,1,14,12,2
22,16,091,13,10,3,13,10,3,0,0,0
22,16,096,17218,8439,8779,17218,8439,8779,0,0,0
22,16,098,1,1,0,1,1,0,0,0,0
22,16,110,2,2,0,0,0,0,2,2,0
22,16,116,4,3,1,0,0,0,4,3,1
22,16,123,2311,1122,1189,2276,1104,1172,35,18,17
23,01,002,46,28,18,18,11,7,28,17,11
23,01,005,748,369,379,0,0,0,748,369,379
23,01,006,537402,283922,253480,460738,242845,217893,76664,41077,35587
23,01,010,1,0,1,1,0,1,0,0,0
23,01,011,24,12,12,3,1,2,21,11,10
23,01,013,194,91,103,19,4,15,175,87,88
23,01,014,2,2,0,0,0,0,2,2,0
23,01,015,1175,582,593,1168,578,590,7,4,3
23,01,016,4985,2640,2345,4683,2473,2210,302,167,135
23,01,017,1,0,1,1,0,1,0,0,0
23,01,019,98,45,53,0,0,0,98,45,53
23,01,020,3,1,2,0,0,0,3,1,2
23,01,021,1,1,0,0,0,0,1,1,0
23,01,022,13458,6907,6551,3556,1804,1752,9902,5103,4799
23,01,028,65,36,29,0,0,0,65,36,29
23,01,030,115,66,49,115,66,49,0,0,0
23,01,040,1,0,1,1,0,1,0,0,0
23,01,044,4,2,2,1,1,0,3,1,2
23,01,072,7,3,4,2,1,1,5,2,3
23,01,090,15,7,8,0,0,0,15,7,8
23,01,123,1150,583,567,618,319,299,532,264,268
23,02,001,1,1,0,0,0,0,1,1,0
23,02,002,425,230,195,364,192,172,61,38,23
23,02,004,7,4,3,0,0,0,7,4,3
23,02,005,65,35,30,32,18,14,33,17,16
23,02,006,1588633,871803,716830,1246954,686235,560719,341679,185568,156111
23,02,007,1,0,1,0,0,0,1,0,1
23,02,010,11,7,4,0,0,0,11,7,4
23,02,011,121,64,57,1,1,0,120,63,57
23,02,013,195,90,105,50,20,30,145,70,75
23,02,014,18,10,8,0,0,0,18,10,8
23,02,015,28,18,10,18,11,7,10,7,3
23,02,016,333,177,156,105,55,50,228,122,106
23,02,017,1,0,1,0,0,0,1,0,1
23,02,019,117,58,59,6,1,5,111,57,54
23,02,020,3,1,2,3,1,2,0,0,0
23,02,021,28,14,14,3,1,2,25,13,12
23,02,022,2678,1546,1132,1842,1110,732,836,436,400
23,02,030,5,2,3,2,2,0,3,0,3
23,02,040,23,16,7,14,8,6,9,8,1
23,02,123,21,13,8,15,9,6,6,4,2
23,03,002,62,38,24,28,18,10,34,20,14
23,03,005,18,6,12,2,0,2,16,6,10
23,03,006,1422117,777538,644579,1084739,594416,490323,337378,183122,154256
23,03,007,4,1,3,1,1,0,3,0,3
23,03,010,1,1,0,1,1,0,0,0,0
23,03,011,50,16,34,1,1,0,49,15,34
23,03,013,82,37,45,6,1,5,76,36,40
23,03,014,24,18,6,12,11,1,12,7,5
23,03,015,13,7,6,8,6,2,5,1,4
23,03,016,2945,1570,1375,2404,1292,1112,541,278,263
23,03,017,1,1,0,1,1,0,0,0,0
23,03,019,21,11,10,0,0,0,21,11,10
23,03,020,5,2,3,0,0,0,5,2,3
23,03,021,1,1,0,0,0,0,1,1,0
23,03,022,3156,1621,1535,2383,1211,1172,773,410,363
23,03,030,23,14,9,21,12,9,2,2,0
23,03,040,14,10,4,4,3,1,10,7,3
23,03,044,1,0,1,0,0,0,1,0,1
23,03,123,21,10,11,15,6,9,6,4,2
23,04,001,262,197,65,4,2,2,258,195,63
23,04,002,3576,1995,1581,87,44,43,3489,1951,1538
23,04,003,8,5,3,0,0,0,8,5,3
23,04,004,383,266,117,9,3,6,374,263,111
23,04,005,784,489,295,75,35,40,709,454,255
23,04,006,1543971,836098,707873,632134,345024,287110,911837,491074,420763
23,04,007,387,267,120,10,6,4,377,261,116
23,04,008,162,91,71,0,0,0,162,91,71
23,04,009,26,15,11,1,1,0,25,14,11
23,04,010,281,159,122,0,0,0,281,159,122
23,04,011,2804,1520,1284,67,32,35,2737,1488,1249
23,04,012,97,48,49,1,1,0,96,47,49
23,04,013,17570,9076,8494,365,185,180,17205,8891,8314
23,04,014,705,407,298,22,11,11,683,396,287
23,04,015,913,564,349,8,3,5,905,561,344
23,04,016,23580,12638,10942,12928,6899,6029,10652,5739,4913
23,04,017,4,4,0,0,0,0,4,4,0
23,04,018,15,10,5,0,0,0,15,10,5
23,04,019,15883,8157,7726,40,23,17,15843,8134,7709
23,04,020,1207,764,443,23,12,11,1184,752,432
23,04,021,1708,1227,481,21,11,10,1687,1216,471
23,04,022,16879,8816,8063,3227,1736,1491,13652,7080,6572
23,04,025,8,3,5,0,0,0,8,3,5
23,04,028,182,90,92,44,20,24,138,70,68
23,04,030,81,41,40,6,2,4,75,39,36
23,04,031,2,2,0,0,0,0,2,2,0
23,04,040,28,17,11,2,2,0,26,15,11
23,04,043,4,4,0,0,0,0,4,4,0
23,04,044,1,1,0,0,0,0,1,1,0
23,04,048,12,7,5,0,0,0,12,7,5
23,04,054,1,1,0,0,0,0,1,1,0
23,04,055,1,1,0,0,0,0,1,1,0
23,04,059,1,0,1,0,0,0,1,0,1
23,04,071,1,1,0,0,0,0,1,1,0
23,04,072,47,27,20,7,2,5,40,25,15
23,04,073,3,1,2,0,0,0,3,1,2
23,04,075,2,1,1,0,0,0,2,1,1
23,04,078,1,1,0,0,0,0,1,1,0
23,04,082,38,30,8,7,2,5,31,28,3
23,04,085,1,1,0,0,0,0,1,1,0
23,04,090,11,6,5,1,0,1,10,6,4
23,04,091,5,3,2,0,0,0,5,3,2
23,04,093,2,2,0,0,0,0,2,2,0
23,04,106,1,1,0,0,0,0,1,1,0
23,04,114,2,2,0,0,0,0,2,2,0
23,04,115,5,5,0,0,0,0,5,5,0
23,04,116,3,1,2,0,0,0,3,1,2
23,04,123,461,255,206,12,8,4,449,247,202
23,05,002,123,104,19,101,91,10,22,13,9
23,05,005,64,28,36,2,1,1,62,27,35
23,05,006,618925,333302,285623,489139,263785,225354,129786,69517,60269
23,05,007,1,0,1,0,0,0,1,0,1
23,05,008,4,1,3,0,0,0,4,1,3
23,05,009,5,1,4,0,0,0,5,1,4
23,05,010,7,7,0,7,7,0,0,0,0
23,05,011,37,17,20,5,2,3,32,15,17
23,05,013,257,110,147,53,10,43,204,100,104
23,05,014,19,12,7,1,0,1,18,12,6
23,05,015,25,11,14,24,10,14,1,1,0
23,05,016,380,205,175,214,121,93,166,84,82
23,05,017,3,2,1,2,1,1,1,1,0
23,05,018,2,0,2,0,0,0,2,0,2
23,05,019,4718,2456,2262,10,8,2,4708,2448,2260
23,05,020,35,34,1,3,2,1,32,32,0
23,05,021,1,1,0,1,1,0,0,0,0
23,05,022,3451,1836,1615,1004,562,442,2447,1274,1173
23,05,028,1,0,1,0,0,0,1,0,1
23,05,040,5,3,2,5,3,2,0,0,0
23,05,044,70,38,32,70,38,32,0,0,0
23,05,072,74,48,26,18,13,5,56,35,21
23,05,090,3,2,1,2,1,1,1,1,0
23,05,123,30,14,16,30,14,16,0,0,0
23,06,001,8,5,3,0,0,0,8,5,3
23,06,002,201,116,85,68,40,28,133,76,57
23,06,004,13,9,4,0,0,0,13,9,4
23,06,005,325,166,159,311,159,152,14,7,7
23,06,006,1422008,765705,656303,1193100,643502,549598,228908,122203,106705
23,06,007,6,4,2,2,0,2,4,4,0
23,06,008,23,10,13,12,4,8,11,6,5
23,06,010,1,0,1,1,0,1,0,0,0
23,06,011,210,121,89,13,7,6,197,114,83
23,06,013,815,406,409,48,18,30,767,388,379
23,06,014,36,20,16,3,3,0,33,17,16
23,06,015,124,97,27,24,8,16,100,89,11
23,06,016,5771,3087,2684,4953,2657,2296,818,430,388
23,06,017,12,8,4,2,1,1,10,7,3
23,06,019,74,37,37,3,3,0,71,34,37
23,06,020,113,60,53,58,29,29,55,31,24
23,06,021,57,35,22,0,0,0,57,35,22
23,06,022,11979,6201,5778,3540,1806,1734,8439,4395,4044
23,06,028,8,6,2,0,0,0,8,6,2
23,06,030,105,65,40,99,60,39,6,5,1
23,06,040,4,2,2,2,1,1,2,1,1
23,06,072,15,11,4,14,10,4,1,1,0
23,06,116,2,1,1,0,0,0,2,1,1
23,06,123,40,18,22,24,11,13,16,7,9
23,07,001,5,3,2,0,0,0,5,3,2
23,07,002,382,196,186,74,42,32,308,154,154
23,07,004,1,1,0,0,0,0,1,1,0
23,07,005,3188,1605,1583,3047,1531,1516,141,74,67
23,07,006,1644013,872518,771495,1297180,689663,607517,346833,182855,163978
23,07,007,77,35,42,45,19,26,32,16,16
23,07,008,10,4,6,0,0,0,10,4,6
23,07,010,10,7,3,2,1,1,8,6,2
23,07,011,321,151,170,16,3,13,305,148,157
23,07,013,2014,1009,1005,787,403,384,1227,606,621
23,07,014,24,18,6,6,5,1,18,13,5
23,07,015,369,298,71,281,242,39,88,56,32
23,07,016,8561,4090,4471,7185,3387,3798,1376,703,673
23,07,018,7,3,4,0,0,0,7,3,4
23,07,019,177,59,118,141,41,100,36,18,18
23,07,020,147,82,65,14,6,8,133,76,57
23,07,021,173,85,88,0,0,0,173,85,88
23,07,022,5808,3075,2733,1749,937,812,4059,2138,1921
23,07,028,23,16,7,23,16,7,0,0,0
23,07,030,318,167,151,317,166,151,1,1,0
23,07,040,17,10,7,2,2,0,15,8,7
23,07,045,4,1,3,0,0,0,4,1,3
23,07,048,4,2,2,0,0,0,4,2,2
23,07,072,18,7,11,8,2,6,10,5,5
23,07,091,11,4,7,0,0,0,11,4,7
23,07,123,1085,574,511,1077,569,508,8,5,3
23,08,002,204,127,77,126,76,50,78,51,27
23,08,005,49,24,25,1,1,0,48,23,25
23,08,006,1196901,634906,561995,989557,525629,463928,207344,109277,98067
23,08,007,32,21,11,32,21,11,0,0,0
23,08,010,22,19,3,12,12,0,10,7,3
23,08,011,58,31,27,2,1,1,56,30,26
23,08,012,3,1,2,0,0,0,3,1,2
23,08,013,213,62,151,105,10,95,108,52,56
23,08,014,9,6,3,2,1,1,7,5,2
23,08,015,337,52,285,265,30,235,72,22,50
23,08,016,260,141,119,8,5,3,252,136,116
23,08,017,16,9,7,15,9,6,1,0,1
23,08,019,900,454,446,0,0,0,900,454,446
23,08,020,28,22,6,0,0,0,28,22,6
23,08,021,28,16,12,1,0,1,27,16,11
23,08,022,3777,1952,1825,66,37,29,3711,1915,1796
23,08,040,31,10,21,4,0,4,27,10,17
23,08,044,64,33,31,52,27,25,12,6,6
23,08,067,2,1,1,0,0,0,2,1,1
23,08,072,25,10,15,1,0,1,24,10,14
23,08,090,12,6,6,0,0,0,12,6,6
23,08,123,27,10,17,16,5,11,11,5,6
23,09,001,20,15,5,0,0,0,20,15,5
23,09,002,261,144,117,109,62,47,152,82,70
23,09,004,11,8,3,0,0,0,11,8,3
23,09,005,101,54,47,61,32,29,40,22,18
23,09,006,1461309,781759,679550,1147397,614202,533195,313912,167557,146355
23,09,007,27,19,8,1,0,1,26,19,7
23,09,008,8,4,4,0,0,0,8,4,4
23,09,010,8,5,3,1,1,0,7,4,3
23,09,011,181,95,86,14,8,6,167,87,80
23,09,012,1,1,0,0,0,0,1,1,0
23,09,013,301,159,142,14,6,8,287,153,134
23,09,014,34,19,15,0,0,0,34,19,15
23,09,015,73,38,35,17,2,15,56,36,20
23,09,016,574,322,252,40,26,14,534,296,238
23,09,017,8,6,2,7,5,2,1,1,0
23,09,019,316,157,159,0,0,0,316,157,159
23,09,020,134,95,39,48,34,14,86,61,25
23,09,021,76,41,35,1,1,0,75,40,35
23,09,022,9212,4864,4348,702,365,337,8510,4499,4011
23,09,028,11,5,6,0,0,0,11,5,6
23,09,030,269,145,124,268,144,124,1,1,0
23,09,040,11,5,6,0,0,0,11,5,6
23,09,044,4,4,0,4,4,0,0,0,0
23,09,067,2,1,1,0,0,0,2,1,1
23,09,072,7,3,4,7,3,4,0,0,0
23,09,090,8,4,4,0,0,0,8,4,4
23,09,123,1756,961,795,1737,947,790,19,14,5
23,10,001,7,3,4,7,3,4,0,0,0
23,10,002,6735,3489,3246,5371,2769,2602,1364,720,644
23,10,005,93,51,42,82,45,37,11,6,5
23,10,006,847169,445678,401491,740832,389303,351529,106337,56375,49962
23,10,007,6,4,2,2,2,0,4,2,2
23,10,009,2,1,1,2,1,1,0,0,0
23,10,010,24,21,3,20,20,0,4,1,3
23,10,011,49,21,28,15,6,9,34,15,19
23,10,012,3,3,0,3,3,0,0,0,0
23,10,013,77,45,32,17,11,6,60,34,26
23,10,014,9,7,2,5,4,1,4,3,1
23,10,015,16,9,7,13,8,5,3,1,2
23,10,016,96,51,45,40,24,16,56,27,29
23,10,017,1,0,1,1,0,1,0,0,0
23,10,019,52,24,28,3,1,2,49,23,26
23,10,020,35,19,16,22,12,10,13,7,6
23,10,021,49,33,16,45,31,14,4,2,2
23,10,022,1516,765,751,1289,651,638,227,114,113
23,10,028,16,10,6,13,8,5,3,2,1
23,10,030,3,0,3,3,0,3,0,0,0
23,10,040,2,1,1,2,1,1,0,0,0
23,10,044,562,294,268,562,294,268,0,0,0
23,10,072,1,1,0,1,1,0,0,0,0
23,10,082,1,0,1,1,0,1,0,0,0
23,10,090,4,3,1,4,3,1,0,0,0
23,10,123,30,16,14,19,8,11,11,8,3
23,11,001,34,19,15,0,0,0,34,19,15
23,11,002,820,428,392,149,73,76,671,355,316
23,11,004,74,42,32,0,0,0,74,42,32
23,11,005,1637,839,798,209,109,100,1428,730,698
23,11,006,1990391,1056810,933581,1428723,760017,668706,561668,296793,264875
23,11,007,128,71,57,5,3,2,123,68,55
23,11,008,8,4,4,0,0,0,8,4,4
23,11,009,4,2,2,0,0,0,4,2,2
23,11,010,62,31,31,0,0,0,62,31,31
23,11,011,742,338,404,81,28,53,661,310,351
23,11,012,18,12,6,0,0,0,18,12,6
23,11,013,3111,1575,1536,324,163,161,2787,1412,1375
23,11,014,476,248,228,72,35,37,404,213,191
23,11,015,291,139,152,59,26,33,232,113,119
23,11,016,2135,1128,1007,79,50,29,2056,1078,978
23,11,017,10,9,1,5,4,1,5,5,0
23,11,018,1,1,0,0,0,0,1,1,0
23,11,019,8931,4576,4355,5,4,1,8926,4572,4354
23,11,020,315,167,148,19,12,7,296,155,141
23,11,021,309,164,145,21,12,9,288,152,136
23,11,022,12134,6418,5716,1100,590,510,11034,5828,5206
23,11,028,6,4,2,1,1,0,5,3,2
23,11,030,27,18,9,2,1,1,25,17,8
23,11,037,4,2,2,0,0,0,4,2,2
23,11,040,13,6,7,1,1,0,12,5,7
23,11,044,161,82,79,131,67,64,30,15,15
23,11,048,2,1,1,0,0,0,2,1,1
23,11,053,1,1,0,0,0,0,1,1,0
23,11,054,5,2,3,0,0,0,5,2,3
23,11,072,24,13,11,9,4,5,15,9,6
23,11,090,3,1,2,3,1,2,0,0,0
23,11,116,2,1,1,0,0,0,2,1,1
23,11,123,108,53,55,82,42,40,26,11,15
23,12,002,271,156,115,151,90,61,120,66,54
23,12,005,922,473,449,512,270,242,410,203,207
23,12,006,1072415,564144,508271,876965,461227,415738,195450,102917,92533
23,12,007,23,14,9,17,11,6,6,3,3
23,12,009,9,5,4,9,5,4,0,0,0
23,12,011,234,116,118,163,82,81,71,34,37
23,12,012,2,2,0,0,0,0,2,2,0
23,12,013,431,218,213,50,24,26,381,194,187
23,12,014,45,26,19,18,8,10,27,18,9
23,12,015,55,32,23,48,27,21,7,5,2
23,12,016,813,437,376,125,64,61,688,373,315
23,12,017,12,4,8,11,3,8,1,1,0
23,12,019,1272,670,602,4,1,3,1268,669,599
23,12,020,64,40,24,32,17,15,32,23,9
23,12,021,83,45,38,65,36,29,18,9,9
23,12,022,6335,3316,3019,491,266,225,5844,3050,2794
23,12,030,6,3,3,4,3,1,2,0,2
23,12,040,9,4,5,0,0,0,9,4,5
23,12,044,35,13,22,31,12,19,4,1,3
23,12,055,1,1,0,0,0,0,1,1,0
23,12,094,3,3,0,0,0,0,3,3,0
23,12,123,909,507,402,902,502,400,7,5,2
23,13,001,25,10,15,4,3,1,21,7,14
23,13,002,4044,2033,2011,2790,1376,1414,1254,657,597
23,13,004,14,7,7,4,1,3,10,6,4
23,13,005,836,433,403,28,20,8,808,413,395
23,13,006,1840149,955796,884353,1479928,764130,715798,360221,191666,168555
23,13,007,36,18,18,13,4,9,23,14,9
23,13,008,5,1,4,0,0,0,5,1,4
23,13,009,6,2,4,0,0,0,6,2,4
23,13,010,218,126,92,36,23,13,182,103,79
23,13,011,776,423,353,138,105,33,638,318,320
23,13,012,5,0,5,0,0,0,5,0,5
23,13,013,768,415,353,207,112,95,561,303,258
23,13,014,136,90,46,40,26,14,96,64,32
23,13,015,210,113,97,105,51,54,105,62,43
23,13,016,1786,935,851,88,50,38,1698,885,813
23,13,017,1,1,0,0,0,0,1,1,0
23,13,018,4,3,1,0,0,0,4,3,1
23,13,019,12171,6322,5849,79,37,42,12092,6285,5807
23,13,020,138,79,59,14,10,4,124,69,55
23,13,021,324,178,146,165,91,74,159,87,72
23,13,022,8084,4233,3851,686,358,328,7398,3875,3523
23,13,030,94,44,50,86,41,45,8,3,5
23,13,040,16,8,8,1,0,1,15,8,7
23,13,044,15,10,5,11,7,4,4,3,1
23,13,072,13,6,7,5,3,2,8,3,5
23,13,090,25,10,15,17,7,10,8,3,5
23,13,116,5,2,3,0,0,0,5,2,3
23,13,123,200,98,102,106,55,51,94,43,51
23,14,001,9,4,5,8,4,4,1,0,1
23,14,002,572,312,260,135,74,61,437,238,199
23,14,004,20,14,6,0,0,0,20,14,6
23,14,005,159,83,76,23,13,10,136,70,66
23,14,006,1959152,1009301,949851,1648725,843906,804819,310427,165395,145032
23,14,007,6,3,3,3,2,1,3,1,2
23,14,008,17,10,7,9,5,4,8,5,3
23,14,009,11,8,3,0,0,0,11,8,3
23,14,010,169,91,78,37,22,15,132,69,63
23,14,011,509,272,237,144,88,56,365,184,181
23,14,012,15,7,8,1,0,1,14,7,7
23,14,013,735,370,365,184,93,91,551,277,274
23,14,014,61,35,26,29,15,14,32,20,12
23,14,015,236,129,107,191,101,90,45,28,17
23,14,016,937,490,447,137,82,55,800,408,392
23,14,017,1,0,1,1,0,1,0,0,0
23,14,019,4197,2183,2014,12,6,6,4185,2177,2008
23,14,020,105,62,43,34,21,13,71,41,30
23,14,021,186,82,104,48,18,30,138,64,74
23,14,022,3186,1660,1526,189,93,96,2997,1567,1430
23,14,023,2,1,1,0,0,0,2,1,1
23,14,028,177,101,76,110,60,50,67,41,26
23,14,030,18,11,7,17,10,7,1,1,0
23,14,040,26,12,14,7,4,3,19,8,11
23,14,044,2620,1332,1288,2604,1325,1279,16,7,9
23,14,045,1,1,0,0,0,0,1,1,0
23,14,067,1,0,1,1,0,1,0,0,0
23,14,072,47,36,11,18,18,0,29,18,11
23,14,082,4,1,3,0,0,0,4,1,3
23,14,090,65,35,30,40,16,24,25,19,6
23,14,091,5,2,3,5,2,3,0,0,0
23,14,123,57,39,18,31,15,16,26,24,2
23,15,002,570,315,255,263,151,112,307,164,143
23,15,005,21,8,13,11,3,8,10,5,5
23,15,006,511649,262858,248791,430452,220509,209943,81197,42349,38848
23,15,007,3,1,2,0,0,0,3,1,2
23,15,010,12,10,2,0,0,0,12,10,2
23,15,011,125,70,55,67,39,28,58,31,27
23,15,013,305,171,134,221,126,95,84,45,39
23,15,014,35,21,14,13,9,4,22,12,10
23,15,015,153,79,74,108,54,54,45,25,20
23,15,016,156,89,67,50,28,22,106,61,45
23,15,019,1009,531,478,7,2,5,1002,529,473
23,15,020,24,13,11,22,12,10,2,1,1
23,15,021,199,97,102,65,34,31,134,63,71
23,15,022,282,156,126,178,101,77,104,55,49
23,15,028,12,7,5,0,0,0,12,7,5
23,15,030,2,1,1,2,1,1,0,0,0
23,15,040,10,5,5,8,3,5,2,2,0
23,15,044,1343,667,676,1341,666,675,2,1,1
23,15,045,4,3,1,4,3,1,0,0,0
23,15,054,1,0,1,1,0,1,0,0,0
23,15,068,1,1,0,1,1,0,0,0,0
23,15,072,9,3,6,9,3,6,0,0,0
23,15,090,2,1,1,0,0,0,2,1,1
23,15,091,1,0,1,1,0,1,0,0,0
23,15,096,4,4,0,4,4,0,0,0,0
23,15,123,31,17,14,2,0,2,29,17,12
23,16,001,17,10,7,1,1,0,16,9,7
23,16,002,3876,2037,1839,165,92,73,3711,1945,1766
23,16,005,594,297,297,101,51,50,493,246,247
23,16,006,1550932,792412,758520,1171048,592107,578941,379884,200305,179579
23,16,007,62,28,34,5,2,3,57,26,31
23,16,008,2,1,1,0,0,0,2,1,1
23,16,010,199,110,89,9,4,5,190,106,84
23,16,011,844,416,428,16,12,4,828,404,424
23,16,012,7,5,2,7,5,2,0,0,0
23,16,013,984,506,478,112,56,56,872,450,422
23,16,014,147,101,46,13,11,2,134,90,44
23,16,015,2431,1344,1087,84,48,36,2347,1296,1051
23,16,016,1219,627,592,30,17,13,1189,610,579
23,16,018,9,6,3,1,1,0,8,5,3
23,16,019,3336,1733,1603,16,10,6,3320,1723,1597
23,16,020,121,60,61,5,2,3,116,58,58
23,16,021,1547,831,716,32,19,13,1515,812,703
23,16,022,3914,2034,1880,631,326,305,3283,1708,1575
23,16,028,7,3,4,0,0,0,7,3,4
23,16,030,5,2,3,1,0,1,4,2,2
23,16,040,109,59,50,1,0,1,108,59,49
23,16,044,4464,2134,2330,4445,2125,2320,19,9,10
23,16,048,7,2,5,0,0,0,7,2,5
23,16,055,5,3,2,0,0,0,5,3,2
23,16,072,347,159,188,326,146,180,21,13,8
23,16,090,18,11,7,17,10,7,1,1,0
23,16,091,1,1,0,1,1,0,0,0,0
23,16,093,5,2,3,5,2,3,0,0,0
23,16,097,9,4,5,9,4,5,0,0,0
23,16,123,85,50,35,68,37,31,17,13,4
23,17,001,19,11,8,6,2,4,13,9,4
23,17,002,2618,1448,1170,231,135,96,2387,1313,1074
23,17,003,2,2,0,0,0,0,2,2,0
23,17,004,3,2,1,0,0,0,3,2,1
23,17,005,83,49,34,12,8,4,71,41,30
23,17,006,1816245,939900,876345,1565813,804489,761324,250432,135411,115021
23,17,007,55,27,28,0,0,0,55,27,28
23,17,008,12,7,5,0,0,0,12,7,5
23,17,010,216,119,97,1,1,0,215,118,97
23,17,011,1328,699,629,31,11,20,1297,688,609
23,17,012,14,6,8,0,0,0,14,6,8
23,17,013,531,276,255,57,32,25,474,244,230
23,17,014,89,52,37,9,8,1,80,44,36
23,17,015,669,377,292,10,9,1,659,368,291
23,17,016,1565,831,734,15,12,3,1550,819,731
23,17,017,1,1,0,1,1,0,0,0,0
23,17,018,64,38,26,3,2,1,61,36,25
23,17,019,273,146,127,11,6,5,262,140,122
23,17,020,346,174,172,6,2,4,340,172,168
23,17,021,433,220,213,3,0,3,430,220,210
23,17,022,3054,1667,1387,610,330,280,2444,1337,1107
23,17,028,4,2,2,0,0,0,4,2,2
23,17,030,3,2,1,2,2,0,1,0,1
23,17,033,1,1,0,0,0,0,1,1,0
23,17,040,17,11,6,1,0,1,16,11,5
23,17,044,3272,1639,1633,3270,1637,1633,2,2,0
23,17,048,4,2,2,0,0,0,4,2,2
23,17,054,6,3,3,0,0,0,6,3,3
23,17,072,50,20,30,4,1,3,46,19,27
23,17,090,42,17,25,18,6,12,24,11,13
23,17,091,17,8,9,0,0,0,17,8,9
23,17,123,116,73,43,7,5,2,109,68,41
23,18,001,78,67,11,0,0,0,78,67,11
23,18,002,811,510,301,172,89,83,639,421,218
23,18,003,1,1,0,0,0,0,1,1,0
23,18,004,72,54,18,16,7,9,56,47,9
23,18,005,6174,3050,3124,1734,884,850,4440,2166,2274
23,18,006,693852,355628,338224,517179,263937,253242,176673,91691,84982
23,18,007,127,93,34,1,1,0,126,92,34
23,18,008,17,14,3,7,4,3,10,10,0
23,18,010,19,9,10,13,6,7,6,3,3
23,18,011,527,300,227,145,76,69,382,224,158
23,18,012,51,43,8,0,0,0,51,43,8
23,18,013,1086,569,517,216,116,100,870,453,417
23,18,014,109,63,46,54,30,24,55,33,22
23,18,015,388,272,116,141,76,65,247,196,51
23,18,016,2556,1376,1180,362,205,157,2194,1171,1023
23,18,017,1,1,0,0,0,0,1,1,0
23,18,018,8,6,2,0,0,0,8,6,2
23,18,019,2836,1449,1387,77,33,44,2759,1416,1343
23,18,020,205,135,70,14,8,6,191,127,64
23,18,021,299,183,116,61,34,27,238,149,89
23,18,022,14067,7187,6880,1312,676,636,12755,6511,6244
23,18,028,15,9,6,6,3,3,9,6,3
23,18,030,1833,934,899,1364,712,652,469,222,247
23,18,038,1,1,0,0,0,0,1,1,0
23,18,040,20,9,11,5,2,3,15,7,8
23,18,044,29,14,15,13,4,9,16,10,6
23,18,053,96,47,49,96,47,49,0,0,0
23,18,072,2,2,0,0,0,0,2,2,0
23,18,073,1,1,0,0,0,0,1,1,0
23,18,075,466,226,240,3,2,1,463,224,239
23,18,087,2,1,1,2,1,1,0,0,0
23,18,090,134,62,72,17,7,10,117,55,62
23,18,115,1,1,0,0,0,0,1,1,0
23,18,123,186,102,84,90,46,44,96,56,40
23,19,001,7,5,2,0,0,0,7,5,2
23,19,002,2367,1263,1104,2269,1207,1062,98,56,42
23,19,004,10,7,3,10,7,3,0,0,0
23,19,005,6220,3133,3087,2499,1264,1235,3721,1869,1852
23,19,006,1119884,572554,547330,935943,477625,458318,183941,94929,89012
23,19,008,1,1,0,1,1,0,0,0,0
23,19,010,35,23,12,16,8,8,19,15,4
23,19,011,299,152,147,78,34,44,221,118,103
23,19,013,1517,742,775,298,143,155,1219,599,620
23,19,014,80,51,29,15,10,5,65,41,24
23,19,015,193,118,75,65,37,28,128,81,47
23,19,016,2070,1075,995,196,103,93,1874,972,902
23,19,018,4,1,3,0,0,0,4,1,3
23,19,019,5955,3039,2916,295,154,141,5660,2885,2775
23,19,020,77,50,27,41,26,15,36,24,12
23,19,021,17,10,7,0,0,0,17,10,7
23,19,022,38568,19643,18925,15757,7993,7764,22811,11650,11161
23,19,028,53,30,23,22,12,10,31,18,13
23,19,030,2702,1366,1336,2334,1183,1151,368,183,185
23,19,040,30,16,14,14,7,7,16,9,7
23,19,044,8,6,2,3,2,1,5,4,1
23,19,045,1,0,1,0,0,0,1,0,1
23,19,048,8,3,5,0,0,0,8,3,5
23,19,053,2,1,1,2,1,1,0,0,0
23,19,067,2,1,1,2,1,1,0,0,0
23,19,072,9,4,5,0,0,0,9,4,5
23,19,075,3032,1541,1491,3025,1537,1488,7,4,3
23,19,090,213,113,100,0,0,0,213,113,100
23,19,123,360,171,189,135,66,69,225,105,120
23,20,002,295,159,136,93,56,37,202,103,99
23,20,004,19,9,10,8,5,3,11,4,7
23,20,005,9884,4780,5104,559,286,273,9325,4494,4831
23,20,006,950499,487348,463151,641030,327761,313269,309469,159587,149882
23,20,007,97,55,42,4,4,0,93,51,42
23,20,009,9,4,5,0,0,0,9,4,5
23,20,010,26,17,9,2,2,0,24,15,9
23,20,011,447,215,232,21,13,8,426,202,224
23,20,013,4519,2302,2217,113,50,63,4406,2252,2154
23,20,014,89,55,34,5,4,1,84,51,33
23,20,015,109,62,47,24,15,9,85,47,38
23,20,016,1725,895,830,134,83,51,1591,812,779
23,20,017,2,2,0,1,1,0,1,1,0
23,20,018,3,2,1,2,1,1,1,1,0
23,20,019,3462,1737,1725,49,24,25,3413,1713,1700
23,20,020,260,148,112,41,26,15,219,122,97
23,20,021,116,63,53,17,8,9,99,55,44
23,20,022,39734,20385,19349,2690,1378,1312,37044,19007,18037
23,20,024,14,7,7,0,0,0,14,7,7
23,20,028,29,15,14,7,3,4,22,12,10
23,20,030,203172,102166,101006,201628,101243,100385,1544,923,621
23,20,040,232,114,118,1,0,1,231,114,117
23,20,041,1,1,0,0,0,0,1,1,0
23,20,044,43,17,26,33,13,20,10,4,6
23,20,053,453,234,219,447,232,215,6,2,4
23,20,072,9,4,5,1,1,0,8,3,5
23,20,075,1,0,1,1,0,1,0,0,0
23,20,090,20,10,10,3,1,2,17,9,8
23,20,123,124,56,68,45,20,25,79,36,43
23,21,001,5,4,1,2,2,0,3,2,1
23,21,002,1979,1043,936,225,140,85,1754,903,851
23,21,003,2,2,0,0,0,0,2,2,0
23,21,004,65,32,33,64,31,33,1,1,0
23,21,005,14068,7028,7040,1147,581,566,12921,6447,6474
23,21,006,1584579,818226,766353,1035004,531745,503259,549575,286481,263094
23,21,007,54,35,19,16,16,0,38,19,19
23,21,008,29,13,16,0,0,0,29,13,16
23,21,009,29,18,11,0,0,0,29,18,11
23,21,010,176,96,80,15,13,2,161,83,78
23,21,011,1597,772,825,365,224,141,1232,548,684
23,21,012,2,2,0,0,0,0,2,2,0
23,21,013,16180,8068,8112,401,200,201,15779,7868,7911
23,21,014,178,108,70,7,5,2,171,103,68
23,21,015,418,215,203,92,49,43,326,166,160
23,21,016,4090,2114,1976,211,111,100,3879,2003,1876
23,21,017,13,9,4,0,0,0,13,9,4
23,21,019,9991,5137,4854,61,32,29,9930,5105,4825
23,21,020,406,247,159,40,34,6,366,213,153
23,21,021,453,239,214,144,81,63,309,158,151
23,21,022,73124,37574,35550,8251,4193,4058,64873,33381,31492
23,21,028,83,35,48,65,29,36,18,6,12
23,21,030,2787,1478,1309,1716,898,818,1071,580,491
23,21,039,1,1,0,0,0,0,1,1,0
23,21,040,64,37,27,4,2,2,60,35,25
23,21,044,64,38,26,54,31,23,10,7,3
23,21,045,27,13,14,1,0,1,26,13,13
23,21,048,1,1,0,1,1,0,0,0,0
23,21,055,2,0,2,0,0,0,2,0,2
23,21,067,4,2,2,0,0,0,4,2,2
23,21,072,55,31,24,11,3,8,44,28,16
23,21,075,6,3,3,0,0,0,6,3,3
23,21,090,90,49,41,30,15,15,60,34,26
23,21,105,5,3,2,0,0,0,5,3,2
23,21,123,355,198,157,268,150,118,87,48,39
23,22,001,6,6,0,6,6,0,0,0,0
23,22,002,274,154,120,99,54,45,175,100,75
23,22,005,2306,1184,1122,299,146,153,2007,1038,969
23,22,006,1246795,647175,599620,1035933,537229,498704,210862,109946,100916
23,22,007,2,0,2,0,0,0,2,0,2
23,22,009,6,3,3,2,1,1,4,2,2
23,22,010,31,17,14,0,0,0,31,17,14
23,22,011,213,73,140,34,8,26,179,65,114
23,22,013,2975,1513,1462,601,306,295,2374,1207,1167
23,22,014,66,38,28,15,9,6,51,29,22
23,22,015,52,32,20,21,12,9,31,20,11
23,22,016,490,265,225,52,32,20,438,233,205
23,22,017,11,6,5,0,0,0,11,6,5
23,22,018,4,3,1,0,0,0,4,3,1
23,22,019,915,462,453,65,34,31,850,428,422
23,22,020,112,74,38,6,5,1,106,69,37
23,22,021,104,50,54,14,6,8,90,44,46
23,22,022,32786,16931,15855,12511,6493,6018,20275,10438,9837
23,22,024,15,7,8,9,3,6,6,4,2
23,22,028,15,8,7,1,0,1,14,8,6
23,22,030,1097,547,550,957,474,483,140,73,67
23,22,040,7,6,1,4,4,0,3,2,1
23,22,044,42,39,3,3,2,1,39,37,2
23,22,045,36,35,1,0,0,0,36,35,1
23,22,048,7,7,0,0,0,0,7,7,0
23,22,067,7,3,4,7,3,4,0,0,0
23,22,072,56,44,12,0,0,0,56,44,12
23,22,090,1793,927,866,400,214,186,1393,713,680
23,22,111,1,1,0,1,1,0,0,0,0
23,22,123,461,242,219,415,212,203,46,30,16
23,23,001,5,4,1,0,0,0,5,4,1
23,23,002,1654,845,809,128,82,46,1526,763,763
23,23,003,2,1,1,0,0,0,2,1,1
23,23,004,4,2,2,0,0,0,4,2,2
23,23,005,6585,3366,3219,4824,2463,2361,1761,903,858
23,23,006,1201679,623376,578303,897447,464223,433224,304232,159153,145079
23,23,007,76,43,33,1,1,0,75,42,33
23,23,008,6,4,2,2,2,0,4,2,2
23,23,009,6,4,2,0,0,0,6,4,2
23,23,010,8,5,3,0,0,0,8,5,3
23,23,011,934,476,458,47,17,30,887,459,428
23,23,013,12243,6179,6064,601,301,300,11642,5878,5764
23,23,014,128,81,47,9,6,3,119,75,44
23,23,015,985,531,454,814,441,373,171,90,81
23,23,016,1453,746,707,55,26,29,1398,720,678
23,23,017,53,30,23,43,24,19,10,6,4
23,23,018,2,1,1,2,1,1,0,0,0
23,23,019,2224,1104,1120,106,54,52,2118,1050,1068
23,23,020,263,157,106,15,7,8,248,150,98
23,23,021,208,108,100,22,12,10,186,96,90
23,23,022,41248,21240,20008,9682,5042,4640,31566,16198,15368
23,23,025,1,1,0,1,1,0,0,0,0
23,23,028,26,17,9,6,5,1,20,12,8
23,23,030,18070,9140,8930,17815,9013,8802,255,127,128
23,23,032,1,0,1,1,0,1,0,0,0
23,23,035,9,4,5,9,4,5,0,0,0
23,23,040,12,7,5,4,3,1,8,4,4
23,23,044,18584,9483,9101,16605,8476,8129,1979,1007,972
23,23,045,20,8,12,18,6,12,2,2,0
23,23,053,8,4,4,8,4,4,0,0,0
23,23,054,6,2,4,0,0,0,6,2,4
23,23,067,1333,700,633,1315,689,626,18,11,7
23,23,068,27,13,14,27,13,14,0,0,0
23,23,072,32,17,15,7,4,3,25,13,12
23,23,111,1,0,1,1,0,1,0,0,0
23,23,123,327,167,160,261,133,128,66,34,32
23,24,001,2,2,0,1,1,0,1,1,0
23,24,002,290,162,128,175,99,76,115,63,52
23,24,005,12991,6402,6589,8232,4047,4185,4759,2355,2404
23,24,006,179731,93173,86558,91075,47024,44051,88656,46149,42507
23,24,007,44,26,18,7,1,6,37,25,12
23,24,008,2,1,1,0,0,0,2,1,1
23,24,009,4,2,2,0,0,0,4,2,2
23,24,010,26,20,6,21,17,4,5,3,2
23,24,011,201,54,147,97,14,83,104,40,64
23,24,013,1086,554,532,234,124,110,852,430,422
23,24,014,50,30,20,34,20,14,16,10,6
23,24,015,47,25,22,29,13,16,18,12,6
23,24,016,68,44,24,31,22,9,37,22,15
23,24,017,21,12,9,21,12,9,0,0,0
23,24,018,2,2,0,2,2,0,0,0,0
23,24,019,120,60,60,23,11,12,97,49,48
23,24,020,72,38,34,63,34,29,9,4,5
23,24,021,75,42,33,31,17,14,44,25,19
23,24,022,4101,2150,1951,570,315,255,3531,1835,1696
23,24,028,35,18,17,19,12,7,16,6,10
23,24,030,1194960,598916,596044,1172292,587182,585110,22668,11734,10934
23,24,040,8,5,3,3,1,2,5,4,1
23,24,044,46,21,25,41,18,23,5,3,2
23,24,045,2,0,2,2,0,2,0,0,0
23,24,048,2,2,0,0,0,0,2,2,0
23,24,053,1,1,0,1,1,0,0,0,0
23,24,054,4,1,3,1,0,1,3,1,2
23,24,072,11,5,6,2,0,2,9,5,4
23,24,090,19,11,8,1,1,0,18,10,8
23,24,123,540,274,266,522,264,258,18,10,8
23,25,001,7,5,2,0,0,0,7,5,2
23,25,002,731,493,238,362,245,117,369,248,121
23,25,004,40,24,16,5,5,0,35,19,16
23,25,005,11928,6052,5876,8442,4278,4164,3486,1774,1712
23,25,006,1197020,615398,581622,952366,484611,467755,244654,130787,113867
23,25,007,83,50,33,9,7,2,74,43,31
23,25,010,97,68,29,30,21,9,67,47,20
23,25,011,586,308,278,80,41,39,506,267,239
23,25,013,10326,5371,4955,3780,1918,1862,6546,3453,3093
23,25,014,284,199,85,63,41,22,221,158,63
23,25,015,876,712,164,208,142,66,668,570,98
23,25,016,843,443,400,312,172,140,531,271,260
23,25,017,5,2,3,5,2,3,0,0,0
23,25,019,605,307,298,28,14,14,577,293,284
23,25,020,134,80,54,45,21,24,89,59,30
23,25,021,184,106,78,92,55,37,92,51,41
23,25,022,20822,10774,10048,7697,3988,3709,13125,6786,6339
23,25,024,16,7,9,0,0,0,16,7,9
23,25,028,208,105,103,74,35,39,134,70,64
23,25,030,492480,248353,244127,477058,240369,236689,15422,7984,7438
23,25,032,16,7,9,16,7,9,0,0,0
23,25,040,24,11,13,17,8,9,7,3,4
23,25,044,454,238,216,391,201,190,63,37,26
23,25,045,12,12,0,0,0,0,12,12,0
23,25,053,32,18,14,32,18,14,0,0,0
23,25,054,3,2,1,3,2,1,0,0,0
23,25,067,19,8,11,16,6,10,3,2,1
23,25,068,5,2,3,0,0,0,5,2,3
23,25,072,43,19,24,11,6,5,32,13,19
23,25,074,1199,614,585,327,167,160,872,447,425
23,25,075,446,209,237,446,209,237,0,0,0
23,25,090,201,98,103,18,11,7,183,87,96
23,25,091,6,6,0,0,0,0,6,6,0
23,25,123,594,315,279,212,110,102,382,205,177
23,26,001,220,161,59,18,11,7,202,150,52
23,26,002,7661,4488,3173,500,290,210,7161,4198,2963
23,26,004,1201,918,283,211,124,87,990,794,196
23,26,005,29004,14797,14207,1253,641,612,27751,14156,13595
23,26,006,2097372,1098174,999198,715254,368789,346465,1382118,729385,652733
23,26,007,863,534,329,35,17,18,828,517,311
23,26,008,383,221,162,6,4,2,377,217,160
23,26,009,325,166,159,11,11,0,314,155,159
23,26,010,262,159,103,46,34,12,216,125,91
23,26,011,6460,3282,3178,281,121,160,6179,3161,3018
23,26,012,47,24,23,0,0,0,47,24,23
23,26,013,114436,58133,56303,3574,1848,1726,110862,56285,54577
23,26,014,1974,1370,604,83,57,26,1891,1313,578
23,26,015,1239,830,409,453,373,80,786,457,329
23,26,016,25399,13423,11976,601,334,267,24798,13089,11709
23,26,017,17,11,6,0,0,0,17,11,6
23,26,018,5,4,1,1,1,0,4,3,1
23,26,019,53639,27360,26279,2440,1234,1206,51199,26126,25073
23,26,020,2958,1665,1293,131,73,58,2827,1592,1235
23,26,021,1679,884,795,103,44,59,1576,840,736
23,26,022,110451,57328,53123,3759,2161,1598,106692,55167,51525
23,26,028,135,72,63,4,2,2,131,70,61
23,26,030,7471,3890,3581,5952,3039,2913,1519,851,668
23,26,032,7,3,4,0,0,0,7,3,4
23,26,037,10,5,5,0,0,0,10,5,5
23,26,040,420,218,202,19,13,6,401,205,196
23,26,044,304,166,138,134,71,63,170,95,75
23,26,045,43,23,20,3,2,1,40,21,19
23,26,052,1,1,0,0,0,0,1,1,0
23,26,053,39,20,19,3,2,1,36,18,18
23,26,054,6,4,2,1,1,0,5,3,2
23,26,059,1,1,0,0,0,0,1,1,0
23,26,062,1,0,1,0,0,0,1,0,1
23,26,067,5,4,1,0,0,0,5,4,1
23,26,068,14,8,6,0,0,0,14,8,6
23,26,072,201,132,69,69,43,26,132,89,43
23,26,073,9,6,3,0,0,0,9,6,3
23,26,075,50,22,28,0,0,0,50,22,28
23,26,082,1,1,0,0,0,0,1,1,0
23,26,090,116,62,54,19,13,6,97,49,48
23,26,091,9,8,1,0,0,0,9,8,1
23,26,105,8,2,6,0,0,0,8,2,6
23,26,112,2,1,1,0,0,0,2,1,1
23,26,116,16,10,6,0,0,0,16,10,6
23,26,123,1363,761,602,500,271,229,863,490,373
23,27,001,39,37,2,31,31,0,8,6,2
23,27,002,554,330,224,444,266,178,110,64,46
23,27,004,4,1,3,4,1,3,0,0,0
23,27,005,12720,6580,6140,9798,5055,4743,2922,1525,1397
23,27,006,1141353,588174,553179,942312,484765,457547,199041,103409,95632
23,27,007,122,68,54,44,26,18,78,42,36
23,27,008,1,0,1,0,0,0,1,0,1
23,27,009,31,17,14,31,17,14,0,0,0
23,27,010,57,39,18,42,30,12,15,9,6
23,27,011,294,134,160,98,54,44,196,80,116
23,27,012,1,1,0,0,0,0,1,1,0
23,27,013,8725,4386,4339,3950,2004,1946,4775,2382,2393
23,27,014,48,42,6,38,34,4,10,8,2
23,27,015,542,481,61,494,463,31,48,18,30
23,27,016,2378,1217,1161,1021,515,506,1357,702,655
23,27,017,10,6,4,5,4,1,5,2,3
23,27,018,50,45,5,50,45,5,0,0,0
23,27,019,1858,938,920,1570,796,774,288,142,146
23,27,020,558,291,267,449,233,216,109,58,51
23,27,021,1101,602,499,1053,575,478,48,27,21
23,27,022,27465,14352,13113,4851,2586,2265,22614,11766,10848
23,27,023,1,1,0,1,1,0,0,0,0
23,27,028,59,31,28,33,16,17,26,15,11
23,27,030,326621,164332,162289,323150,162556,160594,3471,1776,1695
23,27,032,4,2,2,0,0,0,4,2,2
23,27,040,48,22,26,44,21,23,4,1,3
23,27,044,391,208,183,370,197,173,21,11,10
23,27,053,43,21,22,33,17,16,10,4,6
23,27,054,1,0,1,1,0,1,0,0,0
23,27,067,42,24,18,41,23,18,1,1,0
23,27,068,15,8,7,15,8,7,0,0,0
23,27,072,36,23,13,36,23,13,0,0,0
23,27,074,181,90,91,173,85,88,8,5,3
23,27,090,40,22,18,30,18,12,10,4,6
23,27,116,3,1,2,0,0,0,3,1,2
23,27,123,4166,2078,2088,3891,1942,1949,275,136,139
23,28,001,1,1,0,1,1,0,0,0,0
23,28,002,303,179,124,221,125,96,82,54,28
23,28,005,25796,13127,12669,13548,6926,6622,12248,6201,6047
23,28,006,420567,215463,205104,316097,161285,154812,104470,54178,50292
23,28,007,17,9,8,15,8,7,2,1,1
23,28,009,61,34,27,58,32,26,3,2,1
23,28,010,7,3,4,7,3,4,0,0,0
23,28,011,105,25,80,20,10,10,85,15,70
23,28,013,16319,8162,8157,5644,2781,2863,10675,5381,5294
23,28,014,43,30,13,17,13,4,26,17,9
23,28,015,23,11,12,4,1,3,19,10,9
23,28,016,776,402,374,208,106,102,568,296,272
23,28,017,8,3,5,8,3,5,0,0,0
23,28,018,1,1,0,0,0,0,1,1,0
23,28,019,281,156,125,28,17,11,253,139,114
23,28,020,84,48,36,28,19,9,56,29,27
23,28,021,196,107,89,38,25,13,158,82,76
23,28,022,14385,7529,6856,2028,1127,901,12357,6402,5955
23,28,028,58,30,28,36,19,17,22,11,11
23,28,030,582531,293197,289334,573507,288602,284905,9024,4595,4429
23,28,032,1,1,0,0,0,0,1,1,0
23,28,040,10,7,3,6,5,1,4,2,2
23,28,044,131,74,57,115,66,49,16,8,8
23,28,053,17245,8703,8542,10150,5103,5047,7095,3600,3495
23,28,054,2,0,2,0,0,0,2,0,2
23,28,067,313,164,149,313,164,149,0,0,0
23,28,072,28,15,13,15,7,8,13,8,5
23,28,074,181,89,92,146,71,75,35,18,17
23,28,090,9,7,2,7,6,1,2,1,1
23,28,093,10,5,5,10,5,5,0,0,0
23,28,123,1949,1027,922,1191,629,562,758,398,360
23,29,002,2977,1517,1460,2390,1214,1176,587,303,284
23,29,004,3,2,1,2,1,1,1,1,0
23,29,005,24926,12774,12152,8469,4339,4130,16457,8435,8022
23,29,006,979006,509572,469434,755511,393282,362229,223495,116290,107205
23,29,007,333,176,157,231,120,111,102,56,46
23,29,008,19,15,4,0,0,0,19,15,4
23,29,009,91,43,48,78,34,44,13,9,4
23,29,010,59,31,28,38,23,15,21,8,13
23,29,011,523,256,267,194,98,96,329,158,171
23,29,013,208020,107104,100916,126835,65376,61459,81185,41728,39457
23,29,014,124,72,52,40,22,18,84,50,34
23,29,015,730,382,348,577,312,265,153,70,83
23,29,016,2567,1326,1241,399,219,180,2168,1107,1061
23,29,017,3,0,3,2,0,2,1,0,1
23,29,018,3,2,1,3,2,1,0,0,0
23,29,019,13594,7060,6534,358,206,152,13236,6854,6382
23,29,020,538,289,249,226,120,106,312,169,143
23,29,021,1450,744,706,296,161,135,1154,583,571
23,29,022,146651,75438,71213,29559,15476,14083,117092,59962,57130
23,29,025,1,1,0,1,1,0,0,0,0
23,29,028,128,63,65,46,21,25,82,42,40
23,29,030,129099,65526,63573,128074,64992,63082,1025,534,491
23,29,037,1,1,0,0,0,0,1,1,0
23,29,040,67,37,30,4,4,0,63,33,30
23,29,044,15024,7668,7356,14734,7515,7219,290,153,137
23,29,045,9,5,4,4,2,2,5,3,2
23,29,053,6068,3070,2998,5979,3023,2956,89,47,42
23,29,054,2,0,2,0,0,0,2,0,2
23,29,060,5,2,3,5,2,3,0,0,0
23,29,067,153473,77664,75809,152536,77192,75344,937,472,465
23,29,068,7344,3762,3582,7245,3707,3538,99,55,44
23,29,072,69,33,36,24,12,12,45,21,24
23,29,074,361,179,182,361,179,182,0,0,0
23,29,075,2586,1316,1270,2586,1316,1270,0,0,0
23,29,082,21,8,13,19,8,11,2,0,2
23,29,090,34,19,15,20,12,8,14,7,7
23,29,091,11,5,6,10,5,5,1,0,1
23,29,116,29,11,18,29,11,18,0,0,0
23,29,123,17185,8793,8392,16328,8357,7971,857,436,421
23,30,002,183,122,61,111,75,36,72,47,25
23,30,004,1,1,0,0,0,0,1,1,0
23,30,005,802,398,404,593,293,300,209,105,104
23,30,006,1227561,635127,592434,1026193,530093,496100,201368,105034,96334
23,30,007,4,2,2,4,2,2,0,0,0
23,30,010,23,19,4,4,4,0,19,15,4
23,30,011,206,79,127,53,23,30,153,56,97
23,30,013,403,214,189,93,46,47,310,168,142
23,30,014,57,43,14,8,7,1,49,36,13
23,30,015,610,547,63,129,109,20,481,438,43
23,30,016,181,108,73,36,29,7,145,79,66
23,30,017,31,18,13,2,2,0,29,16,13
23,30,019,137,66,71,14,7,7,123,59,64
23,30,020,38,29,9,0,0,0,38,29,9
23,30,021,7,6,1,1,1,0,6,5,1
23,30,022,23511,12140,11371,9276,4793,4483,14235,7347,6888
23,30,028,23,13,10,0,0,0,23,13,10
23,30,030,111,64,47,81,42,39,30,22,8
23,30,040,9,8,1,3,2,1,6,6,0
23,30,044,20,13,7,20,13,7,0,0,0
23,30,072,9,6,3,9,6,3,0,0,0
23,30,090,102,56,46,102,56,46,0,0,0
23,30,123,56,27,29,31,12,19,25,15,10
23,31,002,269,165,104,116,78,38,153,87,66
23,31,005,230,123,107,5,4,1,225,119,106
23,31,006,1160403,619035,541368,928848,496178,432670,231555,122857,108698
23,31,007,20,11,9,4,4,0,16,7,9
23,31,009,3,1,2,0,0,0,3,1,2
23,31,010,9,3,6,0,0,0,9,3,6
23,31,011,301,125,176,24,11,13,277,114,163
23,31,012,6,6,0,0,0,0,6,6,0
23,31,013,1881,961,920,92,54,38,1789,907,882
23,31,014,33,21,12,3,1,2,30,20,10
23,31,015,182,132,50,171,125,46,11,7,4
23,31,016,766,401,365,106,59,47,660,342,318
23,31,017,47,27,20,23,14,9,24,13,11
23,31,018,5,5,0,5,5,0,0,0,0
23,31,019,1353,707,646,6,4,2,1347,703,644
23,31,020,121,62,59,100,51,49,21,11,10
23,31,021,45,17,28,21,9,12,24,8,16
23,31,022,48852,25873,22979,24699,13130,11569,24153,12743,11410
23,31,028,1,1,0,1,1,0,0,0,0
23,31,030,182,94,88,178,94,84,4,0,4
23,31,040,3,1,2,0,0,0,3,1,2
23,31,044,49,24,25,43,21,22,6,3,3
23,31,072,42,22,20,3,2,1,39,20,19
23,31,090,2,1,1,2,1,1,0,0,0
23,31,093,1,1,0,0,0,0,1,1,0
23,31,123,51,19,32,40,15,25,11,4,7
23,32,001,206,135,71,4,1,3,202,134,68
23,32,002,10848,5776,5072,182,108,74,10666,5668,4998
23,32,003,5,3,2,0,0,0,5,3,2
23,32,004,92,56,36,0,0,0,92,56,36
23,32,005,4274,2200,2074,82,44,38,4192,2156,2036
23,32,006,1431939,759879,672060,351354,186318,165036,1080585,573561,507024
23,32,007,1116,594,522,25,16,9,1091,578,513
23,32,008,311,157,154,2,1,1,309,156,153
23,32,009,147,71,76,0,0,0,147,71,76
23,32,010,223,123,100,0,0,0,223,123,100
23,32,011,15944,8137,7807,224,119,105,15720,8018,7702
23,32,012,57,36,21,4,3,1,53,33,20
23,32,013,63846,32732,31114,437,227,210,63409,32505,30904
23,32,014,3463,2080,1383,24,18,6,3439,2062,1377
23,32,015,1485,818,667,59,33,26,1426,785,641
23,32,016,14052,7201,6851,179,107,72,13873,7094,6779
23,32,017,58,33,25,2,2,0,56,31,25
23,32,018,5,4,1,0,0,0,5,4,1
23,32,019,52955,27050,25905,19,10,9,52936,27040,25896
23,32,020,8556,4595,3961,94,48,46,8462,4547,3915
23,32,021,4009,2152,1857,83,47,36,3926,2105,1821
23,32,022,227568,117611,109957,7921,4218,3703,219647,113393,106254
23,32,023,1,0,1,0,0,0,1,0,1
23,32,028,61,34,27,8,4,4,53,30,23
23,32,030,187,98,89,13,8,5,174,90,84
23,32,037,1,1,0,0,0,0,1,1,0
23,32,039,4,2,2,0,0,0,4,2,2
23,32,040,213,92,121,11,1,10,202,91,111
23,32,043,1,1,0,0,0,0,1,1,0
23,32,044,834,417,417,61,32,29,773,385,388
23,32,045,36,20,16,0,0,0,36,20,16
23,32,053,6,4,2,0,0,0,6,4,2
23,32,054,5,3,2,0,0,0,5,3,2
23,32,055,2,0,2,0,0,0,2,0,2
23,32,059,4,3,1,0,0,0,4,3,1
23,32,067,16,7,9,0,0,0,16,7,9
23,32,068,9,4,5,0,0,0,9,4,5
23,32,071,2,2,0,0,0,0,2,2,0
23,32,072,384,193,191,0,0,0,384,193,191
23,32,073,6,4,2,0,0,0,6,4,2
23,32,075,32,17,15,0,0,0,32,17,15
23,32,082,1,0,1,0,0,0,1,0,1
23,32,090,7,5,2,0,0,0,7,5,2
23,32,102,3,1,2,0,0,0,3,1,2
23,32,114,17,10,7,0,0,0,17,10,7
23,32,115,2,0,2,0,0,0,2,0,2
23,32,123,517,288,229,4,2,2,513,286,227
23,33,002,272,156,116,148,91,57,124,65,59
23,33,004,9,6,3,9,6,3,0,0,0
23,33,005,447,216,231,306,151,155,141,65,76
23,33,006,1036555,543212,493343,863626,451949,411677,172929,91263,81666
23,33,007,18,10,8,8,5,3,10,5,5
23,33,010,8,6,2,0,0,0,8,6,2
23,33,011,221,98,123,45,15,30,176,83,93
23,33,013,958,496,462,328,174,154,630,322,308
23,33,014,57,39,18,13,8,5,44,31,13
23,33,015,69,34,35,17,9,8,52,25,27
23,33,016,359,197,162,38,26,12,321,171,150
23,33,019,616,315,301,25,11,14,591,304,287
23,33,020,83,53,30,24,18,6,59,35,24
23,33,021,66,37,29,56,33,23,10,4,6
23,33,022,31130,16194,14936,12543,6608,5935,18587,9586,9001
23,33,028,18,9,9,17,9,8,1,0,1
23,33,030,5521,2781,2740,5514,2778,2736,7,3,4
23,33,040,2,1,1,0,0,0,2,1,1
23,33,044,1374,710,664,1362,702,660,12,8,4
23,33,067,71,35,36,64,31,33,7,4,3
23,33,068,9,4,5,9,4,5,0,0,0
23,33,072,12,9,3,4,4,0,8,5,3
23,33,075,7,5,2,0,0,0,7,5,2
23,33,090,1,0,1,0,0,0,1,0,1
23,33,123,1029,514,515,1016,507,509,13,7,6
23,34,001,6,6,0,6,6,0,0,0,0
23,34,002,548,319,229,152,98,54,396,221,175
23,34,004,2,2,0,2,2,0,0,0,0
23,34,005,134,65,69,77,34,43,57,31,26
23,34,006,1086618,578013,508605,901435,478479,422956,185183,99534,85649
23,34,007,23,13,10,23,13,10,0,0,0
23,34,008,5,3,2,0,0,0,5,3,2
23,34,010,46,30,16,9,7,2,37,23,14
23,34,011,1122,508,614,691,315,376,431,193,238
23,34,012,1,1,0,1,1,0,0,0,0
23,34,013,665,365,300,149,92,57,516,273,243
23,34,014,94,60,34,36,19,17,58,41,17
23,34,015,1104,619,485,925,491,434,179,128,51
23,34,016,2347,1204,1143,1017,537,480,1330,667,663
23,34,017,2,2,0,0,0,0,2,2,0
23,34,018,3,1,2,3,1,2,0,0,0
23,34,019,880,458,422,56,35,21,824,423,401
23,34,020,160,100,60,107,68,39,53,32,21
23,34,021,207,114,93,76,40,36,131,74,57
23,34,022,30365,15983,14382,12914,6857,6057,17451,9126,8325
23,34,024,1,1,0,1,1,0,0,0,0
23,34,028,10,4,6,2,1,1,8,3,5
23,34,030,256,121,135,255,121,134,1,0,1
23,34,040,5,5,0,4,4,0,1,1,0
23,34,044,460,208,252,404,183,221,56,25,31
23,34,067,1,0,1,0,0,0,1,0,1
23,34,072,17,8,9,3,1,2,14,7,7
23,34,075,7,4,3,0,0,0,7,4,3
23,34,123,65,30,35,6,4,2,59,26,33
23,35,001,16,12,4,1,1,0,15,11,4
23,35,002,23996,12356,11640,20293,10408,9885,3703,1948,1755
23,35,004,8,8,0,0,0,0,8,8,0
23,35,005,798,419,379,198,102,96,600,317,283
23,35,006,651516,335660,315856,442546,226525,216021,208970,109135,99835
23,35,007,27,15,12,2,1,1,25,14,11
23,35,008,5,5,0,0,0,0,5,5,0
23,35,009,4,1,3,0,0,0,4,1,3
23,35,010,46,26,20,9,6,3,37,20,17
23,35,011,1062,552,510,81,36,45,981,516,465
23,35,013,207722,105220,102502,175453,88623,86830,32269,16597,15672
23,35,014,74,48,26,16,13,3,58,35,23
23,35,015,745,380,365,32,15,17,713,365,348
23,35,016,1286,699,587,230,123,107,1056,576,480
23,35,017,3,2,1,0,0,0,3,2,1
23,35,018,96,50,46,96,50,46,0,0,0
23,35,019,943,478,465,2,2,0,941,476,465
23,35,020,263,155,108,27,13,14,236,142,94
23,35,021,512,276,236,124,63,61,388,213,175
23,35,022,3146,1652,1494,870,446,424,2276,1206,1070
23,35,028,25,14,11,3,1,2,22,13,9
23,35,030,328,189,139,296,166,130,32,23,9
23,35,037,3,1,2,3,1,2,0,0,0
23,35,040,13,7,6,2,1,1,11,6,5
23,35,044,363547,181426,182121,358018,178420,179598,5529,3006,2523
23,35,045,186,89,97,178,85,93,8,4,4
23,35,053,9,5,4,9,5,4,0,0,0
23,35,054,7,1,6,0,0,0,7,1,6
23,35,067,135546,68548,66998,134380,67967,66413,1166,581,585
23,35,068,1574,790,784,1561,784,777,13,6,7
23,35,072,14,8,6,5,2,3,9,6,3
23,35,090,7,3,4,6,2,4,1,1,0
23,35,123,1648,861,787,1615,843,772,33,18,15
23,36,002,422,238,184,99,60,39,323,178,145
23,36,004,4,1,3,4,1,3,0,0,0
23,36,005,1882,965,917,1318,684,634,564,281,283
23,36,006,409680,214108,195572,315592,164630,150962,94088,49478,44610
23,36,010,4,2,2,4,2,2,0,0,0
23,36,011,63,28,35,2,1,1,61,27,34
23,36,013,2034,1023,1011,780,408,372,1254,615,639
23,36,014,15,12,3,0,0,0,15,12,3
23,36,015,1,1,0,1,1,0,0,0,0
23,36,016,393,199,194,14,7,7,379,192,187
23,36,019,253,133,120,5,2,3,248,131,117
23,36,020,10,6,4,0,0,0,10,6,4
23,36,021,17,6,11,16,5,11,1,1,0
23,36,022,4339,2235,2104,474,228,246,3865,2007,1858
23,36,030,544,271,273,536,267,269,8,4,4
23,36,032,7,4,3,7,4,3,0,0,0
23,36,040,1,1,0,0,0,0,1,1,0
23,36,044,13409,6843,6566,13207,6740,6467,202,103,99
23,36,048,2,2,0,0,0,0,2,2,0
23,36,061,8,4,4,8,4,4,0,0,0
23,36,067,37597,19250,18347,37527,19229,18298,70,21,49
23,36,068,3576,1808,1768,3559,1792,1767,17,16,1
23,36,072,6,4,2,0,0,0,6,4,2
23,36,090,4,2,2,4,2,2,0,0,0
23,36,123,145,80,65,92,50,42,53,30,23
23,37,001,36,31,5,0,0,0,36,31,5
23,37,002,3600,1863,1737,303,159,144,3297,1704,1593
23,37,003,7,4,3,0,0,0,7,4,3
23,37,004,26,18,8,1,1,0,25,17,8
23,37,005,3913,2020,1893,2905,1502,1403,1008,518,490
23,37,006,1024100,540372,483728,717768,378736,339032,306332,161636,144696
23,37,007,109,71,38,42,29,13,67,42,25
23,37,008,12,7,5,0,0,0,12,7,5
23,37,009,6,4,2,0,0,0,6,4,2
23,37,010,38,25,13,12,8,4,26,17,9
23,37,011,1189,559,630,213,88,125,976,471,505
23,37,012,43,38,5,0,0,0,43,38,5
23,37,013,7708,3986,3722,1448,772,676,6260,3214,3046
23,37,014,187,155,32,51,41,10,136,114,22
23,37,015,181,107,74,7,5,2,174,102,72
23,37,016,2287,1241,1046,197,108,89,2090,1133,957
23,37,018,3,1,2,0,0,0,3,1,2
23,37,019,5576,2839,2737,14,7,7,5562,2832,2730
23,37,020,510,287,223,91,46,45,419,241,178
23,37,021,461,265,196,55,32,23,406,233,173
23,37,022,6666,3609,3057,1126,585,541,5540,3024,2516
23,37,025,1,1,0,0,0,0,1,1,0
23,37,028,17,7,10,0,0,0,17,7,10
23,37,030,70,45,25,32,15,17,38,30,8
23,37,031,2,2,0,0,0,0,2,2,0
23,37,032,7,2,5,7,2,5,0,0,0
23,37,040,278,142,136,9,4,5,269,138,131
23,37,044,14167,7376,6791,12775,6598,6177,1392,778,614
23,37,054,9,0,9,8,0,8,1,0,1
23,37,067,12711,6510,6201,12622,6455,6167,89,55,34
23,37,072,24,11,13,5,4,1,19,7,12
23,37,090,12,10,2,1,0,1,11,10,1
23,37,091,1,1,0,0,0,0,1,1,0
23,37,123,308,165,143,179,93,86,129,72,57
23,38,001,28,26,2,24,24,0,4,2,2
23,38,002,1764,915,849,227,140,87,1537,775,762
23,38,004,4,2,2,0,0,0,4,2,2
23,38,005,571,292,279,207,104,103,364,188,176
23,38,006,1029268,530159,499109,837009,429204,407805,192259,100955,91304
23,38,007,36,28,8,5,5,0,31,23,8
23,38,009,8,6,2,0,0,0,8,6,2
23,38,010,30,18,12,4,3,1,26,15,11
23,38,011,377,192,185,26,18,8,351,174,177
23,38,012,1,1,0,0,0,0,1,1,0
23,38,013,1112,588,524,46,28,18,1066,560,506
23,38,014,222,147,75,88,71,17,134,76,58
23,38,015,490,311,179,200,159,41,290,152,138
23,38,016,1654,855,799,95,52,43,1559,803,756
23,38,019,21743,11209,10534,13,11,2,21730,11198,10532
23,38,020,187,112,75,1,1,0,186,111,75
23,38,021,575,304,271,45,27,18,530,277,253
23,38,022,5617,2966,2651,563,283,280,5054,2683,2371
23,38,028,17,9,8,16,9,7,1,0,1
23,38,030,13,7,6,0,0,0,13,7,6
23,38,040,40,17,23,5,4,1,35,13,22
23,38,044,312,159,153,308,157,151,4,2,2
23,38,045,3,2,1,0,0,0,3,2,1
23,38,054,1,1,0,1,1,0,0,0,0
23,38,072,11,4,7,3,0,3,8,4,4
23,38,090,15,5,10,11,3,8,4,2,2
23,38,116,4,3,1,0,0,0,4,3,1
23,38,123,64,30,34,9,4,5,55,26,29
23,39,001,167,104,63,15,13,2,152,91,61
23,39,002,14943,7626,7317,401,215,186,14542,7411,7131
23,39,004,1308,1124,184,0,0,0,1308,1124,184
23,39,005,5818,3012,2806,75,34,41,5743,2978,2765
23,39,006,1944442,1018656,925786,913746,474175,439571,1030696,544481,486215
23,39,007,466,283,183,37,24,13,429,259,170
23,39,008,69,37,32,0,0,0,69,37,32
23,39,009,157,72,85,0,0,0,157,72,85
23,39,010,131,70,61,0,0,0,131,70,61
23,39,011,6338,3363,2975,188,110,78,6150,3253,2897
23,39,012,45,35,10,0,0,0,45,35,10
23,39,013,21158,10908,10250,436,219,217,20722,10689,10033
23,39,014,1351,772,579,52,31,21,1299,741,558
23,39,015,2049,1144,905,54,44,10,1995,1100,895
23,39,016,19685,10448,9237,324,187,137,19361,10261,9100
23,39,017,15,8,7,1,0,1,14,8,6
23,39,018,5,3,2,0,0,0,5,3,2
23,39,019,14819,7696,7123,44,24,20,14775,7672,7103
23,39,020,5844,3062,2782,186,103,83,5658,2959,2699
23,39,021,7570,3949,3621,105,56,49,7465,3893,3572
23,39,022,101776,53181,48595,7703,4139,3564,94073,49042,45031
23,39,023,3,3,0,0,0,0,3,3,0
23,39,024,12,12,0,0,0,0,12,12,0
23,39,028,44,22,22,1,0,1,43,22,21
23,39,030,139,88,51,4,4,0,135,84,51
23,39,031,6,3,3,0,0,0,6,3,3
23,39,039,1,1,0,0,0,0,1,1,0
23,39,040,811,375,436,22,14,8,789,361,428
23,39,043,5,4,1,0,0,0,5,4,1
23,39,044,703,350,353,446,217,229,257,133,124
23,39,045,29,15,14,2,1,1,27,14,13
23,39,054,5,5,0,0,0,0,5,5,0
23,39,055,3,3,0,0,0,0,3,3,0
23,39,059,5,2,3,0,0,0,5,2,3
23,39,069,1,1,0,0,0,0,1,1,0
23,39,072,179,103,76,3,2,1,176,101,75
23,39,073,349,349,0,0,0,0,349,349,0
23,39,075,1,0,1,0,0,0,1,0,1
23,39,078,6,2,4,0,0,0,6,2,4
23,39,082,8,4,4,0,0,0,8,4,4
23,39,087,7,2,5,0,0,0,7,2,5
23,39,090,6,2,4,3,0,3,3,2,1
23,39,091,5,2,3,0,0,0,5,2,3
23,39,093,1,1,0,0,0,0,1,1,0
23,39,096,1,1,0,0,0,0,1,1,0
23,39,112,2,2,0,0,0,0,2,2,0
23,39,114,5,2,3,0,0,0,5,2,3
23,39,115,2,0,2,0,0,0,2,0,2
23,39,123,708,397,311,15,9,6,693,388,305
23,40,001,1,1,0,1,1,0,0,0,0
23,40,002,189,97,92,101,55,46,88,42,46
23,40,005,92,49,43,2,2,0,90,47,43
23,40,006,953133,499314,453819,803733,420834,382899,149400,78480,70920
23,40,007,28,20,8,28,20,8,0,0,0
23,40,009,2,1,1,0,0,0,2,1,1
23,40,010,4,2,2,0,0,0,4,2,2
23,40,011,80,34,46,29,12,17,51,22,29
23,40,013,872,439,433,307,151,156,565,288,277
23,40,014,28,19,9,3,2,1,25,17,8
23,40,015,7,5,2,0,0,0,7,5,2
23,40,016,466,246,220,7,4,3,459,242,217
23,40,019,1695,866,829,37,15,22,1658,851,807
23,40,020,38,22,16,14,8,6,24,14,10
23,40,021,58,28,30,5,3,2,53,25,28
23,40,022,876,459,417,194,98,96,682,361,321
23,40,030,4,4,0,4,4,0,0,0,0
23,40,040,2,2,0,1,1,0,1,1,0
23,40,044,59,30,29,59,30,29,0,0,0
23,40,090,6,2,4,5,2,3,1,0,1
23,40,123,6,5,1,6,5,1,0,0,0
23,41,002,76,48,28,46,30,16,30,18,12
23,41,005,626,326,300,594,306,288,32,20,12
23,41,006,499285,251222,248063,473147,237803,235344,26138,13419,12719
23,41,007,2,1,1,0,0,0,2,1,1
23,41,008,2,2,0,2,2,0,0,0,0
23,41,010,2,1,1,0,0,0,2,1,1
23,41,011,28,11,17,13,3,10,15,8,7
23,41,013,108,61,47,46,30,16,62,31,31
23,41,014,12,7,5,2,1,1,10,6,4
23,41,015,7,3,4,4,1,3,3,2,1
23,41,016,74,40,34,4,3,1,70,37,33
23,41,018,2,0,2,2,0,2,0,0,0
23,41,019,201,106,95,43,21,22,158,85,73
23,41,020,7,4,3,5,3,2,2,1,1
23,41,021,16,7,9,11,6,5,5,1,4
23,41,022,502,268,234,278,145,133,224,123,101
23,41,030,3,3,0,3,3,0,0,0,0
23,41,044,79027,39233,39794,78910,39172,39738,117,61,56
23,41,045,1,0,1,1,0,1,0,0,0
23,41,053,5,3,2,5,3,2,0,0,0
23,41,054,1,0,1,1,0,1,0,0,0
23,41,072,40,20,20,40,20,20,0,0,0
23,41,090,11,5,6,11,5,6,0,0,0
23,41,091,1,1,0,1,1,0,0,0,0
23,41,123,691,344,347,691,344,347,0,0,0
23,42,002,377,199,178,128,70,58,249,129,120
23,42,005,2103,1036,1067,2026,991,1035,77,45,32
23,42,006,842433,422570,419863,754461,377326,377135,87972,45244,42728
23,42,007,21,10,11,2,1,1,19,9,10
23,42,009,3,2,1,3,2,1,0,0,0
23,42,010,17,10,7,2,2,0,15,8,7
23,42,011,195,59,136,91,22,69,104,37,67
23,42,013,500,269,231,62,41,21,438,228,210
23,42,014,23,10,13,16,7,9,7,3,4
23,42,015,43,19,24,2,0,2,41,19,22
23,42,016,152,71,81,27,13,14,125,58,67
23,42,018,1,1,0,0,0,0,1,1,0
23,42,019,1024,528,496,46,26,20,978,502,476
23,42,020,49,25,24,15,6,9,34,19,15
23,42,021,412,197,215,8,4,4,404,193,211
23,42,022,1297,645,652,509,241,268,788,404,384
23,42,028,13,5,8,0,0,0,13,5,8
23,42,030,3,2,1,1,1,0,2,1,1
23,42,032,14,7,7,14,7,7,0,0,0
23,42,040,23,12,11,12,7,5,11,5,6
23,42,044,45446,22233,23213,44810,21918,22892,636,315,321
23,42,045,2,2,0,2,2,0,0,0,0
23,42,072,7,3,4,7,3,4,0,0,0
23,42,123,78,41,37,78,41,37,0,0,0
23,43,001,1,1,0,1,1,0,0,0,0
23,43,002,1849,954,895,526,288,238,1323,666,657
23,43,005,2436,1220,1216,1241,624,617,1195,596,599
23,43,006,1470964,754366,716598,1106927,564964,541963,364037,189402,174635
23,43,007,96,57,39,51,32,19,45,25,20
23,43,009,8,5,3,3,2,1,5,3,2
23,43,010,17,8,9,13,6,7,4,2,2
23,43,011,378,216,162,139,79,60,239,137,102
23,43,012,4,4,0,4,4,0,0,0,0
23,43,013,220566,113775,106791,150512,77619,72893,70054,36156,33898
23,43,014,201,96,105,20,12,8,181,84,97
23,43,015,307,202,105,200,141,59,107,61,46
23,43,016,2270,1207,1063,137,77,60,2133,1130,1003
23,43,017,2,0,2,2,0,2,0,0,0
23,43,018,5,2,3,0,0,0,5,2,3
23,43,019,2063,1070,993,15,5,10,2048,1065,983
23,43,020,250,145,105,47,20,27,203,125,78
23,43,021,722,368,354,126,68,58,596,300,296
23,43,022,7578,3907,3671,1242,617,625,6336,3290,3046
23,43,024,1,1,0,1,1,0,0,0,0
23,43,028,13,5,8,1,0,1,12,5,7
23,43,030,55,33,22,24,16,8,31,17,14
23,43,032,8,3,5,8,3,5,0,0,0
23,43,037,182,91,91,182,91,91,0,0,0
23,43,040,8,3,5,2,1,1,6,2,4
23,43,044,106920,53335,53585,104117,51912,52205,2803,1423,1380
23,43,045,661,342,319,20,9,11,641,333,308
23,43,067,31075,15605,15470,30940,15540,15400,135,65,70
23,43,072,12,6,6,1,1,0,11,5,6
23,43,091,2,1,1,2,1,1,0,0,0
23,43,123,629,309,320,576,287,289,53,22,31
23,44,001,1,0,1,0,0,0,1,0,1
23,44,002,520,276,244,370,202,168,150,74,76
23,44,005,363,188,175,193,101,92,170,87,83
23,44,006,1005643,509541,496102,900027,454778,445249,105616,54763,50853
23,44,007,548,264,284,547,263,284,1,1,0
23,44,009,9,6,3,7,4,3,2,2,0
23,44,010,12,7,5,1,0,1,11,7,4
23,44,011,136,68,68,38,16,22,98,52,46
23,44,013,31927,15663,16264,29942,14673,15269,1985,990,995
23,44,014,28,19,9,13,9,4,15,10,5
23,44,015,14,6,8,9,4,5,5,2,3
23,44,016,199,111,88,58,42,16,141,69,72
23,44,017,1,0,1,1,0,1,0,0,0
23,44,019,1899,957,942,21,9,12,1878,948,930
23,44,020,73,47,26,26,19,7,47,28,19
23,44,021,116,62,54,21,14,7,95,48,47
23,44,022,16131,8281,7850,6943,3603,3340,9188,4678,4510
23,44,028,68,31,37,49,22,27,19,9,10
23,44,030,15,8,7,14,7,7,1,1,0
23,44,032,1,0,1,1,0,1,0,0,0
23,44,037,27,12,15,27,12,15,0,0,0
23,44,044,107246,52410,54836,106087,51816,54271,1159,594,565
23,44,045,21,10,11,11,4,7,10,6,4
23,44,053,1,0,1,1,0,1,0,0,0
23,44,067,4,3,1,4,3,1,0,0,0
23,44,068,23,11,12,23,11,12,0,0,0
23,44,072,8,3,5,8,3,5,0,0,0
23,44,075,2,1,1,2,1,1,0,0,0
23,44,123,1572,765,807,1477,712,765,95,53,42
23,45,001,1,1,0,1,1,0,0,0,0
23,45,002,861,442,419,167,84,83,694,358,336
23,45,003,21,13,8,21,13,8,0,0,0
23,45,004,12,7,5,0,0,0,12,7,5
23,45,005,1362,686,676,604,297,307,758,389,369
23,45,006,1049429,522200,527229,882176,436998,445178,167253,85202,82051
23,45,007,1340,665,675,1273,629,644,67,36,31
23,45,008,3,2,1,0,0,0,3,2,1
23,45,009,16,8,8,7,4,3,9,4,5
23,45,010,32,17,15,3,2,1,29,15,14
23,45,011,276,145,131,20,13,7,256,132,124
23,45,012,3,2,1,0,0,0,3,2,1
23,45,013,278563,135458,143105,266643,129645,136998,11920,5813,6107
23,45,014,36,19,17,13,6,7,23,13,10
23,45,015,951,487,464,209,119,90,742,368,374
23,45,016,2317,1166,1151,1620,805,815,697,361,336
23,45,017,6,2,4,5,2,3,1,0,1
23,45,019,4044,2086,1958,477,248,229,3567,1838,1729
23,45,020,169,95,74,41,25,16,128,70,58
23,45,021,724,358,366,270,130,140,454,228,226
23,45,022,4705,2417,2288,2156,1091,1065,2549,1326,1223
23,45,023,304,160,144,304,160,144,0,0,0
23,45,028,41,22,19,29,17,12,12,5,7
23,45,030,1873,940,933,1844,927,917,29,13,16
23,45,037,55,28,27,55,28,27,0,0,0
23,45,040,28,10,18,8,2,6,20,8,12
23,45,043,2,2,0,2,2,0,0,0,0
23,45,044,144108,70011,74097,139832,67974,71858,4276,2037,2239
23,45,045,681,328,353,620,300,320,61,28,33
23,45,046,9,5,4,8,5,3,1,0,1
23,45,053,976,475,501,925,446,479,51,29,22
23,45,054,155,81,74,155,81,74,0,0,0
23,45,072,271,131,140,235,112,123,36,19,17
23,45,075,227,111,116,227,111,116,0,0,0
23,45,090,9,4,5,0,0,0,9,4,5
23,45,091,8,5,3,0,0,0,8,5,3
23,45,123,4350,2160,2190,4046,2008,2038,304,152,152
24,01,001,290,268,22,225,209,16,65,59,6
24,01,002,1806,1309,497,670,520,150,1136,789,347
24,01,003,20,13,7,16,9,7,4,4,0
24,01,004,87,79,8,38,35,3,49,44,5
24,01,005,932889,477131,455758,657693,335535,322158,275196,141596,133600
24,01,006,49125,29287,19838,9830,6418,3412,39295,22869,16426
24,01,007,366,250,116,94,67,27,272,183,89
24,01,008,21,15,6,3,3,0,18,12,6
24,01,009,163,77,86,9,5,4,154,72,82
24,01,010,98,58,40,41,25,16,57,33,24
24,01,011,2740,1524,1216,306,183,123,2434,1341,1093
24,01,012,27,20,7,20,15,5,7,5,2
24,01,013,3149,2029,1120,667,351,316,2482,1678,804
24,01,014,471,285,186,94,73,21,377,212,165
24,01,015,2478,1695,783,607,466,141,1871,1229,642
24,01,016,3733,2094,1639,1608,929,679,2125,1165,960
24,01,017,16,10,6,1,1,0,15,9,6
24,01,018,7,6,1,2,2,0,5,4,1
24,01,019,573522,292090,281432,432252,220268,211984,141270,71822,69448
24,01,020,1454,862,592,314,223,91,1140,639,501
24,01,021,5390,3054,2336,378,236,142,5012,2818,2194
24,01,022,598,335,263,111,61,50,487,274,213
24,01,023,2,2,0,0,0,0,2,2,0
24,01,028,17,9,8,3,1,2,14,8,6
24,01,030,1758,879,879,1264,621,643,494,258,236
24,01,037,2,2,0,2,2,0,0,0,0
24,01,040,371,184,187,179,91,88,192,93,99
24,01,043,4,4,0,3,3,0,1,1,0
24,01,044,30,18,12,0,0,0,30,18,12
24,01,048,3,3,0,0,0,0,3,3,0
24,01,053,101,53,48,67,37,30,34,16,18
24,01,054,19,13,6,19,13,6,0,0,0
24,01,055,1,1,0,0,0,0,1,1,0
24,01,075,4,2,2,0,0,0,4,2,2
24,01,079,5,2,3,1,1,0,4,1,3
24,01,096,4,0,4,0,0,0,4,0,4
24,01,108,42,21,21,42,21,21,0,0,0
24,01,112,1,1,0,0,0,0,1,1,0
24,01,115,1,1,0,0,0,0,1,1,0
24,01,116,35,20,15,0,0,0,35,20,15
24,01,123,2375,1446,929,1774,1046,728,601,400,201
24,02,001,35,29,6,33,27,6,2,2,0
24,02,002,199,161,38,133,109,24,66,52,14
24,02,004,5,5,0,5,5,0,0,0,0
24,02,005,2417397,1251909,1165488,2162085,1117871,1044214,255312,134038,121274
24,02,006,46674,24923,21751,32609,17321,15288,14065,7602,6463
24,02,007,38,17,21,26,12,14,12,5,7
24,02,008,2,2,0,1,1,0,1,1,0
24,02,009,18,9,9,17,8,9,1,1,0
24,02,010,8,4,4,1,1,0,7,3,4
24,02,011,269,144,125,102,68,34,167,76,91
24,02,012,5,4,1,5,4,1,0,0,0
24,02,013,807,439,368,579,312,267,228,127,101
24,02,014,53,42,11,46,35,11,7,7,0
24,02,015,95,71,24,85,62,23,10,9,1
24,02,016,645,354,291,515,280,235,130,74,56
24,02,017,10,6,4,1,1,0,9,5,4
24,02,018,1,1,0,1,1,0,0,0,0
24,02,019,3963,2076,1887,772,406,366,3191,1670,1521
24,02,020,67,52,15,49,40,9,18,12,6
24,02,021,141,87,54,123,74,49,18,13,5
24,02,022,2298,1154,1144,408,231,177,1890,923,967
24,02,023,2,1,1,2,1,1,0,0,0
24,02,025,1,1,0,0,0,0,1,1,0
24,02,028,3,2,1,0,0,0,3,2,1
24,02,030,27724,13970,13754,27503,13842,13661,221,128,93
24,02,040,45,24,21,21,9,12,24,15,9
24,02,053,26,12,14,23,11,12,3,1,2
24,02,123,3713,1905,1808,3598,1841,1757,115,64,51
24,03,002,82,63,19,17,17,0,65,46,19
24,03,004,2,2,0,2,2,0,0,0,0
24,03,005,1160347,600005,560342,936786,483076,453710,223561,116929,106632
24,03,006,11533,6435,5098,4415,2511,1904,7118,3924,3194
24,03,007,14,4,10,5,1,4,9,3,6
24,03,009,2,1,1,0,0,0,2,1,1
24,03,011,34,21,13,7,4,3,27,17,10
24,03,013,314,166,148,64,33,31,250,133,117
24,03,014,21,9,12,10,5,5,11,4,7
24,03,015,67,55,12,42,42,0,25,13,12
24,03,016,70,32,38,13,5,8,57,27,30
24,03,017,4,4,0,0,0,0,4,4,0
24,03,019,4202,2088,2114,1786,885,901,2416,1203,1213
24,03,020,91,62,29,53,36,17,38,26,12
24,03,021,754,470,284,636,408,228,118,62,56
24,03,022,4703,2424,2279,145,75,70,4558,2349,2209
24,03,030,83,44,39,15,6,9,68,38,30
24,03,040,7,6,1,4,3,1,3,3,0
24,03,093,1,1,0,0,0,0,1,1,0
24,03,123,378,208,170,281,157,124,97,51,46
24,04,001,49,26,23,0,0,0,49,26,23
24,04,002,398,248,150,83,71,12,315,177,138
24,04,004,16,8,8,0,0,0,16,8,8
24,04,005,1790907,927103,863804,1411049,728215,682834,379858,198888,180970
24,04,006,37803,21805,15998,11998,7318,4680,25805,14487,11318
24,04,007,47,33,14,12,11,1,35,22,13
24,04,008,4,2,2,4,2,2,0,0,0
24,04,009,19,10,9,16,8,8,3,2,1
24,04,010,16,8,8,0,0,0,16,8,8
24,04,011,639,356,283,96,56,40,543,300,243
24,04,013,952,496,456,178,102,76,774,394,380
24,04,014,101,63,38,44,21,23,57,42,15
24,04,015,214,159,55,96,84,12,118,75,43
24,04,016,658,353,305,60,43,17,598,310,288
24,04,017,7,4,3,0,0,0,7,4,3
24,04,019,2491,1283,1208,149,79,70,2342,1204,1138
24,04,020,222,126,96,57,31,26,165,95,70
24,04,021,529,299,230,411,241,170,118,58,60
24,04,022,2259,1146,1113,1754,879,875,505,267,238
24,04,023,1,1,0,0,0,0,1,1,0
24,04,028,4,2,2,0,0,0,4,2,2
24,04,030,199,110,89,133,68,65,66,42,24
24,04,040,22,9,13,8,4,4,14,5,9
24,04,053,4,3,1,1,1,0,3,2,1
24,04,123,331,189,142,26,12,14,305,177,128
24,05,002,163,94,69,110,60,50,53,34,19
24,05,005,1999064,1026783,972281,1797206,921562,875644,201858,105221,96637
24,05,006,22852,12101,10751,10853,5810,5043,11999,6291,5708
24,05,007,50,19,31,26,7,19,24,12,12
24,05,009,35,18,17,4,3,1,31,15,16
24,05,010,2,1,1,0,0,0,2,1,1
24,05,011,272,145,127,71,45,26,201,100,101
24,05,013,1346,687,659,1131,569,562,215,118,97
24,05,014,114,69,45,38,28,10,76,41,35
24,05,015,383,352,31,362,341,21,21,11,10
24,05,016,246,121,125,122,61,61,124,60,64
24,05,017,7,3,4,0,0,0,7,3,4
24,05,019,1580,827,753,483,246,237,1097,581,516
24,05,020,146,88,58,75,42,33,71,46,25
24,05,021,97,52,45,82,44,38,15,8,7
24,05,022,9544,4812,4732,320,152,168,9224,4660,4564
24,05,030,44121,22173,21948,44102,22160,21942,19,13,6
24,05,040,125,65,60,102,51,51,23,14,9
24,05,053,3,2,1,2,2,0,1,0,1
24,05,075,15,10,5,0,0,0,15,10,5
24,05,098,14,6,8,14,6,8,0,0,0
24,05,123,2352,1126,1226,2299,1098,1201,53,28,25
24,06,001,173,108,65,56,44,12,117,64,53
24,06,002,1761,1049,712,506,362,144,1255,687,568
24,06,003,4,3,1,2,2,0,2,1,1
24,06,004,99,65,34,48,39,9,51,26,25
24,06,005,1233357,640988,592369,842968,435253,407715,390389,205735,184654
24,06,006,70171,39728,30443,17802,10773,7029,52369,28955,23414
24,06,007,628,389,239,236,180,56,392,209,183
24,06,008,65,34,31,17,10,7,48,24,24
24,06,009,109,59,50,2,2,0,107,57,50
24,06,010,149,85,64,6,3,3,143,82,61
24,06,011,3433,1859,1574,512,362,150,2921,1497,1424
24,06,012,20,16,4,13,10,3,7,6,1
24,06,013,6487,3481,3006,817,471,346,5670,3010,2660
24,06,014,1609,1267,342,1192,1020,172,417,247,170
24,06,015,1149,739,410,501,372,129,648,367,281
24,06,016,3083,1667,1416,284,190,94,2799,1477,1322
24,06,017,2,2,0,1,1,0,1,1,0
24,06,019,3569,1814,1755,238,123,115,3331,1691,1640
24,06,020,1306,807,499,458,355,103,848,452,396
24,06,021,1246,714,532,434,309,125,812,405,407
24,06,022,4719,2428,2291,567,298,269,4152,2130,2022
24,06,024,4,1,3,0,0,0,4,1,3
24,06,028,14,7,7,0,0,0,14,7,7
24,06,030,529,281,248,302,157,145,227,124,103
24,06,031,3,1,2,3,1,2,0,0,0
24,06,034,1,1,0,1,1,0,0,0,0
24,06,039,1,1,0,1,1,0,0,0,0
24,06,040,127,65,62,25,19,6,102,46,56
24,06,043,2,2,0,2,2,0,0,0,0
24,06,045,9,5,4,4,2,2,5,3,2
24,06,053,10,8,2,4,3,1,6,5,1
24,06,071,4,2,2,0,0,0,4,2,2
24,06,072,4,1,3,0,0,0,4,1,3
24,06,091,1,1,0,1,1,0,0,0,0
24,06,093,12,8,4,0,0,0,12,8,4
24,06,102,2,1,1,0,0,0,2,1,1
24,06,115,5,3,2,0,0,0,5,3,2
24,06,116,1,0,1,0,0,0,1,0,1
24,06,123,587,309,278,192,104,88,395,205,190
24,07,001,234,144,90,17,14,3,217,130,87
24,07,002,7713,4241,3472,108,67,41,7605,4174,3431
24,07,003,5,4,1,0,0,0,5,4,1
24,07,004,106,58,48,0,0,0,106,58,48
24,07,005,4481914,2351170,2130744,1135661,590635,545026,3346253,1760535,1585718
24,07,006,721784,403964,317820,11579,7332,4247,710205,396632,313573
24,07,007,4302,2186,2116,6,3,3,4296,2183,2113
24,07,008,233,121,112,0,0,0,233,121,112
24,07,009,1750,882,868,6,5,1,1744,877,867
24,07,010,547,318,229,23,18,5,524,300,224
24,07,011,17505,9225,8280,100,51,49,17405,9174,8231
24,07,012,15,8,7,0,0,0,15,8,7
24,07,013,101995,53365,48630,889,498,391,101106,52867,48239
24,07,014,3333,2033,1300,157,104,53,3176,1929,1247
24,07,015,3490,2085,1405,292,213,79,3198,1872,1326
24,07,016,16499,8643,7856,123,67,56,16376,8576,7800
24,07,017,40,25,15,0,0,0,40,25,15
24,07,019,120153,61821,58332,3309,1704,1605,116844,60117,56727
24,07,020,15226,8148,7078,74,44,30,15152,8104,7048
24,07,021,11350,5917,5433,191,107,84,11159,5810,5349
24,07,022,298770,155112,143658,180,106,74,298590,155006,143584
24,07,024,40,23,17,0,0,0,40,23,17
24,07,027,2,0,2,0,0,0,2,0,2
24,07,028,96,47,49,0,0,0,96,47,49
24,07,030,2663,1476,1187,146,85,61,2517,1391,1126
24,07,032,3,2,1,0,0,0,3,2,1
24,07,039,2,1,1,0,0,0,2,1,1
24,07,040,1727,861,866,14,10,4,1713,851,862
24,07,043,1,1,0,0,0,0,1,1,0
24,07,045,846,450,396,0,0,0,846,450,396
24,07,053,102,58,44,3,3,0,99,55,44
24,07,062,3,1,2,0,0,0,3,1,2
24,07,072,7,3,4,0,0,0,7,3,4
24,07,074,2,1,1,0,0,0,2,1,1
24,07,075,11,8,3,0,0,0,11,8,3
24,07,079,8,6,2,0,0,0,8,6,2
24,07,091,4,2,2,0,0,0,4,2,2
24,07,098,3,2,1,0,0,0,3,2,1
24,07,108,2,2,0,0,0,0,2,2,0
24,07,114,5,3,2,0,0,0,5,3,2
24,07,115,4,3,1,0,0,0,4,3,1
24,07,116,106,55,51,0,0,0,106,55,51
24,07,123,3918,2081,1837,108,59,49,3810,2022,1788
24,08,001,99,71,28,0,0,0,99,71,28
24,08,002,262,166,96,42,30,12,220,136,84
24,08,003,4,2,2,0,0,0,4,2,2
24,08,004,93,76,17,0,0,0,93,76,17
24,08,005,1500182,778008,722174,1108551,574008,534543,391631,204000,187631
24,08,006,8117,5318,2799,2164,1468,696,5953,3850,2103
24,08,007,128,94,34,3,2,1,125,92,33
24,08,008,6,4,2,0,0,0,6,4,2
24,08,010,6,4,2,1,1,0,5,3,2
24,08,011,497,329,168,41,23,18,456,306,150
24,08,012,2,2,0,0,0,0,2,2,0
24,08,013,1121,662,459,493,279,214,628,383,245
24,08,014,173,104,69,32,20,12,141,84,57
24,08,015,315,268,47,141,124,17,174,144,30
24,08,016,912,693,219,46,28,18,866,665,201
24,08,018,2,2,0,0,0,0,2,2,0
24,08,019,1861,918,943,734,357,377,1127,561,566
24,08,020,374,282,92,46,36,10,328,246,82
24,08,021,468,291,177,176,94,82,292,197,95
24,08,022,228,189,39,185,158,27,43,31,12
24,08,025,6,1,5,6,1,5,0,0,0
24,08,030,6,5,1,3,3,0,3,2,1
24,08,040,9,6,3,0,0,0,9,6,3
24,08,053,1,1,0,0,0,0,1,1,0
24,08,093,5,5,0,0,0,0,5,5,0
24,08,115,1,1,0,0,0,0,1,1,0
24,08,116,4,2,2,0,0,0,4,2,2
24,08,123,266,146,120,36,23,13,230,123,107
24,09,001,26,18,8,7,6,1,19,12,7
24,09,002,725,465,260,136,107,29,589,358,231
24,09,004,5,4,1,2,2,0,3,2,1
24,09,005,3090536,1596712,1493824,1529677,783245,746432,1560859,813467,747392
24,09,006,35931,22626,13305,10293,7064,3229,25638,15562,10076
24,09,007,195,100,95,27,16,11,168,84,84
24,09,008,7,4,3,0,0,0,7,4,3
24,09,009,211,93,118,4,1,3,207,92,115
24,09,010,134,104,30,77,60,17,57,44,13
24,09,011,1573,825,748,109,68,41,1464,757,707
24,09,012,9,9,0,0,0,0,9,9,0
24,09,013,3818,2052,1766,733,410,323,3085,1642,1443
24,09,014,928,603,325,292,204,88,636,399,237
24,09,015,1392,1083,309,801,699,102,591,384,207
24,09,016,669,342,327,74,37,37,595,305,290
24,09,019,22908,11420,11488,1123,556,567,21785,10864,10921
24,09,020,1728,923,805,130,82,48,1598,841,757
24,09,021,502,304,198,113,68,45,389,236,153
24,09,022,7351,3725,3626,211,118,93,7140,3607,3533
24,09,028,52,27,25,8,6,2,44,21,23
24,09,030,130,66,64,36,19,17,94,47,47
24,09,040,340,144,196,14,9,5,326,135,191
24,09,053,18,10,8,12,6,6,6,4,2
24,09,068,6,4,2,0,0,0,6,4,2
24,09,093,1,1,0,0,0,0,1,1,0
24,09,116,5,3,2,0,0,0,5,3,2
24,09,123,681,351,330,140,65,75,541,286,255
24,10,001,126,83,43,27,17,10,99,66,33
24,10,002,2188,1339,849,474,316,158,1714,1023,691
24,10,004,124,78,46,4,3,1,120,75,45
24,10,005,1739844,892355,847489,1022242,521394,500848,717602,370961,346641
24,10,006,35522,21202,14320,5339,3191,2148,30183,18011,12172
24,10,007,520,325,195,87,46,41,433,279,154
24,10,008,24,10,14,1,1,0,23,9,14
24,10,009,245,126,119,22,11,11,223,115,108
24,10,010,106,57,49,10,7,3,96,50,46
24,10,011,3116,1806,1310,667,325,342,2449,1481,968
24,10,012,16,11,5,1,1,0,15,10,5
24,10,013,4978,2966,2012,554,320,234,4424,2646,1778
24,10,014,1656,1280,376,42,27,15,1614,1253,361
24,10,015,892,570,322,140,97,43,752,473,279
24,10,016,2312,1328,984,643,350,293,1669,978,691
24,10,018,3,2,1,2,1,1,1,1,0
24,10,019,96279,48659,47620,30763,15608,15155,65516,33051,32465
24,10,020,2122,1227,895,601,321,280,1521,906,615
24,10,021,1289,790,499,382,201,181,907,589,318
24,10,022,4162,2482,1680,235,111,124,3927,2371,1556
24,10,024,12,12,0,0,0,0,12,12,0
24,10,028,75,36,39,0,0,0,75,36,39
24,10,030,6633,3405,3228,5235,2719,2516,1398,686,712
24,10,037,1,1,0,0,0,0,1,1,0
24,10,040,301,215,86,7,7,0,294,208,86
24,10,044,21,12,9,21,12,9,0,0,0
24,10,053,23,14,9,6,3,3,17,11,6
24,10,054,2,1,1,0,0,0,2,1,1
24,10,068,33,19,14,27,16,11,6,3,3
24,10,072,11,5,6,6,2,4,5,3,2
24,10,079,1,0,1,1,0,1,0,0,0
24,10,090,8,3,5,0,0,0,8,3,5
24,10,091,8,4,4,0,0,0,8,4,4
24,10,116,9,4,5,7,3,4,2,1,1
24,10,123,1616,893,723,476,235,241,1140,658,482
24,11,001,8,4,4,0,0,0,8,4,4
24,11,002,113,72,41,12,8,4,101,64,37
24,11,004,3,1,2,0,0,0,3,1,2
24,11,005,522557,268095,254462,271895,139174,132721,250662,128921,121741
24,11,006,5622,3242,2380,1205,665,540,4417,2577,1840
24,11,007,40,21,19,7,4,3,33,17,16
24,11,009,31,16,15,1,0,1,30,16,14
24,11,010,8,3,5,2,0,2,6,3,3
24,11,011,487,221,266,30,17,13,457,204,253
24,11,013,366,197,169,48,26,22,318,171,147
24,11,014,62,39,23,15,9,6,47,30,17
24,11,015,39,24,15,7,5,2,32,19,13
24,11,016,140,87,53,11,8,3,129,79,50
24,11,017,1,1,0,1,1,0,0,0,0
24,11,019,5532,2843,2689,1955,1017,938,3577,1826,1751
24,11,020,189,113,76,12,4,8,177,109,68
24,11,021,188,96,92,82,40,42,106,56,50
24,11,022,1270,645,625,125,62,63,1145,583,562
24,11,028,25,15,10,0,0,0,25,15,10
24,11,030,49,27,22,48,26,22,1,1,0
24,11,040,11,6,5,0,0,0,11,6,5
24,11,053,1,1,0,0,0,0,1,1,0
24,11,093,4,3,1,0,0,0,4,3,1
24,11,123,89,49,40,4,2,2,85,47,38
24,12,002,404,235,169,100,63,37,304,172,132
24,12,004,5,5,0,5,5,0,0,0,0
24,12,005,2375842,1214668,1161174,1721035,877130,843905,654807,337538,317269
24,12,006,33233,17766,15467,8182,4395,3787,25051,13371,11680
24,12,007,82,45,37,36,23,13,46,22,24
24,12,008,6,4,2,2,1,1,4,3,1
24,12,009,76,45,31,12,7,5,64,38,26
24,12,010,25,17,8,7,3,4,18,14,4
24,12,011,1774,752,1022,177,93,84,1597,659,938
24,12,013,1994,1064,930,1023,559,464,971,505,466
24,12,014,54,39,15,30,23,7,24,16,8
24,12,015,53,35,18,22,15,7,31,20,11
24,12,016,284,151,133,45,22,23,239,129,110
24,12,019,22817,11635,11182,3880,1975,1905,18937,9660,9277
24,12,020,492,213,279,80,52,28,412,161,251
24,12,021,417,214,203,208,116,92,209,98,111
24,12,022,9254,4768,4486,1124,585,539,8130,4183,3947
24,12,028,61,33,28,0,0,0,61,33,28
24,12,030,90,39,51,51,23,28,39,16,23
24,12,040,208,100,108,113,60,53,95,40,55
24,12,053,6,2,4,3,0,3,3,2,1
24,12,075,7,5,2,0,0,0,7,5,2
24,12,123,989,515,474,510,264,246,479,251,228
24,13,001,1,0,1,1,0,1,0,0,0
24,13,002,201,124,77,122,78,44,79,46,33
24,13,004,3,2,1,0,0,0,3,2,1
24,13,005,1382888,695437,687451,1076677,537771,538906,306211,157666,148545
24,13,006,6787,3876,2911,3180,1917,1263,3607,1959,1648
24,13,007,70,39,31,42,22,20,28,17,11
24,13,008,1,1,0,0,0,0,1,1,0
24,13,009,16,11,5,9,6,3,7,5,2
24,13,010,15,11,4,15,11,4,0,0,0
24,13,011,167,94,73,94,57,37,73,37,36
24,13,013,627,318,309,257,140,117,370,178,192
24,13,014,55,36,19,39,22,17,16,14,2
24,13,015,67,42,25,31,22,9,36,20,16
24,13,016,88,55,33,28,22,6,60,33,27
24,13,019,1150,584,566,56,31,25,1094,553,541
24,13,020,104,58,46,58,33,25,46,25,21
24,13,021,229,131,98,175,97,78,54,34,20
24,13,022,350,184,166,115,52,63,235,132,103
24,13,023,4,2,2,0,0,0,4,2,2
24,13,030,145,81,64,40,23,17,105,58,47
24,13,040,10,4,6,8,3,5,2,1,1
24,13,123,940,503,437,13,9,4,927,494,433
24,14,001,10,10,0,0,0,0,10,10,0
24,14,002,553,383,170,82,67,15,471,316,155
24,14,005,2417555,1240202,1177353,1529951,778979,750972,887604,461223,426381
24,14,006,25140,19250,5890,3764,2685,1079,21376,16565,4811
24,14,007,59,35,24,5,5,0,54,30,24
24,14,008,3,2,1,0,0,0,3,2,1
24,14,009,131,67,64,3,3,0,128,64,64
24,14,010,22,18,4,2,2,0,20,16,4
24,14,011,663,334,329,54,28,26,609,306,303
24,14,012,2,2,0,0,0,0,2,2,0
24,14,013,897,455,442,84,37,47,813,418,395
24,14,014,277,237,40,61,48,13,216,189,27
24,14,015,2650,2587,63,50,47,3,2600,2540,60
24,14,016,640,380,260,65,47,18,575,333,242
24,14,017,6,3,3,0,0,0,6,3,3
24,14,019,18708,9604,9104,180,90,90,18528,9514,9014
24,14,020,285,155,130,17,13,4,268,142,126
24,14,021,270,160,110,115,77,38,155,83,72
24,14,022,1504,884,620,123,74,49,1381,810,571
24,14,023,1,1,0,0,0,0,1,1,0
24,14,027,3,3,0,3,3,0,0,0,0
24,14,028,5,3,2,0,0,0,5,3,2
24,14,030,60,35,25,10,6,4,50,29,21
24,14,040,137,77,60,7,4,3,130,73,57
24,14,053,2,1,1,1,1,0,1,0,1
24,14,071,1,1,0,0,0,0,1,1,0
24,14,090,1,1,0,1,1,0,0,0,0
24,14,091,1,1,0,0,0,0,1,1,0
24,14,116,5,5,0,0,0,0,5,5,0
24,14,123,39,24,15,14,10,4,25,14,11
24,15,001,3,1,2,0,0,0,3,1,2
24,15,002,542,297,245,64,35,29,478,262,216
24,15,005,1792501,937950,854551,1331954,697374,634580,460547,240576,219971
24,15,006,33365,18211,15154,13472,7459,6013,19893,10752,9141
24,15,007,174,91,83,36,20,16,138,71,67
24,15,008,4,3,1,0,0,0,4,3,1
24,15,009,91,44,47,8,3,5,83,41,42
24,15,010,12,9,3,3,2,1,9,7,2
24,15,011,1482,749,733,269,147,122,1213,602,611
24,15,012,1,0,1,0,0,0,1,0,1
24,15,013,2434,1246,1188,469,247,222,1965,999,966
24,15,014,138,74,64,45,28,17,93,46,47
24,15,015,84,45,39,12,8,4,72,37,35
24,15,016,1470,767,703,174,93,81,1296,674,622
24,15,019,3509,1789,1720,496,251,245,3013,1538,1475
24,15,020,375,215,160,64,44,20,311,171,140
24,15,021,501,288,213,177,102,75,324,186,138
24,15,022,19372,9823,9549,1261,681,580,18111,9142,8969
24,15,028,4,3,1,0,0,0,4,3,1
24,15,030,644,300,344,350,165,185,294,135,159
24,15,040,77,38,39,21,11,10,56,27,29
24,15,045,4,1,3,0,0,0,4,1,3
24,15,053,4,3,1,0,0,0,4,3,1
24,15,075,4,1,3,0,0,0,4,1,3
24,15,116,5,4,1,0,0,0,5,4,1
24,15,123,72,48,24,26,15,11,46,33,13
24,16,001,1,0,1,1,0,1,0,0,0
24,16,002,228,170,58,140,118,22,88,52,36
24,16,005,1970072,1024066,946006,1594260,828750,765510,375812,195316,180496
24,16,006,32700,17381,15319,17040,9167,7873,15660,8214,7446
24,16,007,84,50,34,27,19,8,57,31,26
24,16,009,13,6,7,6,4,2,7,2,5
24,16,011,369,226,143,197,147,50,172,79,93
24,16,013,2432,1330,1102,326,210,116,2106,1120,986
24,16,014,95,68,27,64,51,13,31,17,14
24,16,015,80,68,12,68,61,7,12,7,5
24,16,016,1223,627,596,261,139,122,962,488,474
24,16,019,5299,2773,2526,495,254,241,4804,2519,2285
24,16,020,199,116,83,67,44,23,132,72,60
24,16,021,385,242,143,288,186,102,97,56,41
24,16,022,9943,5124,4819,4180,2159,2021,5763,2965,2798
24,16,028,50,24,26,0,0,0,50,24,26
24,16,030,341,178,163,293,151,142,48,27,21
24,16,040,50,32,18,30,22,8,20,10,10
24,16,053,10,8,2,0,0,0,10,8,2
24,16,075,511,260,251,0,0,0,511,260,251
24,16,123,131,74,57,23,14,9,108,60,48
24,17,001,5,3,2,0,0,0,5,3,2
24,17,002,230,167,63,54,49,5,176,118,58
24,17,005,1966814,1013606,953208,1754726,903387,851339,212088,110219,101869
24,17,006,22437,12373,10064,9087,5116,3971,13350,7257,6093
24,17,007,49,28,21,1,1,0,48,27,21
24,17,008,76,76,0,0,0,0,76,76,0
24,17,009,34,17,17,17,9,8,17,8,9
24,17,010,8,3,5,3,1,2,5,2,3
24,17,011,715,415,300,63,39,24,652,376,276
24,17,013,1386,745,641,175,95,80,1211,650,561
24,17,014,98,59,39,24,15,9,74,44,30
24,17,015,186,121,65,19,10,9,167,111,56
24,17,016,330,189,141,45,28,17,285,161,124
24,17,019,7254,3695,3559,1044,534,510,6210,3161,3049
24,17,020,147,94,53,43,27,16,104,67,37
24,17,021,165,90,75,102,56,46,63,34,29
24,17,022,19949,10537,9412,1332,937,395,18617,9600,9017
24,17,030,5197,2615,2582,5088,2556,2532,109,59,50
24,17,040,97,50,47,81,38,43,16,12,4
24,17,053,5,3,2,0,0,0,5,3,2
24,17,075,18,10,8,0,0,0,18,10,8
24,17,093,1,1,0,0,0,0,1,1,0
24,17,111,4,3,1,0,0,0,4,3,1
24,17,123,72,37,35,11,7,4,61,30,31
24,18,002,49,29,20,10,7,3,39,22,17
24,18,005,1094094,552983,541111,986917,498069,488848,107177,54914,52263
24,18,006,28970,14633,14337,6043,2759,3284,22927,11874,11053
24,18,007,10,6,4,0,0,0,10,6,4
24,18,009,117,67,50,3,1,2,114,66,48
24,18,011,196,96,100,11,7,4,185,89,96
24,18,012,1,1,0,0,0,0,1,1,0
24,18,013,1156,601,555,303,151,152,853,450,403
24,18,014,49,27,22,0,0,0,49,27,22
24,18,015,118,67,51,87,52,35,31,15,16
24,18,016,364,171,193,39,23,16,325,148,177
24,18,017,3,3,0,3,3,0,0,0,0
24,18,019,2863,1507,1356,121,60,61,2742,1447,1295
24,18,020,125,74,51,40,22,18,85,52,33
24,18,021,59,30,29,19,12,7,40,18,22
24,18,022,2174,1121,1053,196,106,90,1978,1015,963
24,18,024,1,1,0,0,0,0,1,1,0
24,18,028,25,11,14,4,3,1,21,8,13
24,18,030,504258,251855,252403,484622,241983,242639,19636,9872,9764
24,18,040,79,37,42,9,7,2,70,30,40
24,18,043,6,2,4,6,2,4,0,0,0
24,18,044,451,238,213,451,238,213,0,0,0
24,18,053,1,1,0,1,1,0,0,0,0
24,18,090,2,1,1,0,0,0,2,1,1
24,18,108,1,1,0,1,1,0,0,0,0
24,18,123,1261,645,616,1224,625,599,37,20,17
24,19,001,213,109,104,0,0,0,213,109,104
24,19,002,6928,3844,3084,205,167,38,6723,3677,3046
24,19,003,2,1,1,0,0,0,2,1,1
24,19,004,76,48,28,3,3,0,73,45,28
24,19,005,2854950,1486182,1368768,1662344,863566,798778,1192606,622616,569990
24,19,006,251593,137395,114198,31664,17505,14159,219929,119890,100039
24,19,007,2253,1192,1061,60,41,19,2193,1151,1042
24,19,008,286,128,158,0,0,0,286,128,158
24,19,009,1149,580,569,13,7,6,1136,573,563
24,19,010,269,157,112,29,17,12,240,140,100
24,19,011,13101,6912,6189,183,129,54,12918,6783,6135
24,19,012,103,38,65,1,1,0,102,37,65
24,19,013,131091,67081,64010,3443,1837,1606,127648,65244,62404
24,19,014,2199,1256,943,124,73,51,2075,1183,892
24,19,015,2084,1188,896,283,183,100,1801,1005,796
24,19,016,10492,5614,4878,305,189,116,10187,5425,4762
24,19,017,32,14,18,0,0,0,32,14,18
24,19,018,8,6,2,0,0,0,8,6,2
24,19,019,35657,18085,17572,865,456,409,34792,17629,17163
24,19,020,4735,2554,2181,118,76,42,4617,2478,2139
24,19,021,3982,2077,1905,210,125,85,3772,1952,1820
24,19,022,16955,8687,8268,846,435,411,16109,8252,7857
24,19,023,4,3,1,1,1,0,3,2,1
24,19,028,54,32,22,1,1,0,53,31,22
24,19,030,299908,152255,147653,294005,149073,144932,5903,3182,2721
24,19,037,1,1,0,0,0,0,1,1,0
24,19,040,763,386,377,14,8,6,749,378,371
24,19,043,1,0,1,0,0,0,1,0,1
24,19,044,356,199,157,160,90,70,196,109,87
24,19,053,138,67,71,4,2,2,134,65,69
24,19,056,44,23,21,0,0,0,44,23,21
24,19,059,1,1,0,1,1,0,0,0,0
24,19,061,1,0,1,0,0,0,1,0,1
24,19,065,6,2,4,0,0,0,6,2,4
24,19,071,3,2,1,0,0,0,3,2,1
24,19,072,7,4,3,0,0,0,7,4,3
24,19,073,1,1,0,0,0,0,1,1,0
24,19,082,3,1,2,0,0,0,3,1,2
24,19,090,19,12,7,0,0,0,19,12,7
24,19,091,7,2,5,0,0,0,7,2,5
24,19,093,1,1,0,0,0,0,1,1,0
24,19,098,6,3,3,0,0,0,6,3,3
24,19,114,10,0,10,0,0,0,10,0,10
24,19,115,1,0,1,0,0,0,1,0,1
24,19,116,131,72,59,3,2,1,128,70,58
24,19,123,2178,1153,1025,695,350,345,1483,803,680
24,20,002,106,79,27,100,75,25,6,4,2
24,20,003,1,0,1,0,0,0,1,0,1
24,20,005,227589,118482,109107,178986,93115,85871,48603,25367,23236
24,20,006,11150,6492,4658,8858,5280,3578,2292,1212,1080
24,20,007,28,13,15,4,1,3,24,12,12
24,20,009,23,13,10,9,5,4,14,8,6
24,20,010,87,49,38,87,49,38,0,0,0
24,20,011,141,88,53,52,33,19,89,55,34
24,20,013,5971,3052,2919,5565,2853,2712,406,199,207
24,20,014,17,15,2,13,11,2,4,4,0
24,20,015,246,189,57,242,187,55,4,2,2
24,20,016,147,101,46,113,80,33,34,21,13
24,20,017,2,2,0,2,2,0,0,0,0
24,20,019,144,78,66,90,52,38,54,26,28
24,20,020,70,38,32,40,22,18,30,16,14
24,20,021,82,48,34,52,32,20,30,16,14
24,20,022,272,137,135,156,81,75,116,56,60
24,20,023,2,1,1,2,1,1,0,0,0
24,20,025,1,1,0,1,1,0,0,0,0
24,20,028,10,6,4,10,6,4,0,0,0
24,20,030,266836,134350,132486,266444,134150,132294,392,200,192
24,20,044,1,1,0,1,1,0,0,0,0
24,20,053,628,322,306,628,322,306,0,0,0
24,20,090,12,8,4,12,8,4,0,0,0
24,20,093,1,1,0,1,1,0,0,0,0
24,20,123,837,420,417,830,416,414,7,4,3
24,21,001,95,59,36,22,18,4,73,41,32
24,21,002,2355,1482,873,726,489,237,1629,993,636
24,21,003,1,1,0,1,1,0,0,0,0
24,21,004,19,14,5,14,10,4,5,4,1
24,21,005,1182307,609346,572961,896661,461054,435607,285646,148292,137354
24,21,006,66273,40084,26189,30464,20036,10428,35809,20048,15761
24,21,007,555,318,237,177,100,77,378,218,160
24,21,008,82,36,46,43,11,32,39,25,14
24,21,009,75,41,34,25,14,11,50,27,23
24,21,010,273,195,78,163,127,36,110,68,42
24,21,011,3735,2153,1582,885,571,314,2850,1582,1268
24,21,012,29,27,2,13,11,2,16,16,0
24,21,013,21467,11430,10037,13431,7168,6263,8036,4262,3774
24,21,014,396,289,107,229,181,48,167,108,59
24,21,015,881,616,265,462,354,108,419,262,157
24,21,016,1509,827,682,544,326,218,965,501,464
24,21,018,12,9,3,7,7,0,5,2,3
24,21,019,1758,935,823,638,342,296,1120,593,527
24,21,020,1023,583,440,340,214,126,683,369,314
24,21,021,1261,654,607,562,311,251,699,343,356
24,21,022,17321,9148,8173,4692,2665,2027,12629,6483,6146
24,21,028,30,17,13,1,1,0,29,16,13
24,21,030,63462,32444,31018,62600,31983,30617,862,461,401
24,21,035,1,1,0,1,1,0,0,0,0
24,21,040,118,60,58,31,20,11,87,40,47
24,21,041,4,4,0,4,4,0,0,0,0
24,21,053,188,106,82,166,94,72,22,12,10
24,21,061,1,1,0,0,0,0,1,1,0
24,21,062,3,2,1,3,2,1,0,0,0
24,21,072,6,5,1,6,5,1,0,0,0
24,21,082,1,1,0,1,1,0,0,0,0
24,21,091,3,2,1,3,2,1,0,0,0
24,21,093,54,22,32,54,22,32,0,0,0
24,21,101,1,1,0,0,0,0,1,1,0
24,21,108,10,5,5,10,5,5,0,0,0
24,21,116,35,19,16,12,8,4,23,11,12
24,21,123,5312,2739,2573,5105,2630,2475,207,109,98
24,22,001,108,82,26,30,22,8,78,60,18
24,22,002,10136,7103,3033,1655,1133,522,8481,5970,2511
24,22,004,25,15,10,10,5,5,15,10,5
24,22,005,2842306,1494905,1347401,1053204,537833,515371,1789102,957072,832030
24,22,006,667440,430212,237228,94539,59557,34982,572901,370655,202246
24,22,007,2952,1704,1248,350,206,144,2602,1498,1104
24,22,008,117,46,71,4,2,2,113,44,69
24,22,009,23962,11805,12157,23200,11406,11794,762,399,363
24,22,010,1150,841,309,183,135,48,967,706,261
24,22,011,8897,5347,3550,1423,907,516,7474,4440,3034
24,22,012,10,7,3,2,2,0,8,5,3
24,22,013,389142,207696,181446,62946,32948,29998,326196,174748,151448
24,22,014,3267,2142,1125,476,346,130,2791,1796,995
24,22,015,101933,83334,18599,6408,5045,1363,95525,78289,17236
24,22,016,8267,4549,3718,859,560,299,7408,3989,3419
24,22,017,10,8,2,5,3,2,5,5,0
24,22,018,7,4,3,1,0,1,6,4,2
24,22,019,16429,8453,7976,984,519,465,15445,7934,7511
24,22,020,4333,2663,1670,859,519,340,3474,2144,1330
24,22,021,34568,18617,15951,1581,880,701,32987,17737,15250
24,22,022,106350,56336,50014,3749,2174,1575,102601,54162,48439
24,22,023,3,2,1,0,0,0,3,2,1
24,22,024,1,0,1,1,0,1,0,0,0
24,22,028,52,37,15,11,10,1,41,27,14
24,22,030,737791,367704,370087,725530,361509,364021,12261,6195,6066
24,22,035,6,5,1,5,4,1,1,1,0
24,22,039,1,1,0,0,0,0,1,1,0
24,22,040,848,444,404,124,66,58,724,378,346
24,22,041,4,2,2,0,0,0,4,2,2
24,22,043,1,0,1,0,0,0,1,0,1
24,22,044,14,5,9,14,5,9,0,0,0
24,22,045,242,129,113,0,0,0,242,129,113
24,22,046,1,1,0,1,1,0,0,0,0
24,22,048,2,1,1,2,1,1,0,0,0
24,22,053,20869,10926,9943,11092,5602,5490,9777,5324,4453
24,22,054,23,13,10,3,2,1,20,11,9
24,22,061,1,0,1,1,0,1,0,0,0
24,22,067,2,1,1,0,0,0,2,1,1
24,22,068,21,15,6,13,10,3,8,5,3
24,22,069,5,3,2,0,0,0,5,3,2
24,22,070,1,1,0,0,0,0,1,1,0
24,22,072,36,31,5,15,15,0,21,16,5
24,22,075,316,154,162,310,150,160,6,4,2
24,22,079,1,1,0,0,0,0,1,1,0
24,22,090,6,3,3,4,1,3,2,2,0
24,22,091,2,2,0,0,0,0,2,2,0
24,22,093,1,1,0,0,0,0,1,1,0
24,22,095,1,0,1,0,0,0,1,0,1
24,22,106,1,0,1,0,0,0,1,0,1
24,22,116,124,84,40,8,5,3,116,79,37
24,22,123,13389,7104,6285,9755,5001,4754,3634,2103,1531
24,23,002,5,3,2,5,3,2,0,0,0
24,23,005,8060,4262,3798,8060,4262,3798,0,0,0
24,23,006,3007,1697,1310,3007,1697,1310,0,0,0
24,23,007,7,3,4,7,3,4,0,0,0
24,23,009,24108,12145,11963,24108,12145,11963,0,0,0
24,23,010,5,3,2,5,3,2,0,0,0
24,23,011,62,32,30,62,32,30,0,0,0
24,23,013,3481,1739,1742,3481,1739,1742,0,0,0
24,23,014,13,4,9,13,4,9,0,0,0
24,23,015,36,24,12,36,24,12,0,0,0
24,23,016,64,34,30,64,34,30,0,0,0
24,23,019,118,63,55,118,63,55,0,0,0
24,23,020,78,41,37,78,41,37,0,0,0
24,23,021,165,89,76,165,89,76,0,0,0
24,23,022,157,81,76,157,81,76,0,0,0
24,23,030,19346,9622,9724,19346,9622,9724,0,0,0
24,23,040,13,2,11,13,2,11,0,0,0
24,23,053,127910,64075,63835,127910,64075,63835,0,0,0
24,23,123,94,55,39,94,55,39,0,0,0
24,24,001,1,0,1,1,0,1,0,0,0
24,24,002,919,676,243,48,35,13,871,641,230
24,24,004,10,5,5,0,0,0,10,5,5
24,24,005,934599,475721,458878,665833,337792,328041,268766,137929,130837
24,24,006,40588,24133,16455,11947,7121,4826,28641,17012,11629
24,24,007,487,267,220,129,74,55,358,193,165
24,24,008,50,26,24,50,26,24,0,0,0
24,24,009,51568,25793,25775,51445,25734,25711,123,59,64
24,24,010,38,29,9,3,2,1,35,27,8
24,24,011,878,485,393,163,104,59,715,381,334
24,24,012,1,1,0,1,1,0,0,0,0
24,24,013,37280,19740,17540,12268,6474,5794,25012,13266,11746
24,24,014,155,106,49,61,37,24,94,69,25
24,24,015,633,400,233,252,159,93,381,241,140
24,24,016,750,385,365,195,107,88,555,278,277
24,24,019,4129,2145,1984,548,306,242,3581,1839,1742
24,24,020,695,397,298,212,127,85,483,270,213
24,24,021,2685,1304,1381,348,168,180,2337,1136,1201
24,24,022,4307,2366,1941,951,651,300,3356,1715,1641
24,24,023,2,1,1,0,0,0,2,1,1
24,24,028,7,2,5,0,0,0,7,2,5
24,24,030,144070,72065,72005,143516,71773,71743,554,292,262
24,24,035,1,1,0,1,1,0,0,0,0
24,24,040,90,30,60,65,18,47,25,12,13
24,24,044,1523,780,743,1523,780,743,0,0,0
24,24,053,1507,809,698,1360,732,628,147,77,70
24,24,054,53,27,26,39,21,18,14,6,8
24,24,072,2,1,1,0,0,0,2,1,1
24,24,091,7,5,2,0,0,0,7,5,2
24,24,116,4,1,3,0,0,0,4,1,3
24,24,123,2424,1287,1137,2151,1109,1042,273,178,95
24,25,001,99,90,9,66,64,2,33,26,7
24,25,002,2714,1876,838,827,653,174,1887,1223,664
24,25,003,13,12,1,12,11,1,1,1,0
24,25,004,115,65,50,89,49,40,26,16,10
24,25,005,849815,431327,418488,599574,302817,296757,250241,128510,121731
24,25,006,120997,78524,42473,38475,26186,12289,82522,52338,30184
24,25,007,2546,1385,1161,483,261,222,2063,1124,939
24,25,008,5,2,3,2,0,2,3,2,1
24,25,009,86611,43400,43211,86147,43109,43038,464,291,173
24,25,010,572,395,177,259,187,72,313,208,105
24,25,011,5093,2925,2168,754,466,288,4339,2459,1880
24,25,012,2,2,0,0,0,0,2,2,0
24,25,013,39311,21389,17922,16305,8676,7629,23006,12713,10293
24,25,014,1789,1190,599,672,465,207,1117,725,392
24,25,015,2856,2261,595,1257,999,258,1599,1262,337
24,25,016,1215,649,566,291,165,126,924,484,440
24,25,018,9,6,3,3,3,0,6,3,3
24,25,019,2892,1453,1439,788,399,389,2104,1054,1050
24,25,020,1506,860,646,186,118,68,1320,742,578
24,25,021,2020,1079,941,432,233,199,1588,846,742
24,25,022,6820,4075,2745,1759,1093,666,5061,2982,2079
24,25,023,1,1,0,1,1,0,0,0,0
24,25,028,27,17,10,0,0,0,27,17,10
24,25,030,279620,139683,139937,278152,138939,139213,1468,744,724
24,25,031,1,1,0,1,1,0,0,0,0
24,25,032,10,7,3,10,7,3,0,0,0
24,25,040,303,151,152,50,30,20,253,121,132
24,25,044,149,81,68,138,70,68,11,11,0
24,25,045,7,3,4,0,0,0,7,3,4
24,25,053,539,287,252,454,239,215,85,48,37
24,25,054,1,1,0,0,0,0,1,1,0
24,25,061,30,16,14,30,16,14,0,0,0
24,25,063,1,1,0,1,1,0,0,0,0
24,25,065,2,1,1,0,0,0,2,1,1
24,25,072,1,1,0,1,1,0,0,0,0
24,25,075,9,5,4,4,1,3,5,4,1
24,25,079,4,4,0,0,0,0,4,4,0
24,25,090,10,5,5,0,0,0,10,5,5
24,25,091,8,1,7,8,1,7,0,0,0
24,25,093,7,4,3,0,0,0,7,4,3
24,25,098,6,4,2,0,0,0,6,4,2
24,25,114,6,3,3,0,0,0,6,3,3
24,25,115,6,6,0,6,6,0,0,0,0
24,25,116,141,106,35,68,56,12,73,50,23
24,25,123,2664,1445,1219,2087,1100,987,577,345,232
25,01,001,5,4,1,1,1,0,4,3,1
25,01,002,52,38,14,2,2,0,50,36,14
25,01,005,42604,19950,22654,22197,10657,11540,20407,9293,11114
25,01,006,619,377,242,162,119,43,457,258,199
25,01,007,13,10,3,4,4,0,9,6,3
25,01,009,29,13,16,0,0,0,29,13,16
25,01,011,59,54,5,41,41,0,18,13,5
25,01,013,52,25,27,15,6,9,37,19,18
25,01,014,55,49,6,11,11,0,44,38,6
25,01,015,8,8,0,3,3,0,5,5,0
25,01,016,3,3,0,0,0,0,3,3,0
25,01,020,12,7,5,5,4,1,7,3,4
25,01,021,7,4,3,6,3,3,1,1,0
25,01,022,37,17,20,18,9,9,19,8,11
25,01,030,7,5,2,4,3,1,3,2,1
25,01,040,512,256,256,168,86,82,344,170,174
25,01,123,141,58,83,0,0,0,141,58,83
25,02,001,260,254,6,258,253,5,2,1,1
25,02,002,1758,1522,236,1531,1376,155,227,146,81
25,02,003,5,5,0,5,5,0,0,0,0
25,02,004,13,7,6,13,7,6,0,0,0
25,02,005,64486,33424,31062,40112,21155,18957,24374,12269,12105
25,02,006,30135,24531,5604,24774,21167,3607,5361,3364,1997
25,02,007,376,238,138,228,150,78,148,88,60
25,02,008,9,6,3,9,6,3,0,0,0
25,02,009,200,122,78,76,52,24,124,70,54
25,02,010,375,310,65,356,299,57,19,11,8
25,02,011,1107,756,351,463,351,112,644,405,239
25,02,012,15,15,0,15,15,0,0,0,0
25,02,013,6711,4551,2160,5286,3719,1567,1425,832,593
25,02,014,1352,1174,178,1293,1123,170,59,51,8
25,02,015,2064,1829,235,1938,1730,208,126,99,27
25,02,016,301,190,111,181,124,57,120,66,54
25,02,017,10,10,0,10,10,0,0,0,0
25,02,018,65,59,6,61,57,4,4,2,2
25,02,019,219,124,95,121,71,50,98,53,45
25,02,020,336,205,131,212,132,80,124,73,51
25,02,021,291,196,95,183,127,56,108,69,39
25,02,022,537,371,166,244,188,56,293,183,110
25,02,030,340,220,120,293,193,100,47,27,20
25,02,032,2,1,1,2,1,1,0,0,0
25,02,040,508,249,259,256,123,133,252,126,126
25,02,053,4,2,2,4,2,2,0,0,0
25,02,061,3,3,0,3,3,0,0,0,0
25,02,062,1,1,0,1,1,0,0,0,0
25,02,072,1,1,0,1,1,0,0,0,0
25,02,090,1,1,0,1,1,0,0,0,0
25,02,091,4,3,1,3,2,1,1,1,0
25,02,092,2,2,0,2,2,0,0,0,0
25,02,093,1,1,0,1,1,0,0,0,0
25,02,102,1,1,0,0,0,0,1,1,0
25,02,113,4,4,0,4,4,0,0,0,0
25,02,116,10,6,4,1,1,0,9,5,4
25,02,123,2482,1240,1242,278,205,73,2204,1035,1169
26,01,001,122,115,7,104,99,5,18,16,2
26,01,002,1382,1107,275,847,731,116,535,376,159
26,01,003,8,8,0,7,7,0,1,1,0
26,01,005,52074,26781,25293,37853,19238,18615,14221,7543,6678
26,01,006,33237,24680,8557,17357,14034,3323,15880,10646,5234
26,01,007,735,457,278,220,143,77,515,314,201
26,01,008,5,4,1,3,2,1,2,2,0
26,01,009,22795,11099,11696,22557,10966,11591,238,133,105
26,01,010,793,554,239,272,220,52,521,334,187
26,01,011,1839,1219,620,503,381,122,1336,838,498
26,01,012,8,7,1,3,3,0,5,4,1
26,01,013,11597,6928,4669,5076,3098,1978,6521,3830,2691
26,01,014,1030,840,190,629,515,114,401,325,76
26,01,015,1801,1549,252,1194,1073,121,607,476,131
26,01,016,283,196,87,127,105,22,156,91,65
26,01,018,35,33,2,35,33,2,0,0,0
26,01,019,126,67,59,5,5,0,121,62,59
26,01,020,666,413,253,151,99,52,515,314,201
26,01,021,607,372,235,208,138,70,399,234,165
26,01,022,994,590,404,256,187,69,738,403,335
26,01,025,2,0,2,1,0,1,1,0,1
26,01,030,89132,43967,45165,82237,40512,41725,6895,3455,3440
26,01,040,192,104,88,37,25,12,155,79,76
26,01,044,4,3,1,4,3,1,0,0,0
26,01,053,57,29,28,57,29,28,0,0,0
26,01,056,10,7,3,7,5,2,3,2,1
26,01,061,2,2,0,2,2,0,0,0,0
26,01,067,3,0,3,3,0,3,0,0,0
26,01,068,1,1,0,0,0,0,1,1,0
26,01,080,5,5,0,5,5,0,0,0,0
26,01,090,67,43,24,62,38,24,5,5,0
26,01,091,3,1,2,3,1,2,0,0,0
26,01,093,7,5,2,7,5,2,0,0,0
26,01,102,2,2,0,2,2,0,0,0,0
26,01,113,1,1,0,1,1,0,0,0,0
26,01,116,22,14,8,6,3,3,16,11,5
26,01,123,843,463,380,186,124,62,657,339,318
27,01,001,1,0,1,1,0,1,0,0,0
27,01,002,221,161,60,64,42,22,157,119,38
27,01,004,15,5,10,15,5,10,0,0,0
27,01,005,63298,32202,31096,46346,23632,22714,16952,8570,8382
27,01,006,80518,42285,38233,52265,27306,24959,28253,14979,13274
27,01,007,66,38,28,61,35,26,5,3,2
27,01,008,11,1,10,10,0,10,1,1,0
27,01,009,39981,20269,19712,38721,19579,19142,1260,690,570
27,01,010,4,4,0,0,0,0,4,4,0
27,01,011,224,128,96,84,52,32,140,76,64
27,01,012,1,1,0,0,0,0,1,1,0
27,01,013,114149,59050,55099,56231,29058,27173,57918,29992,27926
27,01,014,160,104,56,91,58,33,69,46,23
27,01,015,70,52,18,46,38,8,24,14,10
27,01,016,122,78,44,59,46,13,63,32,31
27,01,019,5135,2703,2432,276,159,117,4859,2544,2315
27,01,020,130,74,56,63,33,30,67,41,26
27,01,021,3215,1640,1575,2367,1209,1158,848,431,417
27,01,022,46644,26058,20586,14588,9541,5047,32056,16517,15539
27,01,023,6,1,5,6,1,5,0,0,0
27,01,025,2,1,1,2,1,1,0,0,0
27,01,028,12,5,7,9,5,4,3,0,3
27,01,030,770652,383241,387411,753171,374332,378839,17481,8909,8572
27,01,040,10,6,4,5,2,3,5,4,1
27,01,044,42,19,23,14,7,7,28,12,16
27,01,045,6,3,3,4,2,2,2,1,1
27,01,048,1,0,1,1,0,1,0,0,0
27,01,053,168517,86211,82306,132846,67654,65192,35671,18557,17114
27,01,061,1,1,0,1,1,0,0,0,0
27,01,063,1,1,0,0,0,0,1,1,0
27,01,067,116,62,54,116,62,54,0,0,0
27,01,075,1,1,0,0,0,0,1,1,0
27,01,095,4,1,3,4,1,3,0,0,0
27,01,110,2,0,2,0,0,0,2,0,2
27,01,123,18371,9105,9266,11569,5652,5917,6802,3453,3349
27,02,002,205,135,70,71,43,28,134,92,42
27,02,004,7,3,4,7,3,4,0,0,0
27,02,005,20126,10486,9640,13017,6767,6250,7109,3719,3390
27,02,006,128011,67332,60679,84574,44262,40312,43437,23070,20367
27,02,007,243,127,116,149,83,66,94,44,50
27,02,008,24,5,19,5,0,5,19,5,14
27,02,009,86898,43536,43362,86416,43276,43140,482,260,222
27,02,010,17,17,0,17,17,0,0,0,0
27,02,011,556,308,248,81,58,23,475,250,225
27,02,012,1,0,1,0,0,0,1,0,1
27,02,013,409300,214605,194695,205691,108080,97611,203609,106525,97084
27,02,014,131,82,49,51,35,16,80,47,33
27,02,015,87,64,23,40,35,5,47,29,18
27,02,016,1222,664,558,138,75,63,1084,589,495
27,02,017,4,3,1,0,0,0,4,3,1
27,02,019,8834,4571,4263,483,257,226,8351,4314,4037
27,02,020,214,128,86,36,17,19,178,111,67
27,02,021,6082,3187,2895,4114,2217,1897,1968,970,998
27,02,022,109174,55983,53191,13145,6752,6393,96029,49231,46798
27,02,028,63,39,24,38,24,14,25,15,10
27,02,030,234345,118297,116048,224563,113219,111344,9782,5078,4704
27,02,040,61,28,33,20,8,12,41,20,21
27,02,044,388,205,183,125,73,52,263,132,131
27,02,053,696403,355649,340754,626028,319392,306636,70375,36257,34118
27,02,068,34,15,19,0,0,0,34,15,19
27,02,072,72,41,31,67,37,30,5,4,1
27,02,075,847,460,387,73,40,33,774,420,354
27,02,082,1,0,1,1,0,1,0,0,0
27,02,096,53,26,27,45,21,24,8,5,3
27,02,097,9,5,4,0,0,0,9,5,4
27,02,116,1,1,0,0,0,0,1,1,0
27,02,123,4534,2370,2164,3067,1573,1494,1467,797,670
27,03,001,4,1,3,0,0,0,4,1,3
27,03,002,1058,734,324,193,116,77,865,618,247
27,03,005,34682,17769,16913,22816,11679,11137,11866,6090,5776
27,03,006,353241,185110,168131,244485,128245,116240,108756,56865,51891
27,03,007,434,246,188,169,87,82,265,159,106
27,03,008,10,8,2,0,0,0,10,8,2
27,03,009,754,408,346,563,317,246,191,91,100
27,03,010,42,31,11,6,4,2,36,27,9
27,03,011,958,519,439,270,150,120,688,369,319
27,03,013,2280972,1183862,1097110,1604445,830095,774350,676527,353767,322760
27,03,014,293,160,133,99,46,53,194,114,80
27,03,015,275,183,92,158,107,51,117,76,41
27,03,016,1640,900,740,177,118,59,1463,782,681
27,03,018,2,1,1,0,0,0,2,1,1
27,03,019,24396,12613,11783,802,447,355,23594,12166,11428
27,03,020,1020,586,434,483,284,199,537,302,235
27,03,021,8398,4447,3951,4983,2703,2280,3415,1744,1671
27,03,022,290045,148921,141124,122009,62688,59321,168036,86233,81803
27,03,024,674,330,344,647,318,329,27,12,15
27,03,025,1,1,0,1,1,0,0,0,0
27,03,028,178,100,78,76,45,31,102,55,47
27,03,030,82548,42504,40044,77105,39689,37416,5443,2815,2628
27,03,040,647,319,328,22,12,10,625,307,318
27,03,043,2,1,1,2,1,1,0,0,0
27,03,044,1559,828,731,1117,618,499,442,210,232
27,03,045,10,6,4,1,1,0,9,5,4
27,03,053,592275,301594,290681,543776,276473,267303,48499,25121,23378
27,03,054,4,2,2,0,0,0,4,2,2
27,03,067,462,237,225,432,225,207,30,12,18
27,03,068,117,65,52,117,65,52,0,0,0
27,03,072,477,241,236,477,241,236,0,0,0
27,03,075,834,420,414,834,420,414,0,0,0
27,03,079,1,1,0,0,0,0,1,1,0
27,03,080,1,1,0,1,1,0,0,0,0
27,03,090,20,13,7,16,11,5,4,2,2
27,03,097,1,1,0,1,1,0,0,0,0
27,03,098,95,51,44,0,0,0,95,51,44
27,03,116,5,2,3,1,0,1,4,2,2
27,03,123,4555,2277,2278,3612,1823,1789,943,454,489
27,04,001,2,1,1,1,0,1,1,1,0
27,04,002,305,227,78,69,48,21,236,179,57
27,04,004,6,3,3,6,3,3,0,0,0
27,04,005,6027,3138,2889,1683,847,836,4344,2291,2053
27,04,006,185219,96098,89121,128746,66732,62014,56473,29366,27107
27,04,007,106,57,49,57,31,26,49,26,23
27,04,008,3,3,0,2,2,0,1,1,0
27,04,009,302,174,128,290,166,124,12,8,4
27,04,010,382,200,182,382,200,182,0,0,0
27,04,011,190,126,64,60,45,15,130,81,49
27,04,013,1767841,907311,860530,1479526,758170,721356,288315,149141,139174
27,04,014,103,69,34,64,46,18,39,23,16
27,04,015,235,150,85,174,109,65,61,41,20
27,04,016,741,427,314,168,110,58,573,317,256
27,04,017,36,20,16,21,13,8,15,7,8
27,04,019,6678,3535,3143,393,228,165,6285,3307,2978
27,04,020,746,430,316,247,143,104,499,287,212
27,04,021,12472,6266,6206,9916,4977,4939,2556,1289,1267
27,04,022,223118,114452,108666,111017,56955,54062,112101,57497,54604
27,04,024,3,2,1,3,2,1,0,0,0
27,04,025,3,3,0,3,3,0,0,0,0
27,04,026,3,3,0,3,3,0,0,0,0
27,04,028,123,69,54,109,60,49,14,9,5
27,04,030,16134,8372,7762,15523,8024,7499,611,348,263
27,04,040,21,13,8,13,9,4,8,4,4
27,04,044,353,189,164,220,124,96,133,65,68
27,04,045,21,11,10,0,0,0,21,11,10
27,04,053,885,462,423,803,415,388,82,47,35
27,04,059,8,5,3,8,5,3,0,0,0
27,04,067,3844,2091,1753,3645,1940,1705,199,151,48
27,04,068,817,412,405,793,389,404,24,23,1
27,04,091,12,9,3,12,9,3,0,0,0
27,04,098,10,4,6,10,4,6,0,0,0
27,04,105,42,22,20,42,22,20,0,0,0
27,04,115,1,0,1,0,0,0,1,0,1
27,04,123,5688,3049,2639,5088,2611,2477,600,438,162
27,05,002,405,283,122,53,41,12,352,242,110
27,05,005,12175,6287,5888,1104,557,547,11071,5730,5341
27,05,006,151839,79129,72710,70830,36871,33959,81009,42258,38751
27,05,007,188,92,96,112,50,62,76,42,34
27,05,008,4,3,1,1,1,0,3,2,1
27,05,009,56,34,22,12,6,6,44,28,16
27,05,010,26,16,10,1,1,0,25,15,10
27,05,011,407,244,163,181,122,59,226,122,104
27,05,013,1160703,598167,562536,822009,423919,398090,338694,174248,164446
27,05,014,57,32,25,21,10,11,36,22,14
27,05,015,326,221,105,192,149,43,134,72,62
27,05,016,895,460,435,103,65,38,792,395,397
27,05,017,28,16,12,7,3,4,21,13,8
27,05,019,14199,7338,6861,221,122,99,13978,7216,6762
27,05,020,544,299,245,70,36,34,474,263,211
27,05,021,5466,2779,2687,2205,1149,1056,3261,1630,1631
27,05,022,270373,139485,130888,93967,48466,45501,176406,91019,85387
27,05,023,12,6,6,12,6,6,0,0,0
27,05,028,50,18,32,15,7,8,35,11,24
27,05,030,1869,956,913,1625,828,797,244,128,116
27,05,040,72,24,48,13,5,8,59,19,40
27,05,044,390,217,173,218,123,95,172,94,78
27,05,045,13,7,6,0,0,0,13,7,6
27,05,053,92,46,46,45,21,24,47,25,22
27,05,063,1,0,1,0,0,0,1,0,1
27,05,067,8735,4420,4315,8648,4368,4280,87,52,35
27,05,068,493,253,240,488,251,237,5,2,3
27,05,072,2,0,2,0,0,0,2,0,2
27,05,080,6,3,3,6,3,3,0,0,0
27,05,091,7,7,0,0,0,0,7,7,0
27,05,098,94,56,38,0,0,0,94,56,38
27,05,123,712,355,357,583,285,298,129,70,59
27,06,002,78,62,16,14,14,0,64,48,16
27,06,005,1522,779,743,504,252,252,1018,527,491
27,06,006,153653,79827,73826,123764,64342,59422,29889,15485,14404
27,06,007,49,24,25,40,20,20,9,4,5
27,06,009,34,24,10,33,24,9,1,0,1
27,06,010,48,38,10,48,38,10,0,0,0
27,06,011,357,161,196,245,131,114,112,30,82
27,06,012,8,0,8,0,0,0,8,0,8
27,06,013,769697,396417,373280,673598,346734,326864,96099,49683,46416
27,06,014,36,26,10,15,13,2,21,13,8
27,06,015,57,26,31,32,16,16,25,10,15
27,06,016,231,118,113,18,18,0,213,100,113
27,06,019,3061,1620,1441,474,250,224,2587,1370,1217
27,06,020,210,113,97,76,44,32,134,69,65
27,06,021,6324,3254,3070,5490,2833,2657,834,421,413
27,06,022,80136,41195,38941,33152,16854,16298,46984,24341,22643
27,06,024,17,13,4,17,13,4,0,0,0
27,06,025,4,2,2,4,2,2,0,0,0
27,06,028,41,22,19,12,8,4,29,14,15
27,06,030,3139,1589,1550,2956,1500,1456,183,89,94
27,06,044,193,109,84,191,107,84,2,2,0
27,06,045,12,7,5,0,0,0,12,7,5
27,06,053,63,33,30,60,32,28,3,1,2
27,06,067,66,39,27,66,39,27,0,0,0
27,06,068,3,1,2,3,1,2,0,0,0
27,06,123,1177,595,582,959,481,478,218,114,104
27,07,002,554,345,209,95,57,38,459,288,171
27,07,005,10000,5237,4763,1806,949,857,8194,4288,3906
27,07,006,244797,127297,117500,119601,62013,57588,125196,65284,59912
27,07,007,131,73,58,20,11,9,111,62,49
27,07,008,18,12,6,0,0,0,18,12,6
27,07,009,818,395,423,675,331,344,143,64,79
27,07,010,10,7,3,0,0,0,10,7,3
27,07,011,388,184,204,46,25,21,342,159,183
27,07,012,10,8,2,0,0,0,10,8,2
27,07,013,1775781,917072,858709,1235027,637986,597041,540754,279086,261668
27,07,014,155,101,54,25,17,8,130,84,46
27,07,015,543,293,250,407,214,193,136,79,57
27,07,016,1137,607,530,145,78,67,992,529,463
27,07,017,15,7,8,0,0,0,15,7,8
27,07,018,2,1,1,2,1,1,0,0,0
27,07,019,26662,13670,12992,2870,1462,1408,23792,12208,11584
27,07,020,505,300,205,81,57,24,424,243,181
27,07,021,6027,3166,2861,2949,1587,1362,3078,1579,1499
27,07,022,289178,149200,139978,103686,53442,50244,185492,95758,89734
27,07,023,1,1,0,1,1,0,0,0,0
27,07,028,105,59,46,20,12,8,85,47,38
27,07,030,9270,4667,4603,8676,4361,4315,594,306,288
27,07,031,1,1,0,0,0,0,1,1,0
27,07,032,1,1,0,0,0,0,1,1,0
27,07,034,1,1,0,0,0,0,1,1,0
27,07,037,23,8,15,9,2,7,14,6,8
27,07,040,106,49,57,32,11,21,74,38,36
27,07,041,16,11,5,16,11,5,0,0,0
27,07,044,43884,22504,21380,38239,19628,18611,5645,2876,2769
27,07,045,965,507,458,809,425,384,156,82,74
27,07,048,47,27,20,47,27,20,0,0,0
27,07,053,63,37,26,29,18,11,34,19,15
27,07,054,3,1,2,0,0,0,3,1,2
27,07,055,1,0,1,0,0,0,1,0,1
27,07,063,265,134,131,225,111,114,40,23,17
27,07,067,180518,92016,88502,177942,90502,87440,2576,1514,1062
27,07,068,10803,5358,5445,10673,5285,5388,130,73,57
27,07,072,77,36,41,74,36,38,3,0,3
27,07,080,5,3,2,5,3,2,0,0,0
27,07,082,9,3,6,9,3,6,0,0,0
27,07,088,9,5,4,9,5,4,0,0,0
27,07,090,3,3,0,3,3,0,0,0,0
27,07,091,34,19,15,34,19,15,0,0,0
27,07,098,30,13,17,30,13,17,0,0,0
27,07,102,17,9,8,8,4,4,9,5,4
27,07,123,4172,2166,2006,3256,1677,1579,916,489,427
27,08,001,11,3,8,0,0,0,11,3,8
27,08,002,689,420,269,386,242,144,303,178,125
27,08,004,5,2,3,0,0,0,5,2,3
27,08,005,4098,2126,1972,1235,642,593,2863,1484,1379
27,08,006,104449,54806,49643,54339,28390,25949,50110,26416,23694
27,08,007,155,85,70,79,47,32,76,38,38
27,08,008,20,10,10,17,8,9,3,2,1
27,08,009,63,47,16,22,14,8,41,33,8
27,08,010,30,19,11,14,10,4,16,9,7
27,08,011,808,385,423,483,219,264,325,166,159
27,08,012,35,17,18,12,8,4,23,9,14
27,08,013,1078787,556454,522333,831252,428742,402510,247535,127712,119823
27,08,014,249,165,84,88,51,37,161,114,47
27,08,015,411,232,179,141,89,52,270,143,127
27,08,016,1351,747,604,531,287,244,820,460,360
27,08,018,3,2,1,3,2,1,0,0,0
27,08,019,7242,3749,3493,194,98,96,7048,3651,3397
27,08,020,420,236,184,153,88,65,267,148,119
27,08,021,3570,1900,1670,2438,1317,1121,1132,583,549
27,08,022,20665,10583,10082,8171,4140,4031,12494,6443,6051
27,08,027,16,9,7,0,0,0,16,9,7
27,08,028,66,31,35,33,18,15,33,13,20
27,08,030,1190,630,560,1162,609,553,28,21,7
27,08,040,32,17,15,12,5,7,20,12,8
27,08,041,1,0,1,1,0,1,0,0,0
27,08,044,7853,4001,3852,6623,3377,3246,1230,624,606
27,08,045,147,76,71,53,30,23,94,46,48
27,08,053,24,15,9,20,12,8,4,3,1
27,08,054,1,0,1,1,0,1,0,0,0
27,08,055,3,3,0,3,3,0,0,0,0
27,08,059,1,1,0,1,1,0,0,0,0
27,08,063,3746,1899,1847,3716,1884,1832,30,15,15
27,08,067,95,45,50,95,45,50,0,0,0
27,08,071,1,1,0,0,0,0,1,1,0
27,08,072,6,1,5,6,1,5,0,0,0
27,08,079,9,4,5,9,4,5,0,0,0
27,08,081,3,1,2,0,0,0,3,1,2
27,08,082,3,2,1,3,2,1,0,0,0
27,08,095,4,2,2,4,2,2,0,0,0
27,08,115,1,1,0,1,1,0,0,0,0
27,08,116,1,1,0,1,1,0,0,0,0
27,08,123,472,262,210,393,221,172,79,41,38
27,09,001,109,82,27,0,0,0,109,82,27
27,09,002,17245,9301,7944,1199,684,515,16046,8617,7429
27,09,003,7,6,1,0,0,0,7,6,1
27,09,004,138,99,39,18,18,0,120,81,39
27,09,005,29645,15268,14377,1765,934,831,27880,14334,13546
27,09,006,787515,417698,369817,164820,87281,77539,622695,330417,292278
27,09,007,2082,1093,989,622,323,299,1460,770,690
27,09,008,168,92,76,15,8,7,153,84,69
27,09,009,932,512,420,100,55,45,832,457,375
27,09,010,1061,638,423,84,51,33,977,587,390
27,09,011,9072,4822,4250,498,271,227,8574,4551,4023
27,09,012,95,53,42,3,1,2,92,52,40
27,09,013,2852598,1466766,1385832,1221876,629481,592395,1630722,837285,793437
27,09,014,1803,1078,725,141,109,32,1662,969,693
27,09,015,6288,3724,2564,2274,1373,901,4014,2351,1663
27,09,016,24972,13087,11885,1022,560,462,23950,12527,11423
27,09,017,67,32,35,0,0,0,67,32,35
27,09,018,20,18,2,7,7,0,13,11,2
27,09,019,40755,20610,20145,166,101,65,40589,20509,20080
27,09,020,9675,5080,4595,442,248,194,9233,4832,4401
27,09,021,30389,15652,14737,8019,4206,3813,22370,11446,10924
27,09,022,176948,90802,86146,4264,2225,2039,172684,88577,84107
27,09,024,9,6,3,0,0,0,9,6,3
27,09,027,1,1,0,0,0,0,1,1,0
27,09,028,155,78,77,1,1,0,154,77,77
27,09,030,1111,557,554,905,437,468,206,120,86
27,09,031,12,7,5,8,5,3,4,2,2
27,09,033,3,2,1,0,0,0,3,2,1
27,09,034,1,1,0,0,0,0,1,1,0
27,09,036,1,1,0,0,0,0,1,1,0
27,09,037,28,17,11,24,14,10,4,3,1
27,09,040,1798,859,939,48,25,23,1750,834,916
27,09,043,1,0,1,0,0,0,1,0,1
27,09,044,56504,28748,27756,40701,20589,20112,15803,8159,7644
27,09,045,11274,5798,5476,1423,719,704,9851,5079,4772
27,09,046,2,0,2,0,0,0,2,0,2
27,09,047,1,1,0,0,0,0,1,1,0
27,09,048,12,7,5,0,0,0,12,7,5
27,09,051,1,1,0,1,1,0,0,0,0
27,09,053,62,30,32,13,7,6,49,23,26
27,09,054,27,21,6,4,3,1,23,18,5
27,09,055,6,4,2,0,0,0,6,4,2
27,09,059,3,2,1,0,0,0,3,2,1
27,09,062,9,5,4,0,0,0,9,5,4
27,09,063,10,5,5,0,0,0,10,5,5
27,09,067,478,249,229,421,215,206,57,34,23
27,09,068,39,22,17,33,16,17,6,6,0
27,09,071,1,1,0,0,0,0,1,1,0
27,09,072,135,72,63,13,8,5,122,64,58
27,09,075,39,20,19,0,0,0,39,20,19
27,09,081,1,1,0,0,0,0,1,1,0
27,09,082,40,22,18,0,0,0,40,22,18
27,09,090,40,22,18,14,9,5,26,13,13
27,09,091,23,12,11,4,3,1,19,9,10
27,09,096,1,0,1,0,0,0,1,0,1
27,09,098,8,4,4,0,0,0,8,4,4
27,09,102,208,113,95,158,86,72,50,27,23
27,09,103,1,1,0,0,0,0,1,1,0
27,09,111,2,2,0,0,0,0,2,2,0
27,09,114,3,2,1,0,0,0,3,2,1
27,09,115,1,0,1,0,0,0,1,0,1
27,09,116,31,13,18,0,0,0,31,13,18
27,09,117,1,1,0,0,0,0,1,1,0
27,09,121,12,0,12,0,0,0,12,0,12
27,09,123,3958,2093,1865,2780,1442,1338,1178,651,527
27,10,002,1254,669,585,464,252,212,790,417,373
27,10,004,4,4,0,0,0,0,4,4,0
27,10,005,2011,1025,986,1044,536,508,967,489,478
27,10,006,88559,45516,43043,62678,32156,30522,25881,13360,12521
27,10,007,580,300,280,519,265,254,61,35,26
27,10,008,6,3,3,3,2,1,3,1,2
27,10,009,36,21,15,10,7,3,26,14,12
27,10,010,48,26,22,33,17,16,15,9,6
27,10,011,607,326,281,218,122,96,389,204,185
27,10,013,1007586,507437,500149,870767,437875,432892,136819,69562,67257
27,10,014,120,68,52,41,24,17,79,44,35
27,10,015,350,202,148,264,155,109,86,47,39
27,10,016,1018,593,425,358,227,131,660,366,294
27,10,018,2,2,0,0,0,0,2,2,0
27,10,019,2887,1498,1389,857,453,404,2030,1045,985
27,10,020,416,240,176,166,94,72,250,146,104
27,10,021,1591,894,697,1100,645,455,491,249,242
27,10,022,7205,3671,3534,1423,708,715,5782,2963,2819
27,10,028,27,14,13,10,5,5,17,9,8
27,10,030,18,11,7,5,3,2,13,8,5
27,10,040,19,9,10,14,7,7,5,2,3
27,10,044,13181,6581,6600,12843,6389,6454,338,192,146
27,10,045,7640,3843,3797,6765,3405,3360,875,438,437
27,10,047,5,3,2,0,0,0,5,3,2
27,10,053,20,11,9,18,10,8,2,1,1
27,10,054,5,3,2,2,2,0,3,1,2
27,10,063,1,1,0,1,1,0,0,0,0
27,10,067,10,4,6,0,0,0,10,4,6
27,10,071,4,2,2,0,0,0,4,2,2
27,10,072,3,2,1,0,0,0,3,2,1
27,10,075,8,3,5,8,3,5,0,0,0
27,10,082,3,0,3,0,0,0,3,0,3
27,10,090,8,5,3,8,5,3,0,0,0
27,10,098,33,16,17,0,0,0,33,16,17
27,10,123,881,442,439,799,400,399,82,42,40
27,11,001,1,1,0,1,1,0,0,0,0
27,11,002,7763,3984,3779,6935,3553,3382,828,431,397
27,11,004,2,0,2,2,0,2,0,0,0
27,11,005,4324,2212,2112,740,390,350,3584,1822,1762
27,11,006,318171,159041,159130,267583,133195,134388,50588,25846,24742
27,11,007,2314,1128,1186,1995,979,1016,319,149,170
27,11,008,14,5,9,3,3,0,11,2,9
27,11,009,43,24,19,35,20,15,8,4,4
27,11,010,6,3,3,6,3,3,0,0,0
27,11,011,140,75,65,37,25,12,103,50,53
27,11,013,786847,392093,394754,713167,354906,358261,73680,37187,36493
27,11,014,83,41,42,33,16,17,50,25,25
27,11,015,997,493,504,215,113,102,782,380,402
27,11,016,1596,840,756,544,286,258,1052,554,498
27,11,017,6,4,2,0,0,0,6,4,2
27,11,018,8,5,3,0,0,0,8,5,3
27,11,019,9651,4987,4664,582,321,261,9069,4666,4403
27,11,020,265,136,129,97,57,40,168,79,89
27,11,021,1861,931,930,719,374,345,1142,557,585
27,11,022,1628,847,781,626,323,303,1002,524,478
27,11,028,37,18,19,17,8,9,20,10,10
27,11,030,905,433,472,900,429,471,5,4,1
27,11,031,11,6,5,11,6,5,0,0,0
27,11,037,59,31,28,59,31,28,0,0,0
27,11,039,4,2,2,4,2,2,0,0,0
27,11,040,57,37,20,27,20,7,30,17,13
27,11,044,62142,30601,31541,61449,30248,31201,693,353,340
27,11,045,555,269,286,473,224,249,82,45,37
27,11,053,63,31,32,62,30,32,1,1,0
27,11,054,12,7,5,12,7,5,0,0,0
27,11,062,4,3,1,4,3,1,0,0,0
27,11,063,6,2,4,0,0,0,6,2,4
27,11,072,4,3,1,1,0,1,3,3,0
27,11,090,16,8,8,2,2,0,14,6,8
27,11,102,7,3,4,0,0,0,7,3,4
27,11,123,1105,530,575,935,447,488,170,83,87
27,12,001,3,3,0,3,3,0,0,0,0
27,12,002,47610,24765,22845,47197,24547,22650,413,218,195
27,12,004,1,1,0,1,1,0,0,0,0
27,12,005,1645,839,806,825,426,399,820,413,407
27,12,006,49286,25316,23970,44175,22617,21558,5111,2699,2412
27,12,007,1126,559,567,1079,535,544,47,24,23
27,12,008,6,2,4,6,2,4,0,0,0
27,12,009,9,6,3,8,5,3,1,1,0
27,12,010,6,4,2,1,1,0,5,3,2
27,12,011,276,150,126,196,111,85,80,39,41
27,12,013,534287,270926,263361,479020,242722,236298,55267,28204,27063
27,12,014,62,42,20,50,35,15,12,7,5
27,12,015,315,159,156,294,148,146,21,11,10
27,12,016,399,229,170,198,123,75,201,106,95
27,12,019,1452,738,714,376,191,185,1076,547,529
27,12,020,200,126,74,145,92,53,55,34,21
27,12,021,94911,47194,47717,94352,46904,47448,559,290,269
27,12,022,4829,2479,2350,1776,905,871,3053,1574,1479
27,12,028,32,16,16,32,16,16,0,0,0
27,12,030,80,41,39,79,41,38,1,0,1
27,12,031,1,1,0,1,1,0,0,0,0
27,12,032,6,2,4,6,2,4,0,0,0
27,12,040,38,21,17,38,21,17,0,0,0
27,12,044,225126,113119,112007,224764,112919,111845,362,200,162
27,12,045,3583,1796,1787,3423,1717,1706,160,79,81
27,12,053,3,2,1,2,1,1,1,1,0
27,12,054,58,30,28,58,30,28,0,0,0
27,12,063,6,4,2,6,4,2,0,0,0
27,12,067,3,2,1,2,1,1,1,1,0
27,12,072,4115,2104,2011,4114,2104,2010,1,0,1
27,12,073,1,0,1,0,0,0,1,0,1
27,12,090,2,2,0,2,2,0,0,0,0
27,12,091,41,33,8,41,33,8,0,0,0
27,12,093,1,1,0,1,1,0,0,0,0
27,12,105,7,4,3,7,4,3,0,0,0
27,12,123,768,385,383,755,382,373,13,3,10
27,13,001,6,2,4,6,2,4,0,0,0
27,13,002,7657,4029,3628,391,225,166,7266,3804,3462
27,13,004,3,1,2,3,1,2,0,0,0
27,13,005,4981,2591,2390,1389,704,685,3592,1887,1705
27,13,006,199831,105114,94717,74946,38965,35981,124885,66149,58736
27,13,007,4338,2167,2171,3820,1901,1919,518,266,252
27,13,008,8,3,5,1,0,1,7,3,4
27,13,009,1234,747,487,888,533,355,346,214,132
27,13,010,144,71,73,58,31,27,86,40,46
27,13,011,2181,1211,970,610,366,244,1571,845,726
27,13,012,6,4,2,0,0,0,6,4,2
27,13,013,1721589,880697,840892,1262461,642485,619976,459128,238212,220916
27,13,014,196,126,70,75,51,24,121,75,46
27,13,015,1342,754,588,742,405,337,600,349,251
27,13,016,4442,2397,2045,1589,832,757,2853,1565,1288
27,13,017,7,4,3,0,0,0,7,4,3
27,13,018,73,41,32,73,41,32,0,0,0
27,13,019,2988,1558,1430,434,228,206,2554,1330,1224
27,13,020,2023,1111,912,526,282,244,1497,829,668
27,13,021,58782,30226,28556,20292,10394,9898,38490,19832,18658
27,13,022,20621,10638,9983,3576,1856,1720,17045,8782,8263
27,13,023,3,2,1,2,2,0,1,0,1
27,13,028,184,101,83,73,43,30,111,58,53
27,13,030,509,264,245,435,220,215,74,44,30
27,13,032,2,0,2,2,0,2,0,0,0
27,13,040,161,91,70,31,20,11,130,71,59
27,13,044,30253,15236,15017,29211,14662,14549,1042,574,468
27,13,045,3843,1936,1907,972,477,495,2871,1459,1412
27,13,053,135,78,57,84,48,36,51,30,21
27,13,054,1,0,1,1,0,1,0,0,0
27,13,055,1,0,1,1,0,1,0,0,0
27,13,063,3058,1541,1517,3057,1540,1517,1,1,0
27,13,067,6,5,1,5,4,1,1,1,0
27,13,068,6,2,4,0,0,0,6,2,4
27,13,072,29,14,15,7,3,4,22,11,11
27,13,075,28,16,12,28,16,12,0,0,0
27,13,091,6,2,4,0,0,0,6,2,4
27,13,098,90,47,43,0,0,0,90,47,43
27,13,123,334,166,168,245,124,121,89,42,47
27,14,001,5,5,0,2,2,0,3,3,0
27,14,002,575,372,203,335,227,108,240,145,95
27,14,003,1,1,0,0,0,0,1,1,0
27,14,004,16,9,7,14,9,5,2,0,2
27,14,005,11260,5847,5413,4196,2204,1992,7064,3643,3421
27,14,006,497103,258552,238551,429385,222917,206468,67718,35635,32083
27,14,007,210,120,90,106,59,47,104,61,43
27,14,008,69,41,28,65,39,26,4,2,2
27,14,009,259,143,116,224,123,101,35,20,15
27,14,010,49,37,12,42,32,10,7,5,2
27,14,011,317,163,154,179,98,81,138,65,73
27,14,012,7,4,3,7,4,3,0,0,0
27,14,013,1601495,823724,777771,1303371,670371,633000,298124,153353,144771
27,14,014,85,65,20,42,31,11,43,34,9
27,14,015,624,356,268,360,218,142,264,138,126
27,14,016,1299,723,576,452,276,176,847,447,400
27,14,017,4,4,0,0,0,0,4,4,0
27,14,018,1,1,0,1,1,0,0,0,0
27,14,019,5701,2983,2718,810,425,385,4891,2558,2333
27,14,020,548,326,222,214,132,82,334,194,140
27,14,021,54028,27511,26517,47277,24109,23168,6751,3402,3349
27,14,022,123271,63216,60055,57487,29310,28177,65784,33906,31878
27,14,023,4,3,1,4,3,1,0,0,0
27,14,024,5,2,3,5,2,3,0,0,0
27,14,025,2,0,2,2,0,2,0,0,0
27,14,028,179,94,85,72,42,30,107,52,55
27,14,030,5606,2860,2746,5235,2666,2569,371,194,177
27,14,034,1,1,0,0,0,0,1,1,0
27,14,035,1,1,0,0,0,0,1,1,0
27,14,040,70,43,27,47,29,18,23,14,9
27,14,044,70412,35855,34557,67784,34504,33280,2628,1351,1277
27,14,045,160,85,75,55,29,26,105,56,49
27,14,048,6,4,2,6,4,2,0,0,0
27,14,051,2,1,1,0,0,0,2,1,1
27,14,053,139,73,66,129,67,62,10,6,4
27,14,061,1,0,1,1,0,1,0,0,0
27,14,063,81703,40886,40817,80557,40294,40263,1146,592,554
27,14,067,47,25,22,26,13,13,21,12,9
27,14,068,31,16,15,31,16,15,0,0,0
27,14,069,2,1,1,2,1,1,0,0,0
27,14,072,1,1,0,1,1,0,0,0,0
27,14,075,773,385,388,760,379,381,13,6,7
27,14,082,9,8,1,2,2,0,7,6,1
27,14,083,6,6,0,0,0,0,6,6,0
27,14,090,1,1,0,1,1,0,0,0,0
27,14,095,15,8,7,0,0,0,15,8,7
27,14,098,21,12,9,8,5,3,13,7,6
27,14,106,1,0,1,0,0,0,1,0,1
27,14,113,5,3,2,5,3,2,0,0,0
27,14,123,2141,1104,1037,1758,892,866,383,212,171
27,15,001,4,4,0,0,0,0,4,4,0
27,15,002,299,202,97,29,14,15,270,188,82
27,15,003,3,1,2,0,0,0,3,1,2
27,15,005,4720,2503,2217,1274,676,598,3446,1827,1619
27,15,006,290743,150614,140129,219473,113329,106144,71270,37285,33985
27,15,007,13245,6702,6543,11216,5655,5561,2029,1047,982
27,15,008,33,31,2,2,0,2,31,31,0
27,15,009,90,49,41,83,45,38,7,4,3
27,15,010,13,10,3,0,0,0,13,10,3
27,15,011,431,245,186,106,59,47,325,186,139
27,15,012,5,4,1,0,0,0,5,4,1
27,15,013,2153727,1109718,1044009,1764050,906311,857739,389677,203407,186270
27,15,014,137,88,49,84,51,33,53,37,16
27,15,015,463,248,215,401,208,193,62,40,22
27,15,016,4893,2710,2183,295,198,97,4598,2512,2086
27,15,017,14,12,2,0,0,0,14,12,2
27,15,018,56,30,26,53,28,25,3,2,1
27,15,019,1966,1026,940,196,111,85,1770,915,855
27,15,020,1615,863,752,694,368,326,921,495,426
27,15,021,85123,42898,42225,51104,25823,25281,34019,17075,16944
27,15,022,288389,148099,140290,109010,55888,53122,179379,92211,87168
27,15,023,12,5,7,12,5,7,0,0,0
27,15,028,107,44,63,73,30,43,34,14,20
27,15,030,811,406,405,550,273,277,261,133,128
27,15,040,111,64,47,25,13,12,86,51,35
27,15,044,25148,12713,12435,24743,12504,12239,405,209,196
27,15,045,3,2,1,0,0,0,3,2,1
27,15,053,37,16,21,21,9,12,16,7,9
27,15,055,1,0,1,0,0,0,1,0,1
27,15,063,1402,685,717,1344,660,684,58,25,33
27,15,072,2,2,0,2,2,0,0,0,0
27,15,075,1348,679,669,1348,679,669,0,0,0
27,15,093,1,0,1,0,0,0,1,0,1
27,15,114,3,2,1,3,2,1,0,0,0
27,15,115,1,1,0,0,0,0,1,1,0
27,15,116,13,6,7,5,1,4,8,5,3
27,15,123,1290,676,614,999,526,473,291,150,141
27,16,002,47,25,22,14,7,7,33,18,15
27,16,005,937,473,464,360,176,184,577,297,280
27,16,006,73445,37841,35604,49039,25262,23777,24406,12579,11827
27,16,007,67,33,34,26,10,16,41,23,18
27,16,009,102,60,42,92,50,42,10,10,0
27,16,011,14,7,7,3,2,1,11,5,6
27,16,013,829361,424332,405029,742896,379660,363236,86465,44672,41793
27,16,014,24,18,6,10,7,3,14,11,3
27,16,015,35,15,20,9,7,2,26,8,18
27,16,016,173,93,80,80,50,30,93,43,50
27,16,017,1,1,0,1,1,0,0,0,0
27,16,019,337,179,158,117,56,61,220,123,97
27,16,020,136,84,52,93,60,33,43,24,19
27,16,021,8021,4024,3997,5793,2919,2874,2228,1105,1123
27,16,022,72648,37299,35349,33533,17064,16469,39115,20235,18880
27,16,023,5,4,1,5,4,1,0,0,0
27,16,028,21,11,10,19,11,8,2,0,2
27,16,030,864,421,443,570,270,300,294,151,143
27,16,040,10,5,5,1,1,0,9,4,5
27,16,044,13,7,6,8,5,3,5,2,3
27,16,053,6,3,3,6,3,3,0,0,0
27,16,062,6,1,5,0,0,0,6,1,5
27,16,123,887,437,450,455,215,240,432,222,210
27,17,001,1,1,0,0,0,0,1,1,0
27,17,002,156,115,41,16,10,6,140,105,35
27,17,005,2416,1213,1203,706,347,359,1710,866,844
27,17,006,98480,50272,48208,58501,29715,28786,39979,20557,19422
27,17,007,398,184,214,125,62,63,273,122,151
27,17,008,2,1,1,0,0,0,2,1,1
27,17,009,34,18,16,22,12,10,12,6,6
27,17,010,8,3,5,2,2,0,6,1,5
27,17,011,157,85,72,9,2,7,148,83,65
27,17,012,1,1,0,1,1,0,0,0,0
27,17,013,1213180,619302,593878,927559,471464,456095,285621,147838,137783
27,17,014,52,35,17,10,5,5,42,30,12
27,17,015,30,21,9,30,21,9,0,0,0
27,17,016,171,104,67,22,14,8,149,90,59
27,17,019,1396,731,665,129,68,61,1267,663,604
27,17,020,977,513,464,435,213,222,542,300,242
27,17,021,8882,4481,4401,4378,2185,2193,4504,2296,2208
27,17,022,199005,101901,97104,48999,24798,24201,150006,77103,72903
27,17,023,2,0,2,0,0,0,2,0,2
27,17,028,73,38,35,9,6,3,64,32,32
27,17,030,1332,670,662,1062,542,520,270,128,142
27,17,040,26,15,11,2,1,1,24,14,10
27,17,043,3,3,0,0,0,0,3,3,0
27,17,044,82,51,31,9,7,2,73,44,29
27,17,053,65,36,29,56,31,25,9,5,4
27,17,055,6,2,4,0,0,0,6,2,4
27,17,059,2,0,2,2,0,2,0,0,0
27,17,061,1,1,0,0,0,0,1,1,0
27,17,067,7,5,2,7,5,2,0,0,0
27,17,072,1,0,1,1,0,1,0,0,0
27,17,101,2,2,0,0,0,0,2,2,0
27,17,116,3,1,2,0,0,0,3,1,2
27,17,123,764,386,378,437,218,219,327,168,159
27,18,002,113,95,18,47,44,3,66,51,15
27,18,003,1,0,1,1,0,1,0,0,0
27,18,005,2267,1174,1093,821,410,411,1446,764,682
27,18,006,195177,100279,94898,140662,72071,68591,54515,28208,26307
27,18,007,253,127,126,114,58,56,139,69,70
27,18,009,578,321,257,409,230,179,169,91,78
27,18,010,2,2,0,1,1,0,1,1,0
27,18,011,193,104,89,22,16,6,171,88,83
27,18,013,1248821,638609,610212,1068787,545097,523690,180034,93512,86522
27,18,014,49,30,19,35,20,15,14,10,4
27,18,015,48,31,17,41,27,14,7,4,3
27,18,016,289,153,136,70,36,34,219,117,102
27,18,017,18,14,4,7,7,0,11,7,4
27,18,019,1667,860,807,231,115,116,1436,745,691
27,18,020,742,380,362,548,266,282,194,114,80
27,18,021,14644,7362,7282,6740,3453,3287,7904,3909,3995
27,18,022,145849,76164,69685,84625,44554,40071,61224,31610,29614
27,18,028,98,45,53,21,11,10,77,34,43
27,18,030,1053,563,490,957,513,444,96,50,46
27,18,040,27,16,11,10,7,3,17,9,8
27,18,044,110,66,44,90,54,36,20,12,8
27,18,045,1,1,0,0,0,0,1,1,0
27,18,053,401,210,191,387,201,186,14,9,5
27,18,072,71,35,36,71,35,36,0,0,0
27,18,079,8,4,4,0,0,0,8,4,4
27,18,114,1,1,0,1,1,0,0,0,0
27,18,123,499,257,242,417,214,203,82,43,39
27,19,001,15,11,4,7,6,1,8,5,3
27,19,002,1780,1117,663,432,294,138,1348,823,525
27,19,003,1,0,1,0,0,0,1,0,1
27,19,004,37,18,19,8,5,3,29,13,16
27,19,005,10626,5461,5165,2256,1161,1095,8370,4300,4070
27,19,006,378106,197894,180212,232553,121131,111422,145553,76763,68790
27,19,007,2741,1494,1247,479,269,210,2262,1225,1037
27,19,008,87,39,48,1,1,0,86,38,48
27,19,009,803,423,380,345,181,164,458,242,216
27,19,010,202,119,83,84,46,38,118,73,45
27,19,011,2831,1563,1268,361,217,144,2470,1346,1124
27,19,012,10,8,2,0,0,0,10,8,2
27,19,013,2020404,1048992,971412,1384422,714210,670212,635982,334782,301200
27,19,014,447,269,178,208,119,89,239,150,89
27,19,015,422,268,154,146,100,46,276,168,108
27,19,016,3657,1901,1756,204,112,92,3453,1789,1664
27,19,017,6,2,4,0,0,0,6,2,4
27,19,019,4944,2665,2279,397,234,163,4547,2431,2116
27,19,020,2841,1573,1268,737,390,347,2104,1183,921
27,19,021,14719,7620,7099,5403,2773,2630,9316,4847,4469
27,19,022,428976,222025,206951,161071,83064,78007,267905,138961,128944
27,19,023,3,1,2,3,1,2,0,0,0
27,19,028,182,97,85,32,17,15,150,80,70
27,19,030,6833,3402,3431,6307,3116,3191,526,286,240
27,19,031,4,0,4,4,0,4,0,0,0
27,19,040,304,165,139,34,23,11,270,142,128
27,19,044,328,173,155,131,67,64,197,106,91
27,19,045,20,11,9,0,0,0,20,11,9
27,19,048,1,1,0,0,0,0,1,1,0
27,19,053,11207,5746,5461,10816,5541,5275,391,205,186
27,19,054,1,1,0,0,0,0,1,1,0
27,19,055,13,10,3,0,0,0,13,10,3
27,19,059,9,5,4,0,0,0,9,5,4
27,19,061,1,1,0,1,1,0,0,0,0
27,19,063,8,5,3,0,0,0,8,5,3
27,19,070,19,8,11,0,0,0,19,8,11
27,19,072,1811,936,875,1446,744,702,365,192,173
27,19,090,15,6,9,1,1,0,14,5,9
27,19,093,2,1,1,1,1,0,1,0,1
27,19,098,3,3,0,2,2,0,1,1,0
27,19,101,6,6,0,6,6,0,0,0,0
27,19,113,1,1,0,0,0,0,1,1,0
27,19,114,6,5,1,0,0,0,6,5,1
27,19,116,128,66,62,10,4,6,118,62,56
27,19,123,2453,1251,1202,1955,976,979,498,275,223
27,20,001,198,179,19,35,35,0,163,144,19
27,20,002,6885,4469,2416,594,455,139,6291,4014,2277
27,20,003,11,11,0,9,9,0,2,2,0
27,20,004,141,103,38,0,0,0,141,103,38
27,20,005,43699,22629,21070,7559,3911,3648,36140,18718,17422
27,20,006,283787,162774,121013,80397,44686,35711,203390,118088,85302
27,20,007,6143,3541,2602,628,367,261,5515,3174,2341
27,20,008,66,38,28,0,0,0,66,38,28
27,20,009,106988,53963,53025,103445,52038,51407,3543,1925,1618
27,20,010,638,426,212,100,79,21,538,347,191
27,20,011,11795,6917,4878,524,390,134,11271,6527,4744
27,20,012,107,77,30,5,5,0,102,72,30
27,20,013,3567159,1840225,1726934,2378591,1221971,1156620,1188568,618254,570314
27,20,014,2455,1589,866,368,257,111,2087,1332,755
27,20,015,1877,1286,591,306,239,67,1571,1047,524
27,20,016,10379,5943,4436,517,305,212,9862,5638,4224
27,20,017,9,6,3,1,1,0,8,5,3
27,20,018,15,12,3,0,0,0,15,12,3
27,20,019,15501,7995,7506,723,400,323,14778,7595,7183
27,20,020,6475,4000,2475,285,174,111,6190,3826,2364
27,20,021,24786,13121,11665,8403,4315,4088,16383,8806,7577
27,20,022,422975,215938,207037,24044,12356,11688,398931,203582,195349
27,20,023,3,3,0,2,2,0,1,1,0
27,20,025,1,1,0,1,1,0,0,0,0
27,20,028,90,52,38,39,20,19,51,32,19
27,20,030,90997,45656,45341,88272,44235,44037,2725,1421,1304
27,20,031,6,6,0,0,0,0,6,6,0
27,20,037,4,2,2,0,0,0,4,2,2
27,20,039,2,2,0,2,2,0,0,0,0
27,20,040,1270,627,643,101,54,47,1169,573,596
27,20,044,1100,582,518,186,104,82,914,478,436
27,20,045,292,148,144,26,14,12,266,134,132
27,20,048,19,13,6,19,13,6,0,0,0
27,20,053,383642,196315,187327,359111,183799,175312,24531,12516,12015
27,20,054,6,3,3,1,1,0,5,2,3
27,20,055,16,6,10,0,0,0,16,6,10
27,20,065,10,10,0,0,0,0,10,10,0
27,20,067,15,8,7,12,6,6,3,2,1
27,20,068,55,31,24,4,0,4,51,31,20
27,20,071,2,2,0,0,0,0,2,2,0
27,20,072,112,55,57,107,52,55,5,3,2
27,20,073,1,0,1,1,0,1,0,0,0
27,20,075,9,6,3,8,5,3,1,1,0
27,20,082,11,9,2,2,2,0,9,7,2
27,20,087,1,1,0,0,0,0,1,1,0
27,20,090,16,9,7,0,0,0,16,9,7
27,20,091,19,6,13,5,2,3,14,4,10
27,20,092,2,1,1,2,1,1,0,0,0
27,20,093,1,1,0,0,0,0,1,1,0
27,20,095,1,1,0,0,0,0,1,1,0
27,20,098,15,9,6,0,0,0,15,9,6
27,20,099,4,2,2,0,0,0,4,2,2
27,20,101,1,0,1,0,0,0,1,0,1
27,20,114,28,19,9,0,0,0,28,19,9
27,20,115,10,4,6,0,0,0,10,4,6
27,20,116,517,283,234,8,5,3,509,278,231
27,20,123,3429,1797,1632,1797,910,887,1632,887,745
27,21,001,343,247,96,52,47,5,291,200,91
27,21,002,73233,43101,30132,3869,2785,1084,69364,40316,29048
27,21,003,16,14,2,4,3,1,12,11,1
27,21,004,278,197,81,77,72,5,201,125,76
27,21,005,431176,223332,207844,41326,21420,19906,389850,201912,187938
27,21,006,1346816,838347,508469,123897,81364,42533,1222919,756983,465936
27,21,007,123106,65991,57115,5525,3106,2419,117581,62885,54696
27,21,008,1043,588,455,26,20,6,1017,568,449
27,21,009,82282,40799,41483,15549,7679,7870,66733,33120,33613
27,21,010,11721,8533,3188,1126,758,368,10595,7775,2820
27,21,011,147567,80130,67437,4143,2640,1503,143424,77490,65934
27,21,012,154,108,46,9,8,1,145,100,45
27,21,013,4391792,2256368,2135424,1730417,875486,854931,2661375,1380882,1280493
27,21,014,15190,9887,5303,1681,1206,475,13509,8681,4828
27,21,015,21892,15481,6411,3886,3003,883,18006,12478,5528
27,21,016,46398,24394,22004,1304,825,479,45094,23569,21525
27,21,017,61,42,19,9,6,3,52,36,16
27,21,018,48,39,9,13,7,6,35,32,3
27,21,019,226069,114591,111478,1143,656,487,224926,113935,110991
27,21,020,100145,53888,46257,2202,1316,886,97943,52572,45371
27,21,021,151647,81982,69665,7774,4420,3354,143873,77562,66311
27,21,022,638050,359120,278930,26873,14434,12439,611177,344686,266491
27,21,023,97,43,54,0,0,0,97,43,54
27,21,024,45,27,18,3,2,1,42,25,17
27,21,025,2,1,1,0,0,0,2,1,1
27,21,026,4,4,0,1,1,0,3,3,0
27,21,028,222,128,94,27,15,12,195,113,82
27,21,030,234955,115201,119754,231199,113217,117982,3756,1984,1772
27,21,031,6,4,2,0,0,0,6,4,2
27,21,032,18,6,12,0,0,0,18,6,12
27,21,034,3,3,0,0,0,0,3,3,0
27,21,036,4,1,3,0,0,0,4,1,3
27,21,037,107,52,55,31,17,14,76,35,41
27,21,040,16429,8054,8375,1453,708,745,14976,7346,7630
27,21,041,2,2,0,0,0,0,2,2,0
27,21,044,467,253,214,161,88,73,306,165,141
27,21,045,563,274,289,0,0,0,563,274,289
27,21,047,1,1,0,1,1,0,0,0,0
27,21,048,16,12,4,8,4,4,8,8,0
27,21,053,4397,2286,2111,1111,597,514,3286,1689,1597
27,21,054,33,24,9,21,18,3,12,6,6
27,21,055,6,4,2,0,0,0,6,4,2
27,21,059,16,8,8,10,5,5,6,3,3
27,21,061,1,1,0,0,0,0,1,1,0
27,21,062,7,5,2,0,0,0,7,5,2
27,21,063,4,2,2,0,0,0,4,2,2
27,21,065,3,2,1,0,0,0,3,2,1
27,21,067,899,426,473,881,417,464,18,9,9
27,21,072,2605,1279,1326,2565,1257,1308,40,22,18
27,21,075,974,470,504,921,443,478,53,27,26
27,21,082,15,12,3,0,0,0,15,12,3
27,21,085,1,1,0,0,0,0,1,1,0
27,21,086,1,1,0,0,0,0,1,1,0
27,21,087,3,1,2,0,0,0,3,1,2
27,21,090,132,78,54,1,1,0,131,77,54
27,21,091,120,80,40,31,27,4,89,53,36
27,21,092,3,3,0,3,3,0,0,0,0
27,21,093,6,4,2,0,0,0,6,4,2
27,21,096,9,5,4,0,0,0,9,5,4
27,21,097,1,0,1,0,0,0,1,0,1
27,21,098,268,132,136,1,0,1,267,132,135
27,21,099,2,2,0,0,0,0,2,2,0
27,21,101,5,4,1,0,0,0,5,4,1
27,21,102,12,9,3,0,0,0,12,9,3
27,21,113,12,5,7,0,0,0,12,5,7
27,21,114,15,6,9,1,1,0,14,5,9
27,21,115,8,6,2,1,1,0,7,5,2
27,21,116,31594,16858,14736,541,309,232,31053,16549,14504
27,21,118,2,1,1,0,0,0,2,1,1
27,21,119,4,3,1,0,0,0,4,3,1
27,21,120,3,3,0,0,0,0,3,3,0
27,21,123,28720,14781,13939,19499,9730,9769,9221,5051,4170
27,22,001,449,272,177,0,0,0,449,272,177
27,22,002,70363,44833,25530,0,0,0,70363,44833,25530
27,22,003,32,15,17,0,0,0,32,15,17
27,22,004,317,192,125,0,0,0,317,192,125
27,22,005,1041829,530751,511078,0,0,0,1041829,530751,511078
27,22,006,1928821,1192137,736684,0,0,0,1928821,1192137,736684
27,22,007,165571,91040,74531,0,0,0,165571,91040,74531
27,22,008,1799,961,838,0,0,0,1799,961,838
27,22,009,177705,86566,91139,0,0,0,177705,86566,91139
27,22,010,17430,12117,5313,0,0,0,17430,12117,5313
27,22,011,132782,73119,59663,0,0,0,132782,73119,59663
27,22,012,245,172,73,0,0,0,245,172,73
27,22,013,3207567,1678889,1528678,0,0,0,3207567,1678889,1528678
27,22,014,21252,13709,7543,0,0,0,21252,13709,7543
27,22,015,35102,23468,11634,0,0,0,35102,23468,11634
27,22,016,91302,47265,44037,0,0,0,91302,47265,44037
27,22,017,63,33,30,0,0,0,63,33,30
27,22,018,43,24,19,0,0,0,43,24,19
27,22,019,171347,84792,86555,0,0,0,171347,84792,86555
27,22,020,221976,117935,104041,0,0,0,221976,117935,104041
27,22,021,153617,83194,70423,0,0,0,153617,83194,70423
27,22,022,1075076,595574,479502,0,0,0,1075076,595574,479502
27,22,023,73,43,30,0,0,0,73,43,30
27,22,024,37,21,16,0,0,0,37,21,16
27,22,025,7,3,4,0,0,0,7,3,4
27,22,026,1,0,1,0,0,0,1,0,1
27,22,027,2,0,2,0,0,0,2,0,2
27,22,028,521,299,222,0,0,0,521,299,222
27,22,030,5072,2701,2371,0,0,0,5072,2701,2371
27,22,031,26,14,12,0,0,0,26,14,12
27,22,032,4,1,3,0,0,0,4,1,3
27,22,037,66,32,34,0,0,0,66,32,34
27,22,038,2,2,0,0,0,0,2,2,0
27,22,040,49752,24141,25611,0,0,0,49752,24141,25611
27,22,041,1,0,1,0,0,0,1,0,1
27,22,043,1,0,1,0,0,0,1,0,1
27,22,044,269,143,126,0,0,0,269,143,126
27,22,045,56,31,25,0,0,0,56,31,25
27,22,046,2,2,0,0,0,0,2,2,0
27,22,047,4,3,1,0,0,0,4,3,1
27,22,048,13,12,1,0,0,0,13,12,1
27,22,053,2671,1368,1303,0,0,0,2671,1368,1303
27,22,054,27,14,13,0,0,0,27,14,13
27,22,055,64,24,40,0,0,0,64,24,40
27,22,056,2,0,2,0,0,0,2,0,2
27,22,058,16,7,9,0,0,0,16,7,9
27,22,059,16,9,7,0,0,0,16,9,7
27,22,062,5,4,1,0,0,0,5,4,1
27,22,067,35,11,24,0,0,0,35,11,24
27,22,068,21,12,9,0,0,0,21,12,9
27,22,071,10,6,4,0,0,0,10,6,4
27,22,072,193,78,115,0,0,0,193,78,115
27,22,074,9,5,4,0,0,0,9,5,4
27,22,075,253,136,117,0,0,0,253,136,117
27,22,078,6,1,5,0,0,0,6,1,5
27,22,079,1,1,0,0,0,0,1,1,0
27,22,080,4,2,2,0,0,0,4,2,2
27,22,082,30,15,15,0,0,0,30,15,15
27,22,083,16,15,1,0,0,0,16,15,1
27,22,087,2,0,2,0,0,0,2,0,2
27,22,090,183,95,88,0,0,0,183,95,88
27,22,091,28,14,14,0,0,0,28,14,14
27,22,093,1,1,0,0,0,0,1,1,0
27,22,095,14,4,10,0,0,0,14,4,10
27,22,096,2,1,1,0,0,0,2,1,1
27,22,098,216,106,110,0,0,0,216,106,110
27,22,102,2,2,0,0,0,0,2,2,0
27,22,105,48,40,8,0,0,0,48,40,8
27,22,110,26,9,17,0,0,0,26,9,17
27,22,113,9,3,6,0,0,0,9,3,6
27,22,114,56,28,28,0,0,0,56,28,28
27,22,115,4,2,2,0,0,0,4,2,2
27,22,116,54604,29292,25312,0,0,0,54604,29292,25312
27,22,123,11248,5909,5339,0,0,0,11248,5909,5339
27,23,001,137,97,40,0,0,0,137,97,40
27,23,002,34995,27431,7564,0,0,0,34995,27431,7564
27,23,003,4,3,1,0,0,0,4,3,1
27,23,004,214,150,64,0,0,0,214,150,64
27,23,005,392740,199247,193493,0,0,0,392740,199247,193493
27,23,006,653380,414523,238857,0,0,0,653380,414523,238857
27,23,007,45581,25196,20385,0,0,0,45581,25196,20385
27,23,008,269,158,111,0,0,0,269,158,111
27,23,009,56340,27995,28345,0,0,0,56340,27995,28345
27,23,010,2686,2224,462,0,0,0,2686,2224,462
27,23,011,22288,13475,8813,0,0,0,22288,13475,8813
27,23,012,142,76,66,0,0,0,142,76,66
27,23,013,1316992,708188,608804,0,0,0,1316992,708188,608804
27,23,014,6040,3762,2278,0,0,0,6040,3762,2278
27,23,015,6064,4491,1573,0,0,0,6064,4491,1573
27,23,016,25861,13320,12541,0,0,0,25861,13320,12541
27,23,017,9,6,3,0,0,0,9,6,3
27,23,018,6,3,3,0,0,0,6,3,3
27,23,019,45720,22299,23421,0,0,0,45720,22299,23421
27,23,020,100340,55706,44634,0,0,0,100340,55706,44634
27,23,021,87387,46824,40563,0,0,0,87387,46824,40563
27,23,022,512817,298295,214522,0,0,0,512817,298295,214522
27,23,023,82,42,40,0,0,0,82,42,40
27,23,024,24,19,5,0,0,0,24,19,5
27,23,025,7,5,2,0,0,0,7,5,2
27,23,026,2,1,1,0,0,0,2,1,1
27,23,027,1,0,1,0,0,0,1,0,1
27,23,028,405,228,177,0,0,0,405,228,177
27,23,030,905,699,206,0,0,0,905,699,206
27,23,031,2,1,1,0,0,0,2,1,1
27,23,032,13,7,6,0,0,0,13,7,6
27,23,037,6,2,4,0,0,0,6,2,4
27,23,038,7,7,0,0,0,0,7,7,0
27,23,039,10,4,6,0,0,0,10,4,6
27,23,040,14951,7273,7678,0,0,0,14951,7273,7678
27,23,041,2,1,1,0,0,0,2,1,1
27,23,043,10,5,5,0,0,0,10,5,5
27,23,044,376,185,191,0,0,0,376,185,191
27,23,045,30,15,15,0,0,0,30,15,15
27,23,051,4,2,2,0,0,0,4,2,2
27,23,052,10,6,4,0,0,0,10,6,4
27,23,053,445,248,197,0,0,0,445,248,197
27,23,054,6,1,5,0,0,0,6,1,5
27,23,055,16,4,12,0,0,0,16,4,12
27,23,058,9,4,5,0,0,0,9,4,5
27,23,059,6,4,2,0,0,0,6,4,2
27,23,061,1,0,1,0,0,0,1,0,1
27,23,062,4,2,2,0,0,0,4,2,2
27,23,065,3,1,2,0,0,0,3,1,2
27,23,067,3,2,1,0,0,0,3,2,1
27,23,068,4,3,1,0,0,0,4,3,1
27,23,069,1,0,1,0,0,0,1,0,1
27,23,071,12,6,6,0,0,0,12,6,6
27,23,072,29,7,22,0,0,0,29,7,22
27,23,075,30,16,14,0,0,0,30,16,14
27,23,079,4,2,2,0,0,0,4,2,2
27,23,082,19,6,13,0,0,0,19,6,13
27,23,083,1,0,1,0,0,0,1,0,1
27,23,084,1,0,1,0,0,0,1,0,1
27,23,090,13,7,6,0,0,0,13,7,6
27,23,091,1,0,1,0,0,0,1,0,1
27,23,092,15,9,6,0,0,0,15,9,6
27,23,093,9,9,0,0,0,0,9,9,0
27,23,095,4,3,1,0,0,0,4,3,1
27,23,096,4,3,1,0,0,0,4,3,1
27,23,097,1,1,0,0,0,0,1,1,0
27,23,098,107,57,50,0,0,0,107,57,50
27,23,105,1,0,1,0,0,0,1,0,1
27,23,106,1,0,1,0,0,0,1,0,1
27,23,107,12,3,9,0,0,0,12,3,9
27,23,110,16,2,14,0,0,0,16,2,14
27,23,114,59,25,34,0,0,0,59,25,34
27,23,115,6,5,1,0,0,0,6,5,1
27,23,116,5913,3424,2489,0,0,0,5913,3424,2489
27,23,122,3,2,1,0,0,0,3,2,1
27,23,123,4413,2419,1994,0,0,0,4413,2419,1994
27,24,001,298,215,83,101,94,7,197,121,76
27,24,002,6543,4188,2355,2107,1449,658,4436,2739,1697
27,24,003,14,13,1,9,9,0,5,4,1
27,24,004,60,54,6,16,14,2,44,40,4
27,24,005,17561,9050,8511,3995,2097,1898,13566,6953,6613
27,24,006,122976,75859,47117,52305,33616,18689,70671,42243,28428
27,24,007,20735,11348,9387,10535,5777,4758,10200,5571,4629
27,24,008,77,50,27,20,10,10,57,40,17
27,24,009,5498,2751,2747,3050,1532,1518,2448,1219,1229
27,24,010,1289,909,380,317,227,90,972,682,290
27,24,011,11667,6969,4698,3391,2202,1189,8276,4767,3509
27,24,012,70,50,20,16,15,1,54,35,19
27,24,013,1848426,918137,930289,1499430,738036,761394,348996,180101,168895
27,24,014,2157,1544,613,1027,787,240,1130,757,373
27,24,015,3613,2613,1000,1622,1246,376,1991,1367,624
27,24,016,4920,2803,2117,821,548,273,4099,2255,1844
27,24,017,5,3,2,1,1,0,4,2,2
27,24,018,24,23,1,12,11,1,12,12,0
27,24,019,2496,1303,1193,345,196,149,2151,1107,1044
27,24,020,5525,3196,2329,2232,1312,920,3293,1884,1409
27,24,021,14926,7879,7047,7333,3933,3400,7593,3946,3647
27,24,022,134049,65918,68131,81743,39364,42379,52306,26554,25752
27,24,028,28,18,10,15,11,4,13,7,6
27,24,030,174,95,79,67,36,31,107,59,48
27,24,031,39,20,19,38,20,18,1,0,1
27,24,032,4,3,1,0,0,0,4,3,1
27,24,037,2,1,1,0,0,0,2,1,1
27,24,040,496,284,212,234,147,87,262,137,125
27,24,044,194,95,99,66,34,32,128,61,67
27,24,045,20,20,0,0,0,0,20,20,0
27,24,046,4,3,1,0,0,0,4,3,1
27,24,048,7,5,2,0,0,0,7,5,2
27,24,049,3,3,0,0,0,0,3,3,0
27,24,053,532,285,247,330,179,151,202,106,96
27,24,054,3,3,0,1,1,0,2,2,0
27,24,055,9,3,6,0,0,0,9,3,6
27,24,063,10,3,7,0,0,0,10,3,7
27,24,067,85,44,41,85,44,41,0,0,0
27,24,068,11,7,4,11,7,4,0,0,0
27,24,072,52,26,26,30,15,15,22,11,11
27,24,075,3,2,1,0,0,0,3,2,1
27,24,082,13,11,2,4,4,0,9,7,2
27,24,088,2,1,1,2,1,1,0,0,0
27,24,090,5,4,1,0,0,0,5,4,1
27,24,091,59,46,13,34,28,6,25,18,7
27,24,098,2,1,1,2,1,1,0,0,0
27,24,104,2,2,0,0,0,0,2,2,0
27,24,114,1,1,0,0,0,0,1,1,0
27,24,115,3,1,2,0,0,0,3,1,2
27,24,116,903,502,401,154,98,56,749,404,345
27,24,123,2334,1264,1070,1593,863,730,741,401,340
27,25,001,743,547,196,19,16,3,724,531,193
27,25,002,22639,14501,8138,2161,1734,427,20478,12767,7711
27,25,003,35,27,8,3,3,0,32,24,8
27,25,004,463,311,152,14,12,2,449,299,150
27,25,005,85752,44389,41363,7185,3805,3380,78567,40584,37983
27,25,006,689880,387040,302840,102181,57486,44695,587699,329554,258145
27,25,007,118990,63189,55801,14893,8091,6802,104097,55098,48999
27,25,008,1360,697,663,47,27,20,1313,670,643
27,25,009,20195,10102,10093,616,329,287,19579,9773,9806
27,25,010,1266,836,430,114,96,18,1152,740,412
27,25,011,48299,26384,21915,1700,1206,494,46599,25178,21421
27,25,012,629,441,188,14,12,2,615,429,186
27,25,013,5750157,2962501,2787656,2848639,1455054,1393585,2901518,1507447,1394071
27,25,014,9088,5748,3340,1212,865,347,7876,4883,2993
27,25,015,7262,5216,2046,1377,1106,271,5885,4110,1775
27,25,016,28740,16077,12663,772,497,275,27968,15580,12388
27,25,017,45,27,18,0,0,0,45,27,18
27,25,018,102,76,26,18,16,2,84,60,24
27,25,019,43135,21542,21593,1440,773,667,41695,20769,20926
27,25,020,50444,26307,24137,1984,1107,877,48460,25200,23260
27,25,021,153801,79312,74489,27676,14663,13013,126125,64649,61476
27,25,022,170659,88693,81966,15146,8045,7101,155513,80648,74865
27,25,023,34,19,15,1,0,1,33,19,14
27,25,024,1,1,0,0,0,0,1,1,0
27,25,025,2,1,1,0,0,0,2,1,1
27,25,026,17,9,8,0,0,0,17,9,8
27,25,027,16,10,6,0,0,0,16,10,6
27,25,028,452,348,104,4,2,2,448,346,102
27,25,030,3301,1715,1586,1741,914,827,1560,801,759
27,25,031,12,5,7,2,1,1,10,4,6
27,25,032,10,6,4,4,2,2,6,4,2
27,25,033,13,8,5,0,0,0,13,8,5
27,25,034,1,0,1,0,0,0,1,0,1
27,25,036,1,1,0,0,0,0,1,1,0
27,25,037,47,20,27,0,0,0,47,20,27
27,25,038,1,1,0,0,0,0,1,1,0
27,25,039,1,1,0,0,0,0,1,1,0
27,25,040,8738,4199,4539,253,128,125,8485,4071,4414
27,25,041,4,2,2,0,0,0,4,2,2
27,25,043,13,11,2,0,0,0,13,11,2
27,25,044,281,146,135,78,37,41,203,109,94
27,25,045,195,106,89,22,13,9,173,93,80
27,25,047,4,3,1,0,0,0,4,3,1
27,25,048,50,25,25,34,18,16,16,7,9
27,25,049,1,1,0,0,0,0,1,1,0
27,25,051,5,3,2,0,0,0,5,3,2
27,25,052,13,9,4,0,0,0,13,9,4
27,25,053,1651,909,742,863,468,395,788,441,347
27,25,054,12,9,3,1,1,0,11,8,3
27,25,055,86,51,35,4,1,3,82,50,32
27,25,059,46,24,22,0,0,0,46,24,22
27,25,061,1,0,1,0,0,0,1,0,1
27,25,063,40,18,22,0,0,0,40,18,22
27,25,067,183,172,11,168,165,3,15,7,8
27,25,068,80,78,2,70,70,0,10,8,2
27,25,071,17,10,7,0,0,0,17,10,7
27,25,072,69,38,31,0,0,0,69,38,31
27,25,073,7,5,2,0,0,0,7,5,2
27,25,074,2,2,0,0,0,0,2,2,0
27,25,075,14,10,4,0,0,0,14,10,4
27,25,078,1,0,1,0,0,0,1,0,1
27,25,081,2,1,1,0,0,0,2,1,1
27,25,082,236,143,93,1,1,0,235,142,93
27,25,085,1,1,0,0,0,0,1,1,0
27,25,086,1,0,1,0,0,0,1,0,1
27,25,087,5,2,3,0,0,0,5,2,3
27,25,089,1,1,0,0,0,0,1,1,0
27,25,090,29,11,18,16,6,10,13,5,8
27,25,091,55,32,23,25,11,14,30,21,9
27,25,092,2,2,0,0,0,0,2,2,0
27,25,093,18,14,4,0,0,0,18,14,4
27,25,095,5,4,1,0,0,0,5,4,1
27,25,098,452,223,229,0,0,0,452,223,229
27,25,100,1,1,0,0,0,0,1,1,0
27,25,101,10,6,4,0,0,0,10,6,4
27,25,102,3,3,0,0,0,0,3,3,0
27,25,103,11,8,3,0,0,0,11,8,3
27,25,105,4,4,0,4,4,0,0,0,0
27,25,106,8,2,6,3,1,2,5,1,4
27,25,110,42,5,37,0,0,0,42,5,37
27,25,111,6,4,2,0,0,0,6,4,2
27,25,113,13,9,4,0,0,0,13,9,4
27,25,114,143,77,66,26,11,15,117,66,51
27,25,115,11,8,3,0,0,0,11,8,3
27,25,116,4542,2505,2037,120,83,37,4422,2422,2000
27,25,117,3,3,0,0,0,0,3,3,0
27,25,120,1,1,0,0,0,0,1,1,0
27,25,122,10,4,6,0,0,0,10,4,6
27,25,123,7834,4115,3719,1067,583,484,6767,3532,3235
27,26,001,179,152,27,1,1,0,178,151,27
27,26,002,1841,1372,469,486,365,121,1355,1007,348
27,26,003,12,12,0,7,7,0,5,5,0
27,26,004,251,204,47,3,2,1,248,202,46
27,26,005,13220,6906,6314,5365,2725,2640,7855,4181,3674
27,26,006,255011,136425,118586,143388,74328,69060,111623,62097,49526
27,26,007,3810,2166,1644,1977,1077,900,1833,1089,744
27,26,008,73,42,31,19,6,13,54,36,18
27,26,009,519,260,259,243,120,123,276,140,136
27,26,010,97,75,22,65,49,16,32,26,6
27,26,011,2650,1604,1046,604,347,257,2046,1257,789
27,26,012,98,76,22,0,0,0,98,76,22
27,26,013,3568905,1832766,1736139,3005096,1541419,1463677,563809,291347,272462
27,26,014,1071,690,381,427,279,148,644,411,233
27,26,015,698,567,131,210,165,45,488,402,86
27,26,016,8336,4717,3619,1111,606,505,7225,4111,3114
27,26,018,1,1,0,1,1,0,0,0,0
27,26,019,8752,4542,4210,990,558,432,7762,3984,3778
27,26,020,3965,2293,1672,1766,954,812,2199,1339,860
27,26,021,61127,31269,29858,31478,16141,15337,29649,15128,14521
27,26,022,99763,51611,48152,36317,18906,17411,63446,32705,30741
27,26,023,3,3,0,1,1,0,2,2,0
27,26,028,105,46,59,81,35,46,24,11,13
27,26,030,4277,2150,2127,3755,1868,1887,522,282,240
27,26,031,4,4,0,3,3,0,1,1,0
27,26,032,1,1,0,0,0,0,1,1,0
27,26,037,15,11,4,4,2,2,11,9,2
27,26,039,5,5,0,0,0,0,5,5,0
27,26,040,237,131,106,62,33,29,175,98,77
27,26,043,5,5,0,0,0,0,5,5,0
27,26,044,348,189,159,86,44,42,262,145,117
27,26,045,56,30,26,0,0,0,56,30,26
27,26,053,1897,1012,885,1337,726,611,560,286,274
27,26,055,5,3,2,2,2,0,3,1,2
27,26,064,1,1,0,0,0,0,1,1,0
27,26,065,1,1,0,0,0,0,1,1,0
27,26,067,2,1,1,0,0,0,2,1,1
27,26,068,1,0,1,1,0,1,0,0,0
27,26,071,1,1,0,0,0,0,1,1,0
27,26,072,13,8,5,6,2,4,7,6,1
27,26,080,1,1,0,0,0,0,1,1,0
27,26,081,2,2,0,0,0,0,2,2,0
27,26,082,110,73,37,0,0,0,110,73,37
27,26,088,1,1,0,0,0,0,1,1,0
27,26,090,13,5,8,13,5,8,0,0,0
27,26,091,10,6,4,10,6,4,0,0,0
27,26,092,4,4,0,0,0,0,4,4,0
27,26,093,4,3,1,0,0,0,4,3,1
27,26,095,1,1,0,0,0,0,1,1,0
27,26,098,30,10,20,0,0,0,30,10,20
27,26,111,1,1,0,0,0,0,1,1,0
27,26,113,1,1,0,0,0,0,1,1,0
27,26,114,54,26,28,0,0,0,54,26,28
27,26,115,5,5,0,0,0,0,5,5,0
27,26,116,45,29,16,11,7,4,34,22,12
27,26,122,4,3,1,0,0,0,4,3,1
27,26,123,3000,1530,1470,2019,1021,998,981,509,472
27,27,002,293,234,59,163,131,32,130,103,27
27,27,005,2200,1121,1079,918,443,475,1282,678,604
27,27,006,113156,59102,54054,81795,42683,39112,31361,16419,14942
27,27,007,649,343,306,315,164,151,334,179,155
27,27,008,4,1,3,0,0,0,4,1,3
27,27,009,56,33,23,34,24,10,22,9,13
27,27,011,280,163,117,70,40,30,210,123,87
27,27,013,1820540,939938,880602,1574625,811712,762913,245915,128226,117689
27,27,014,135,87,48,90,48,42,45,39,6
27,27,015,21,13,8,9,5,4,12,8,4
27,27,016,248,138,110,91,48,43,157,90,67
27,27,019,1119,601,518,305,170,135,814,431,383
27,27,020,2540,1324,1216,1963,1012,951,577,312,265
27,27,021,12274,6338,5936,8970,4604,4366,3304,1734,1570
27,27,022,202955,104421,98534,100213,51570,48643,102742,52851,49891
27,27,028,7,6,1,3,2,1,4,4,0
27,27,030,2087,1052,1035,2075,1049,1026,12,3,9
27,27,040,9,5,4,4,2,2,5,3,2
27,27,044,241,129,112,236,126,110,5,3,2
27,27,053,157,80,77,140,70,70,17,10,7
27,27,055,1,0,1,1,0,1,0,0,0
27,27,063,4,1,3,4,1,3,0,0,0
27,27,075,1862,1018,844,1852,1013,839,10,5,5
27,27,082,1,1,0,0,0,0,1,1,0
27,27,087,1,1,0,0,0,0,1,1,0
27,27,098,63,31,32,0,0,0,63,31,32
27,27,116,20,19,1,18,18,0,2,1,1
27,27,123,327,156,171,286,136,150,41,20,21
27,28,002,303,244,59,124,109,15,179,135,44
27,28,005,2158,1129,1029,704,364,340,1454,765,689
27,28,006,177093,91629,85464,124627,64300,60327,52466,27329,25137
27,28,007,20346,10156,10190,13207,6531,6676,7139,3625,3514
27,28,008,4,4,0,4,4,0,0,0,0
27,28,009,53,27,26,22,14,8,31,13,18
27,28,010,6,4,2,1,1,0,5,3,2
27,28,011,240,135,105,83,52,31,157,83,74
27,28,012,5,5,0,0,0,0,5,5,0
27,28,013,1692533,874957,817576,1358395,700611,657784,334138,174346,159792
27,28,014,37,30,7,16,11,5,21,19,2
27,28,015,146,116,30,81,59,22,65,57,8
27,28,016,120,71,49,37,26,11,83,45,38
27,28,019,766,416,350,192,112,80,574,304,270
27,28,020,1852,987,865,1170,609,561,682,378,304
27,28,021,23103,11857,11246,16807,8561,8246,6296,3296,3000
27,28,022,158746,82065,76681,72446,36974,35472,86300,45091,41209
27,28,028,226,118,108,104,58,46,122,60,62
27,28,030,64,30,34,44,24,20,20,6,14
27,28,040,23,13,10,4,3,1,19,10,9
27,28,044,1349,701,648,1216,626,590,133,75,58
27,28,045,2,1,1,0,0,0,2,1,1
27,28,053,5,1,4,3,1,2,2,0,2
27,28,055,11,11,0,0,0,0,11,11,0
27,28,067,3,0,3,0,0,0,3,0,3
27,28,075,49,28,21,49,28,21,0,0,0
27,28,095,1,1,0,1,1,0,0,0,0
27,28,098,35,15,20,35,15,20,0,0,0
27,28,114,9,6,3,9,6,3,0,0,0
27,28,116,11,5,6,0,0,0,11,5,6
27,28,123,986,495,491,643,313,330,343,182,161
27,29,002,160,124,36,99,83,16,61,41,20
27,29,004,1,0,1,0,0,0,1,0,1
27,29,005,1930,978,952,1243,628,615,687,350,337
27,29,006,101206,52476,48730,81396,42219,39177,19810,10257,9553
27,29,007,22560,11425,11135,17158,8661,8497,5402,2764,2638
27,29,008,10,5,5,0,0,0,10,5,5
27,29,009,60,35,25,47,27,20,13,8,5
27,29,011,66,37,29,13,11,2,53,26,27
27,29,013,1254758,650021,604737,1093023,565738,527285,161735,84283,77452
27,29,014,34,26,8,12,11,1,22,15,7
27,29,015,38,21,17,6,4,2,32,17,15
27,29,016,70,44,26,7,7,0,63,37,26
27,29,019,310,173,137,104,59,45,206,114,92
27,29,020,788,412,376,570,296,274,218,116,102
27,29,021,17346,8961,8385,13294,6842,6452,4052,2119,1933
27,29,022,80586,41219,39367,40691,20798,19893,39895,20421,19474
27,29,028,54,51,3,50,48,2,4,3,1
27,29,030,5401,2734,2667,4481,2262,2219,920,472,448
27,29,040,3,2,1,1,0,1,2,2,0
27,29,044,398,218,180,398,218,180,0,0,0
27,29,045,2,1,1,0,0,0,2,1,1
27,29,053,11,7,4,11,7,4,0,0,0
27,29,072,21,11,10,21,11,10,0,0,0
27,29,082,1,0,1,0,0,0,1,0,1
27,29,114,24,11,13,24,11,13,0,0,0
27,29,116,25,18,7,9,6,3,16,12,4
27,29,123,723,358,365,672,329,343,51,29,22
27,30,002,278,204,74,154,131,23,124,73,51
27,30,005,10900,5603,5297,3251,1660,1591,7649,3943,3706
27,30,006,234395,121362,113033,140242,72641,67601,94153,48721,45432
27,30,007,390937,200376,190561,251140,129149,121991,139797,71227,68570
27,30,008,11,9,2,2,2,0,9,7,2
27,30,009,1426,774,652,421,248,173,1005,526,479
27,30,011,527,293,234,145,95,50,382,198,184
27,30,013,2777560,1441062,1336498,2149574,1118381,1031193,627986,322681,305305
27,30,014,125,71,54,40,25,15,85,46,39
27,30,015,179,123,56,93,76,17,86,47,39
27,30,016,600,301,299,76,46,30,524,255,269
27,30,017,4,2,2,1,1,0,3,1,2
27,30,018,3,2,1,0,0,0,3,2,1
27,30,019,2445,1288,1157,224,133,91,2221,1155,1066
27,30,020,3208,1690,1518,1352,712,640,1856,978,878
27,30,021,204613,102900,101713,20607,10710,9897,184006,92190,91816
27,30,022,214365,109359,105006,51344,26396,24948,163021,82963,80058
27,30,028,91,52,39,74,43,31,17,9,8
27,30,030,3313,1820,1493,3018,1657,1361,295,163,132
27,30,040,164,73,91,18,6,12,146,67,79
27,30,044,84,44,40,18,9,9,66,35,31
27,30,045,3,2,1,0,0,0,3,2,1
27,30,053,196,110,86,154,82,72,42,28,14
27,30,072,11,7,4,11,7,4,0,0,0
27,30,075,15,9,6,15,9,6,0,0,0
27,30,082,1,1,0,1,1,0,0,0,0
27,30,098,4,3,1,0,0,0,4,3,1
27,30,105,5,2,3,0,0,0,5,2,3
27,30,114,33,18,15,33,18,15,0,0,0
27,30,116,61,32,29,8,3,5,53,29,24
27,30,123,3986,2031,1955,2243,1149,1094,1743,882,861
27,31,002,741,617,124,507,447,60,234,170,64
27,31,005,13059,6997,6062,7025,3576,3449,6034,3421,2613
27,31,006,121032,63807,57225,84126,43942,40184,36906,19865,17041
27,31,007,29031,15224,13807,22308,11700,10608,6723,3524,3199
27,31,008,15,8,7,0,0,0,15,8,7
27,31,009,866,426,440,441,242,199,425,184,241
27,31,010,19,17,2,19,17,2,0,0,0
27,31,011,1461,987,474,757,535,222,704,452,252
27,31,012,20,11,9,0,0,0,20,11,9
27,31,013,2584258,1288974,1295284,2261492,1122651,1138841,322766,166323,156443
27,31,014,268,180,88,169,117,52,99,63,36
27,31,015,2098,1350,748,1950,1268,682,148,82,66
27,31,016,437,254,183,142,92,50,295,162,133
27,31,018,7,5,2,7,5,2,0,0,0
27,31,019,1259,703,556,443,238,205,816,465,351
27,31,020,1188,685,503,707,419,288,481,266,215
27,31,021,20237,11009,9228,15543,8556,6987,4694,2453,2241
27,31,022,28713,14854,13859,11753,6230,5523,16960,8624,8336
27,31,028,54,44,10,22,15,7,32,29,3
27,31,030,318,155,163,254,120,134,64,35,29
27,31,037,2,2,0,1,1,0,1,1,0
27,31,040,248,123,125,32,15,17,216,108,108
27,31,044,27,16,11,24,15,9,3,1,2
27,31,045,9,5,4,0,0,0,9,5,4
27,31,053,79,32,47,61,22,39,18,10,8
27,31,055,1,1,0,1,1,0,0,0,0
27,31,064,1,0,1,0,0,0,1,0,1
27,31,072,73,47,26,73,47,26,0,0,0
27,31,082,2,1,1,0,0,0,2,1,1
27,31,092,1,0,1,0,0,0,1,0,1
27,31,098,24,13,11,12,6,6,12,7,5
27,31,105,5,3,2,0,0,0,5,3,2
27,31,106,1,1,0,0,0,0,1,1,0
27,31,110,1,1,0,0,0,0,1,1,0
27,31,114,32,18,14,19,11,8,13,7,6
27,31,116,130,79,51,78,47,31,52,32,20
27,31,123,3277,1677,1600,2907,1482,1425,370,195,175
27,32,001,2,2,0,0,0,0,2,2,0
27,32,002,2168,1823,345,1851,1600,251,317,223,94
27,32,003,4,4,0,0,0,0,4,4,0
27,32,004,7,4,3,7,4,3,0,0,0
27,32,005,4561,2431,2130,2424,1323,1101,2137,1108,1029
27,32,006,40369,23880,16489,31291,18540,12751,9078,5340,3738
27,32,007,22231,12983,9248,16619,9368,7251,5612,3615,1997
27,32,008,26,17,9,21,13,8,5,4,1
27,32,009,15932,7214,8718,10247,4583,5664,5685,2631,3054
27,32,010,88,76,12,58,52,6,30,24,6
27,32,011,2351,1633,718,1350,1044,306,1001,589,412
27,32,012,8,8,0,8,8,0,0,0,0
27,32,013,1476805,680787,796018,1341086,611416,729670,135719,69371,66348
27,32,014,687,640,47,629,590,39,58,50,8
27,32,015,901,862,39,713,682,31,188,180,8
27,32,016,548,479,69,504,452,52,44,27,17
27,32,017,6,3,3,1,1,0,5,2,3
27,32,018,7,7,0,7,7,0,0,0,0
27,32,019,506,268,238,141,85,56,365,183,182
27,32,020,892,646,246,547,414,133,345,232,113
27,32,021,8008,4331,3677,5538,3027,2511,2470,1304,1166
27,32,022,119349,55542,63807,90404,41683,48721,28945,13859,15086
27,32,023,1,1,0,1,1,0,0,0,0
27,32,024,1,1,0,1,1,0,0,0,0
27,32,026,4,4,0,0,0,0,4,4,0
27,32,028,14,9,5,11,7,4,3,2,1
27,32,030,227,108,119,209,98,111,18,10,8
27,32,040,272,224,48,245,211,34,27,13,14
27,32,044,8,4,4,3,2,1,5,2,3
27,32,045,5,2,3,0,0,0,5,2,3
27,32,053,107,56,51,84,41,43,23,15,8
27,32,059,4,2,2,4,2,2,0,0,0
27,32,068,23,11,12,0,0,0,23,11,12
27,32,072,3,3,0,3,3,0,0,0,0
27,32,090,1,1,0,1,1,0,0,0,0
27,32,091,36,21,15,36,21,15,0,0,0
27,32,093,1,1,0,0,0,0,1,1,0
27,32,116,118,99,19,92,88,4,26,11,15
27,32,120,2,2,0,0,0,0,2,2,0
27,32,123,494,309,185,432,267,165,62,42,20
27,33,002,207,176,31,143,118,25,64,58,6
27,33,005,1390,712,678,1114,568,546,276,144,132
27,33,006,18940,10117,8823,15014,7916,7098,3926,2201,1725
27,33,007,12003,6662,5341,9936,5497,4439,2067,1165,902
27,33,009,52227,24538,27689,42709,19855,22854,9518,4683,4835
27,33,011,1017,712,305,760,530,230,257,182,75
27,33,013,767726,367158,400568,705529,336075,369454,62197,31083,31114
27,33,014,83,59,24,59,43,16,24,16,8
27,33,015,281,239,42,259,225,34,22,14,8
27,33,016,90,64,26,64,45,19,26,19,7
27,33,019,169,94,75,59,40,19,110,54,56
27,33,020,452,277,175,325,200,125,127,77,50
27,33,021,2200,1196,1004,1939,1055,884,261,141,120
27,33,022,11532,5631,5901,8165,3893,4272,3367,1738,1629
27,33,024,4,2,2,4,2,2,0,0,0
27,33,028,3,2,1,3,2,1,0,0,0
27,33,030,72,35,37,51,26,25,21,9,12
27,33,040,14,10,4,10,8,2,4,2,2
27,33,053,45,25,20,27,14,13,18,11,7
27,33,072,195,82,113,195,82,113,0,0,0
27,33,116,42,28,14,22,12,10,20,16,4
27,33,123,133,71,62,119,66,53,14,5,9
27,34,001,2,2,0,1,1,0,1,1,0
27,34,002,792,583,209,251,209,42,541,374,167
27,34,004,11,6,5,1,1,0,10,5,5
27,34,005,15500,7904,7596,4648,2400,2248,10852,5504,5348
27,34,006,126396,67628,58768,49811,26351,23460,76585,41277,35308
27,34,007,100270,50983,49287,70080,35437,34643,30190,15546,14644
27,34,008,59,37,22,31,25,6,28,12,16
27,34,009,4248,2104,2144,1784,852,932,2464,1252,1212
27,34,010,175,133,42,51,40,11,124,93,31
27,34,011,1656,1116,540,483,356,127,1173,760,413
27,34,012,8,5,3,0,0,0,8,5,3
27,34,013,3099517,1586694,1512823,2278447,1159847,1118600,821070,426847,394223
27,34,014,417,265,152,248,156,92,169,109,60
27,34,015,310,205,105,146,106,40,164,99,65
27,34,016,480,278,202,85,65,20,395,213,182
27,34,018,1,1,0,0,0,0,1,1,0
27,34,019,15725,8296,7429,2141,1143,998,13584,7153,6431
27,34,020,2387,1430,957,833,485,348,1554,945,609
27,34,021,24495,12612,11883,11597,6018,5579,12898,6594,6304
27,34,022,120596,61911,58685,48445,24799,23646,72151,37112,35039
27,34,023,5,3,2,0,0,0,5,3,2
27,34,026,1,1,0,1,1,0,0,0,0
27,34,028,51,25,26,32,16,16,19,9,10
27,34,030,570,290,280,99,53,46,471,237,234
27,34,040,175,93,82,18,10,8,157,83,74
27,34,044,3,2,1,0,0,0,3,2,1
27,34,045,14,9,5,4,3,1,10,6,4
27,34,053,110,66,44,85,52,33,25,14,11
27,34,062,33,18,15,0,0,0,33,18,15
27,34,063,6,2,4,0,0,0,6,2,4
27,34,067,33,32,1,29,29,0,4,3,1
27,34,068,350,188,162,111,57,54,239,131,108
27,34,072,5,1,4,5,1,4,0,0,0
27,34,081,1,1,0,1,1,0,0,0,0
27,34,090,1,1,0,1,1,0,0,0,0
27,34,091,3,3,0,3,3,0,0,0,0
27,34,093,1,1,0,0,0,0,1,1,0
27,34,098,89,41,48,0,0,0,89,41,48
27,34,101,4,2,2,0,0,0,4,2,2
27,34,114,13,8,5,0,0,0,13,8,5
27,34,116,455,269,186,49,36,13,406,233,173
27,34,123,8194,4221,3973,3288,1685,1603,4906,2536,2370
27,35,001,3,1,2,0,0,0,3,1,2
27,35,002,682,555,127,317,281,36,365,274,91
27,35,003,4,3,1,0,0,0,4,3,1
27,35,004,1,1,0,0,0,0,1,1,0
27,35,005,10974,5640,5334,2445,1270,1175,8529,4370,4159
27,35,006,90240,47660,42580,53674,28198,25476,36566,19462,17104
27,35,007,143830,73379,70451,121587,62221,59366,22243,11158,11085
27,35,008,45,28,17,28,17,11,17,11,6
27,35,009,838,438,400,89,58,31,749,380,369
27,35,010,12,10,2,1,1,0,11,9,2
27,35,011,1605,989,616,607,473,134,998,516,482
27,35,013,2192122,1117717,1074405,1721108,875463,845645,471014,242254,228760
27,35,014,199,142,57,118,90,28,81,52,29
27,35,015,590,487,103,456,412,44,134,75,59
27,35,016,532,296,236,32,28,4,500,268,232
27,35,018,23,19,4,23,19,4,0,0,0
27,35,019,3954,2063,1891,126,64,62,3828,1999,1829
27,35,020,2591,1429,1162,905,504,401,1686,925,761
27,35,021,21886,11359,10527,12805,6727,6078,9081,4632,4449
27,35,022,106568,54378,52190,31701,16145,15556,74867,38233,36634
27,35,028,15,8,7,7,4,3,8,4,4
27,35,030,689,345,344,570,289,281,119,56,63
27,35,040,135,75,60,14,9,5,121,66,55
27,35,044,14,8,6,9,4,5,5,4,1
27,35,045,3,2,1,1,1,0,2,1,1
27,35,053,55,31,24,16,9,7,39,22,17
27,35,054,2,2,0,2,2,0,0,0,0
27,35,055,8,8,0,0,0,0,8,8,0
27,35,067,10,4,6,10,4,6,0,0,0
27,35,072,2,2,0,2,2,0,0,0,0
27,35,082,1,1,0,0,0,0,1,1,0
27,35,090,1,1,0,1,1,0,0,0,0
27,35,091,2,2,0,2,2,0,0,0,0
27,35,098,7,2,5,0,0,0,7,2,5
27,35,101,1,1,0,1,1,0,0,0,0
27,35,114,14,9,5,0,0,0,14,9,5
27,35,116,567,308,259,7,6,1,560,302,258
27,35,123,5299,2685,2614,3642,1850,1792,1657,835,822
28,01,001,3,3,0,1,1,0,2,2,0
28,01,002,16028,8204,7824,14596,7445,7151,1432,759,673
28,01,004,3,3,0,3,3,0,0,0,0
28,01,005,2566,1303,1263,807,416,391,1759,887,872
28,01,006,142578,73500,69078,120355,61855,58500,22223,11645,10578
28,01,007,3133,1589,1544,2793,1410,1383,340,179,161
28,01,008,8,4,4,0,0,0,8,4,4
28,01,009,4,3,1,3,2,1,1,1,0
28,01,010,23,10,13,0,0,0,23,10,13
28,01,011,1310,637,673,250,88,162,1060,549,511
28,01,012,1,1,0,0,0,0,1,1,0
28,01,013,329470,165969,163501,290684,146425,144259,38786,19544,19242
28,01,014,227,132,95,68,42,26,159,90,69
28,01,015,1709,933,776,766,422,344,943,511,432
28,01,016,696,366,330,111,60,51,585,306,279
28,01,017,147,74,73,13,8,5,134,66,68
28,01,019,191,93,98,58,30,28,133,63,70
28,01,020,3864,2074,1790,1874,1000,874,1990,1074,916
28,01,021,1538600,771476,767124,1082656,539547,543109,455944,231929,224015
28,01,022,222762,112759,110003,92036,46297,45739,130726,66462,64264
28,01,028,5,3,2,2,2,0,3,1,2
28,01,030,52,32,20,52,32,20,0,0,0
28,01,040,106,56,50,49,28,21,57,28,29
28,01,041,4,2,2,4,2,2,0,0,0
28,01,044,174649,86680,87969,171946,85456,86490,2703,1224,1479
28,01,049,4,3,1,0,0,0,4,3,1
28,01,054,5,2,3,5,2,3,0,0,0
28,01,063,31489,15841,15648,31247,15675,15572,242,166,76
28,01,069,13181,6638,6543,12957,6519,6438,224,119,105
28,01,072,11,5,6,0,0,0,11,5,6
28,01,075,4010,1996,2014,4010,1996,2014,0,0,0
28,01,082,21,9,12,0,0,0,21,9,12
28,01,087,1,1,0,0,0,0,1,1,0
28,01,090,1,1,0,0,0,0,1,1,0
28,01,105,16,5,11,16,5,11,0,0,0
28,01,108,7,5,2,0,0,0,7,5,2
28,01,116,4,1,3,2,1,1,2,0,2
28,01,123,1114,545,569,622,298,324,492,247,245
28,02,001,1,1,0,1,1,0,0,0,0
28,02,002,124,79,45,38,30,8,86,49,37
28,02,005,4075,2123,1952,1360,723,637,2715,1400,1315
28,02,006,164279,83052,81227,153612,77413,76199,10667,5639,5028
28,02,007,39099,19721,19378,37826,19085,18741,1273,636,637
28,02,009,6,4,2,1,1,0,5,3,2
28,02,010,9,5,4,0,0,0,9,5,4
28,02,011,417,176,241,205,91,114,212,85,127
28,02,012,1,1,0,1,1,0,0,0,0
28,02,013,63136,31733,31403,47544,23759,23785,15592,7974,7618
28,02,014,107,59,48,88,47,41,19,12,7
28,02,015,556,298,258,378,194,184,178,104,74
28,02,016,642,333,309,356,196,160,286,137,149
28,02,017,33,23,10,20,16,4,13,7,6
28,02,018,2,1,1,0,0,0,2,1,1
28,02,019,235,121,114,6,3,3,229,118,111
28,02,020,3886,2054,1832,3231,1699,1532,655,355,300
28,02,021,1734467,853558,880909,1490585,731029,759556,243882,122529,121353
28,02,022,330883,167684,163199,182280,91766,90514,148603,75918,72685
28,02,023,8,4,4,8,4,4,0,0,0
28,02,028,24,16,8,14,11,3,10,5,5
28,02,030,7,5,2,7,5,2,0,0,0
28,02,040,73,39,34,34,20,14,39,19,20
28,02,044,1357,681,676,1263,632,631,94,49,45
28,02,065,5,2,3,5,2,3,0,0,0
28,02,069,2,2,0,1,1,0,1,1,0
28,02,090,1,1,0,1,1,0,0,0,0
28,02,116,8,6,2,1,1,0,7,5,2
28,02,123,2242,1123,1119,2081,1042,1039,161,81,80
28,03,001,5,4,1,4,3,1,1,1,0
28,03,002,365,210,155,59,39,20,306,171,135
28,03,004,3,2,1,3,2,1,0,0,0
28,03,005,1020,551,469,380,222,158,640,329,311
28,03,006,57555,29503,28052,48059,24521,23538,9496,4982,4514
28,03,007,924,533,391,523,294,229,401,239,162
28,03,008,2,2,0,2,2,0,0,0,0
28,03,009,91,48,43,82,44,38,9,4,5
28,03,010,7,4,3,0,0,0,7,4,3
28,03,011,1061,495,566,301,113,188,760,382,378
28,03,013,6886,3398,3488,4798,2324,2474,2088,1074,1014
28,03,014,166,111,55,82,54,28,84,57,27
28,03,015,8067,4591,3476,4405,2498,1907,3662,2093,1569
28,03,016,1085,579,506,168,96,72,917,483,434
28,03,017,78,38,40,28,15,13,50,23,27
28,03,019,299,158,141,2,1,1,297,157,140
28,03,020,8365,4326,4039,6250,3179,3071,2115,1147,968
28,03,021,3206617,1602804,1603813,2655671,1322669,1333002,550946,280135,270811
28,03,022,196529,99303,97226,89837,45057,44780,106692,54246,52446
28,03,028,21,9,12,20,9,11,1,0,1
28,03,030,63,32,31,3,2,1,60,30,30
28,03,039,1,1,0,0,0,0,1,1,0
28,03,040,70,25,45,13,0,13,57,25,32
28,03,044,2288,1114,1174,2138,1042,1096,150,72,78
28,03,069,88,47,41,57,30,27,31,17,14
28,03,116,2,1,1,0,0,0,2,1,1
28,03,123,164,79,85,125,63,62,39,16,23
28,04,001,46,34,12,15,10,5,31,24,7
28,04,002,706,440,266,134,83,51,572,357,215
28,04,004,22,13,9,9,7,2,13,6,7
28,04,005,1522,793,729,712,369,343,810,424,386
28,04,006,129451,67102,62349,119322,61403,57919,10129,5699,4430
28,04,007,54020,27375,26645,49387,25045,24342,4633,2330,2303
28,04,009,34,13,21,13,4,9,21,9,12
28,04,010,21,9,12,4,2,2,17,7,10
28,04,011,2123,1096,1027,401,199,202,1722,897,825
28,04,012,3,2,1,3,2,1,0,0,0
28,04,013,22445,11463,10982,18687,9506,9181,3758,1957,1801
28,04,014,546,350,196,205,140,65,341,210,131
28,04,015,8341,4804,3537,6284,3383,2901,2057,1421,636
28,04,016,565,318,247,129,82,47,436,236,200
28,04,017,153,143,10,148,140,8,5,3,2
28,04,018,3,2,1,1,1,0,2,1,1
28,04,019,17,11,6,10,5,5,7,6,1
28,04,020,6182,3229,2953,3995,2065,1930,2187,1164,1023
28,04,021,2149844,1084676,1065168,1880823,947529,933294,269021,137147,131874
28,04,022,290279,148655,141624,203317,103934,99383,86962,44721,42241
28,04,028,15,9,6,13,7,6,2,2,0
28,04,030,87,44,43,83,42,41,4,2,2
28,04,040,94,53,41,27,17,10,67,36,31
28,04,044,3187,1612,1575,2575,1303,1272,612,309,303
28,04,049,4,3,1,0,0,0,4,3,1
28,04,053,4,2,2,0,0,0,4,2,2
28,04,062,7,5,2,0,0,0,7,5,2
28,04,069,23,9,14,19,8,11,4,1,3
28,04,072,6,2,4,1,0,1,5,2,3
28,04,075,2,0,2,1,0,1,1,0,1
28,04,095,7,4,3,0,0,0,7,4,3
28,04,105,12,5,7,6,1,5,6,4,2
28,04,108,4,2,2,0,0,0,4,2,2
28,04,114,2,2,0,2,2,0,0,0,0
28,04,116,25,13,12,10,5,5,15,8,7
28,04,123,295,153,142,237,124,113,58,29,29
28,05,001,322,231,91,0,0,0,322,231,91
28,05,002,7592,4548,3044,0,0,0,7592,4548,3044
28,05,003,10,6,4,0,0,0,10,6,4
28,05,004,303,237,66,0,0,0,303,237,66
28,05,005,23260,11768,11492,0,0,0,23260,11768,11492
28,05,006,243518,129122,114396,0,0,0,243518,129122,114396
28,05,007,35242,18182,17060,0,0,0,35242,18182,17060
28,05,008,221,115,106,0,0,0,221,115,106
28,05,009,1717,790,927,0,0,0,1717,790,927
28,05,010,90,53,37,0,0,0,90,53,37
28,05,011,14449,6981,7468,0,0,0,14449,6981,7468
28,05,012,77,52,25,0,0,0,77,52,25
28,05,013,66739,34575,32164,0,0,0,66739,34575,32164
28,05,014,1553,920,633,0,0,0,1553,920,633
28,05,015,7658,4588,3070,0,0,0,7658,4588,3070
28,05,016,12064,6877,5187,0,0,0,12064,6877,5187
28,05,017,133,68,65,0,0,0,133,68,65
28,05,018,11,7,4,0,0,0,11,7,4
28,05,019,7422,3704,3718,0,0,0,7422,3704,3718
28,05,020,57298,29011,28287,0,0,0,57298,29011,28287
28,05,021,1779845,915529,864316,0,0,0,1779845,915529,864316
28,05,022,1560108,808572,751536,0,0,0,1560108,808572,751536
28,05,026,1,0,1,0,0,0,1,0,1
28,05,028,326,241,85,0,0,0,326,241,85
28,05,030,447,228,219,0,0,0,447,228,219
28,05,037,50,24,26,0,0,0,50,24,26
28,05,040,4990,2479,2511,0,0,0,4990,2479,2511
28,05,043,3,2,1,0,0,0,3,2,1
28,05,044,1320,708,612,0,0,0,1320,708,612
28,05,045,1,0,1,0,0,0,1,0,1
28,05,046,6,2,4,0,0,0,6,2,4
28,05,047,6,2,4,0,0,0,6,2,4
28,05,051,7,4,3,0,0,0,7,4,3
28,05,054,4,2,2,0,0,0,4,2,2
28,05,055,1,1,0,0,0,0,1,1,0
28,05,059,3,0,3,0,0,0,3,0,3
28,05,061,1,1,0,0,0,0,1,1,0
28,05,065,10,7,3,0,0,0,10,7,3
28,05,067,1,1,0,0,0,0,1,1,0
28,05,069,24,17,7,0,0,0,24,17,7
28,05,071,5,3,2,0,0,0,5,3,2
28,05,072,10,8,2,0,0,0,10,8,2
28,05,074,18,10,8,0,0,0,18,10,8
28,05,075,9,6,3,0,0,0,9,6,3
28,05,079,2,2,0,0,0,0,2,2,0
28,05,082,27,20,7,0,0,0,27,20,7
28,05,085,5,2,3,0,0,0,5,2,3
28,05,090,25,22,3,0,0,0,25,22,3
28,05,095,1,0,1,0,0,0,1,0,1
28,05,098,126,60,66,0,0,0,126,60,66
28,05,101,2,1,1,0,0,0,2,1,1
28,05,105,4,3,1,0,0,0,4,3,1
28,05,113,4,2,2,0,0,0,4,2,2
28,05,114,11,5,6,0,0,0,11,5,6
28,05,115,1,1,0,0,0,0,1,1,0
28,05,116,218,99,119,0,0,0,218,99,119
28,05,123,2452,1274,1178,0,0,0,2452,1274,1178
28,06,001,117,71,46,43,25,18,74,46,28
28,06,002,5570,3067,2503,699,408,291,4871,2659,2212
28,06,003,4,1,3,2,0,2,2,1,1
28,06,004,45,19,26,14,8,6,31,11,20
28,06,005,5227,2712,2515,616,321,295,4611,2391,2220
28,06,006,199239,105247,93992,120388,62425,57963,78851,42822,36029
28,06,007,26092,13240,12852,4146,1984,2162,21946,11256,10690
28,06,008,86,50,36,13,9,4,73,41,32
28,06,009,581,298,283,27,13,14,554,285,269
28,06,010,333,184,149,66,36,30,267,148,119
28,06,011,16904,8794,8110,1380,662,718,15524,8132,7392
28,06,012,40,25,15,26,18,8,14,7,7
28,06,013,39283,20444,18839,8214,4149,4065,31069,16295,14774
28,06,014,1743,1019,724,476,293,183,1267,726,541
28,06,015,16718,9667,7051,9663,5175,4488,7055,4492,2563
28,06,016,4014,2108,1906,522,285,237,3492,1823,1669
28,06,017,366,266,100,249,193,56,117,73,44
28,06,018,6,5,1,0,0,0,6,5,1
28,06,019,465,233,232,18,10,8,447,223,224
28,06,020,45922,23299,22623,6544,3369,3175,39378,19930,19448
28,06,021,2812553,1442739,1369814,1350576,687102,663474,1461977,755637,706340
28,06,022,395744,203685,192059,132656,67604,65052,263088,136081,127007
28,06,027,4,2,2,0,0,0,4,2,2
28,06,028,39,16,23,11,4,7,28,12,16
28,06,030,474,240,234,95,48,47,379,192,187
28,06,037,10,7,3,3,3,0,7,4,3
28,06,040,1581,771,810,53,31,22,1528,740,788
28,06,044,621,351,270,218,129,89,403,222,181
28,06,045,7,6,1,3,3,0,4,3,1
28,06,049,13,11,2,13,11,2,0,0,0
28,06,054,3,0,3,3,0,3,0,0,0
28,06,055,1,0,1,0,0,0,1,0,1
28,06,058,1,1,0,0,0,0,1,1,0
28,06,059,2,0,2,0,0,0,2,0,2
28,06,065,5,2,3,0,0,0,5,2,3
28,06,069,229,115,114,207,108,99,22,7,15
28,06,071,7,4,3,7,4,3,0,0,0
28,06,072,9,6,3,0,0,0,9,6,3
28,06,073,2,1,1,0,0,0,2,1,1
28,06,074,5,2,3,5,2,3,0,0,0
28,06,080,2,2,0,2,2,0,0,0,0
28,06,090,4,2,2,4,2,2,0,0,0
28,06,098,1,1,0,0,0,0,1,1,0
28,06,105,46,23,23,46,23,23,0,0,0
28,06,110,5,3,2,0,0,0,5,3,2
28,06,113,17,8,9,0,0,0,17,8,9
28,06,114,6,3,3,6,3,3,0,0,0
28,06,116,79,39,40,9,5,4,70,34,36
28,06,123,839,438,401,204,112,92,635,326,309
28,07,002,87,58,29,56,39,17,31,19,12
28,07,004,1,1,0,1,1,0,0,0,0
28,07,005,970,482,488,204,108,96,766,374,392
28,07,006,256921,132167,124754,250125,128516,121609,6796,3651,3145
28,07,007,34681,16979,17702,30312,14835,15477,4369,2144,2225
28,07,008,1,1,0,1,1,0,0,0,0
28,07,009,2,1,1,2,1,1,0,0,0
28,07,010,1,1,0,1,1,0,0,0,0
28,07,011,349,216,133,221,144,77,128,72,56
28,07,013,10670,5329,5341,4614,2276,2338,6056,3053,3003
28,07,014,120,72,48,90,57,33,30,15,15
28,07,015,1958,1295,663,1571,1084,487,387,211,176
28,07,016,57,35,22,33,23,10,24,12,12
28,07,017,26,15,11,1,1,0,25,14,11
28,07,019,9,4,5,5,2,3,4,2,2
28,07,020,8508,4483,4025,7838,4101,3737,670,382,288
28,07,021,2904750,1471572,1433178,2655004,1344094,1310910,249746,127478,122268
28,07,022,292269,148336,143933,190358,95957,94401,101911,52379,49532
28,07,028,28,15,13,28,15,13,0,0,0
28,07,030,47,20,27,47,20,27,0,0,0
28,07,040,49,19,30,47,19,28,2,0,2
28,07,044,1163,605,558,1115,581,534,48,24,24
28,07,059,1,1,0,1,1,0,0,0,0
28,07,069,1,1,0,1,1,0,0,0,0
28,07,079,1,1,0,1,1,0,0,0,0
28,07,116,15,8,7,5,3,2,10,5,5
28,07,123,1249,623,626,897,443,454,352,180,172
28,08,001,15,13,2,12,12,0,3,1,2
28,08,002,217,135,82,166,107,59,51,28,23
28,08,005,174,95,79,66,38,28,108,57,51
28,08,006,310022,161022,149000,299451,154966,144485,10571,6056,4515
28,08,007,500,294,206,285,170,115,215,124,91
28,08,010,4,1,3,4,1,3,0,0,0
28,08,011,1125,541,584,565,270,295,560,271,289
28,08,013,2206,1163,1043,803,441,362,1403,722,681
28,08,014,296,198,98,232,162,70,64,36,28
28,08,015,2052,1213,839,1593,953,640,459,260,199
28,08,016,304,160,144,160,87,73,144,73,71
28,08,017,30,18,12,16,9,7,14,9,5
28,08,018,25,14,11,18,10,8,7,4,3
28,08,019,15,8,7,15,8,7,0,0,0
28,08,020,7561,4049,3512,6112,3258,2854,1449,791,658
28,08,021,2755718,1397621,1358097,2401709,1216049,1185660,354009,181572,172437
28,08,022,155371,78899,76472,93022,47025,45997,62349,31874,30475
28,08,023,1,0,1,1,0,1,0,0,0
28,08,028,4,3,1,4,3,1,0,0,0
28,08,030,32,32,0,1,1,0,31,31,0
28,08,040,39,18,21,31,14,17,8,4,4
28,08,041,12,6,6,12,6,6,0,0,0
28,08,044,11753,6240,5513,10787,5744,5043,966,496,470
28,08,069,10,8,2,10,8,2,0,0,0
28,08,105,7,1,6,7,1,6,0,0,0
28,08,114,3,2,1,3,2,1,0,0,0
28,08,123,486,236,250,219,113,106,267,123,144
28,09,001,18,9,9,8,3,5,10,6,4
28,09,002,358,208,150,181,115,66,177,93,84
28,09,004,11,10,1,2,2,0,9,8,1
28,09,005,1162,654,508,165,89,76,997,565,432
28,09,006,349119,179800,169319,338493,174269,164224,10626,5531,5095
28,09,007,353,190,163,148,94,54,205,96,109
28,09,009,12,5,7,2,1,1,10,4,6
28,09,010,8,5,3,0,0,0,8,5,3
28,09,011,864,356,508,386,161,225,478,195,283
28,09,012,3,2,1,0,0,0,3,2,1
28,09,013,9479,4803,4676,7278,3635,3643,2201,1168,1033
28,09,014,152,80,72,66,34,32,86,46,40
28,09,015,1425,776,649,880,474,406,545,302,243
28,09,016,583,300,283,94,64,30,489,236,253
28,09,017,38,22,16,11,5,6,27,17,10
28,09,019,28,17,11,2,1,1,26,16,10
28,09,020,10994,5952,5042,8665,4717,3948,2329,1235,1094
28,09,021,2698711,1364177,1334534,2185952,1104333,1081619,512759,259844,252915
28,09,022,151534,76722,74812,63210,31810,31400,88324,44912,43412
28,09,023,1,1,0,1,1,0,0,0,0
28,09,028,86,43,43,15,7,8,71,36,35
28,09,030,10,4,6,2,1,1,8,3,5
28,09,040,343,169,174,105,51,54,238,118,120
28,09,044,20054,10261,9793,16673,8496,8177,3381,1765,1616
28,09,061,4,3,1,3,2,1,1,1,0
28,09,069,432,212,220,335,170,165,97,42,55
28,09,091,1,1,0,1,1,0,0,0,0
28,09,101,1,0,1,0,0,0,1,0,1
28,09,105,5,5,0,5,5,0,0,0,0
28,09,123,215,108,107,109,48,61,106,60,46
28,10,001,40,40,0,37,37,0,3,3,0
28,10,002,466,279,187,334,198,136,132,81,51
28,10,005,430,233,197,106,66,40,324,167,157
28,10,006,264934,136012,128922,236188,121287,114901,28746,14725,14021
28,10,007,497,273,224,371,202,169,126,71,55
28,10,008,4,3,1,0,0,0,4,3,1
28,10,009,8,3,5,2,0,2,6,3,3
28,10,010,27,13,14,18,9,9,9,4,5
28,10,011,1207,637,570,563,269,294,644,368,276
28,10,013,1757,879,878,692,357,335,1065,522,543
28,10,014,200,124,76,118,69,49,82,55,27
28,10,015,5686,2982,2704,4507,2344,2163,1179,638,541
28,10,016,211,107,104,61,35,26,150,72,78
28,10,017,29,12,17,10,4,6,19,8,11
28,10,019,11,5,6,1,1,0,10,4,6
28,10,020,6966,3863,3103,4535,2496,2039,2431,1367,1064
28,10,021,1981879,1002744,979135,1567358,793463,773895,414521,209281,205240
28,10,022,122862,62122,60740,65243,32910,32333,57619,29212,28407
28,10,028,18,10,8,18,10,8,0,0,0
28,10,030,11,6,5,10,5,5,1,1,0
28,10,040,93,46,47,43,17,26,50,29,21
28,10,044,1581,803,778,1394,704,690,187,99,88
28,10,065,175,80,95,169,78,91,6,2,4
28,10,069,189098,93903,95195,185588,92344,93244,3510,1559,1951
28,10,083,10,4,6,10,4,6,0,0,0
28,10,090,5,3,2,5,3,2,0,0,0
28,10,105,1,1,0,1,1,0,0,0,0
28,10,116,5,2,3,1,0,1,4,2,2
28,10,123,716,354,362,683,335,348,33,19,14
28,11,001,3,0,3,3,0,3,0,0,0
28,11,002,289,169,120,167,101,66,122,68,54
28,11,005,151,68,83,86,38,48,65,30,35
28,11,006,2550,1389,1161,1428,789,639,1122,600,522
28,11,007,94,52,42,60,33,27,34,19,15
28,11,010,6,3,3,0,0,0,6,3,3
28,11,011,202,91,111,91,43,48,111,48,63
28,11,013,452,236,216,188,96,92,264,140,124
28,11,014,98,49,49,58,30,28,40,19,21
28,11,015,137925,67179,70746,119663,58257,61406,18262,8922,9340
28,11,016,28,19,9,10,6,4,18,13,5
28,11,017,5,3,2,0,0,0,5,3,2
28,11,019,10,5,5,8,4,4,2,1,1
28,11,020,1370,779,591,1125,637,488,245,142,103
28,11,021,2334490,1160395,1174095,2080577,1033970,1046607,253913,126425,127488
28,11,022,6814,3448,3366,3317,1726,1591,3497,1722,1775
28,11,028,4,3,1,4,3,1,0,0,0
28,11,040,23,10,13,19,8,11,4,2,2
28,11,041,173,85,88,173,85,88,0,0,0
28,11,044,2647,1277,1370,2207,1069,1138,440,208,232
28,11,048,25,25,0,25,25,0,0,0,0
28,11,049,211,95,116,211,95,116,0,0,0
28,11,065,5,2,3,4,2,2,1,0,1
28,11,069,44,23,21,36,17,19,8,6,2
28,11,101,16,8,8,16,8,8,0,0,0
28,11,105,48537,23928,24609,48070,23716,24354,467,212,255
28,11,123,1421,679,742,1388,662,726,33,17,16
28,12,001,3,1,2,3,1,2,0,0,0
28,12,002,215,130,85,54,32,22,161,98,63
28,12,003,1,1,0,1,1,0,0,0,0
28,12,005,268,149,119,16,12,4,252,137,115
28,12,006,3765,1948,1817,1070,570,500,2695,1378,1317
28,12,007,96,54,42,33,20,13,63,34,29
28,12,009,12,5,7,1,1,0,11,4,7
28,12,010,9,5,4,0,0,0,9,5,4
28,12,011,327,168,159,126,63,63,201,105,96
28,12,012,12,12,0,12,12,0,0,0,0
28,12,013,692,362,330,45,19,26,647,343,304
28,12,014,88,47,41,26,16,10,62,31,31
28,12,015,17307,8612,8695,9887,4924,4963,7420,3688,3732
28,12,016,64,38,26,17,10,7,47,28,19
28,12,017,11,5,6,3,1,2,8,4,4
28,12,018,1,1,0,1,1,0,0,0,0
28,12,019,154,76,78,0,0,0,154,76,78
28,12,020,3302,1701,1601,2189,1117,1072,1113,584,529
28,12,021,2133112,1062682,1070430,1741602,868559,873043,391510,194123,197387
28,12,022,9994,5010,4984,2495,1283,1212,7499,3727,3772
28,12,028,31,12,19,13,5,8,18,7,11
28,12,039,1,0,1,1,0,1,0,0,0
28,12,040,25,11,14,10,5,5,15,6,9
28,12,041,6899,3423,3476,6867,3407,3460,32,16,16
28,12,044,1338,701,637,1052,562,490,286,139,147
28,12,049,39080,18582,20498,39067,18574,20493,13,8,5
28,12,058,170,91,79,170,91,79,0,0,0
28,12,065,5348,2655,2693,5334,2645,2689,14,10,4
28,12,069,531,249,282,530,249,281,1,0,1
28,12,070,47,20,27,47,20,27,0,0,0
28,12,080,1,1,0,1,1,0,0,0,0
28,12,084,1,1,0,1,1,0,0,0,0
28,12,090,18,9,9,18,9,9,0,0,0
28,12,105,26052,12649,13403,26048,12646,13402,4,3,1
28,12,123,279,130,149,119,50,69,160,80,80
28,13,001,204,133,71,48,35,13,156,98,58
28,13,002,6151,3391,2760,402,277,125,5749,3114,2635
28,13,004,59,47,12,0,0,0,59,47,12
28,13,005,1625,861,764,37,20,17,1588,841,747
28,13,006,36377,19741,16636,7345,3735,3610,29032,16006,13026
28,13,007,1205,660,545,191,112,79,1014,548,466
28,13,008,15,7,8,0,0,0,15,7,8
28,13,009,170,94,76,3,1,2,167,93,74
28,13,010,107,57,50,6,4,2,101,53,48
28,13,011,8895,4608,4287,709,365,344,8186,4243,3943
28,13,012,62,33,29,0,0,0,62,33,29
28,13,013,2516,1408,1108,321,178,143,2195,1230,965
28,13,014,735,420,315,117,71,46,618,349,269
28,13,015,105061,51669,53392,89788,43640,46148,15273,8029,7244
28,13,016,2479,1358,1121,132,75,57,2347,1283,1064
28,13,017,8,4,4,0,0,0,8,4,4
28,13,018,53,28,25,14,8,6,39,20,19
28,13,019,494,243,251,1,1,0,493,242,251
28,13,020,11063,6065,4998,2641,1464,1177,8422,4601,3821
28,13,021,3534612,1778701,1755911,2121284,1061168,1060116,1413328,717533,695795
28,13,022,49293,25482,23811,10285,5266,5019,39008,20216,18792
28,13,023,5,0,5,0,0,0,5,0,5
28,13,028,25,15,10,7,4,3,18,11,7
28,13,030,155,80,75,148,77,71,7,3,4
28,13,033,4,3,1,0,0,0,4,3,1
28,13,039,5,2,3,0,0,0,5,2,3
28,13,040,1349,735,614,49,30,19,1300,705,595
28,13,041,3694,1824,1870,3690,1821,1869,4,3,1
28,13,043,302,159,143,302,159,143,0,0,0
28,13,044,3053,1564,1489,1979,1001,978,1074,563,511
28,13,048,8,7,1,8,7,1,0,0,0
28,13,051,2,0,2,2,0,2,0,0,0
28,13,053,10,7,3,0,0,0,10,7,3
28,13,054,7,4,3,0,0,0,7,4,3
28,13,058,5433,2664,2769,5426,2662,2764,7,2,5
28,13,062,455,212,243,454,211,243,1,1,0
28,13,063,1,0,1,0,0,0,1,0,1
28,13,065,48772,23901,24871,48736,23876,24860,36,25,11
28,13,069,1662,815,847,1576,768,808,86,47,39
28,13,070,1126,580,546,1126,580,546,0,0,0
28,13,072,82,43,39,52,28,24,30,15,15
28,13,073,2,1,1,2,1,1,0,0,0
28,13,074,6,5,1,0,0,0,6,5,1
28,13,082,1,1,0,0,0,0,1,1,0
28,13,090,8,3,5,0,0,0,8,3,5
28,13,091,28,18,10,3,3,0,25,15,10
28,13,092,1,1,0,0,0,0,1,1,0
28,13,096,496,217,279,495,216,279,1,1,0
28,13,098,1,1,0,0,0,0,1,1,0
28,13,100,6,2,4,6,2,4,0,0,0
28,13,104,2,2,0,0,0,0,2,2,0
28,13,105,8,6,2,3,2,1,5,4,1
28,13,113,2,1,1,0,0,0,2,1,1
28,13,115,7,3,4,0,0,0,7,3,4
28,13,116,20,10,10,3,1,2,17,9,8
28,13,123,4414,2301,2113,4046,2043,2003,368,258,110
28,14,001,22,17,5,9,9,0,13,8,5
28,14,002,844,516,328,307,247,60,537,269,268
28,14,003,2,2,0,2,2,0,0,0,0
28,14,005,353,178,175,80,36,44,273,142,131
28,14,006,7138,3757,3381,1309,730,579,5829,3027,2802
28,14,007,340,177,163,32,16,16,308,161,147
28,14,008,5,5,0,5,5,0,0,0,0
28,14,009,63,29,34,15,7,8,48,22,26
28,14,010,2,2,0,2,2,0,0,0,0
28,14,011,1122,487,635,350,183,167,772,304,468
28,14,012,31,2,29,1,1,0,30,1,29
28,14,013,988,538,450,102,50,52,886,488,398
28,14,014,215,136,79,109,67,42,106,69,37
28,14,015,7095,3594,3501,2931,1478,1453,4164,2116,2048
28,14,016,158,89,69,10,8,2,148,81,67
28,14,017,54,32,22,0,0,0,54,32,22
28,14,019,258,131,127,6,5,1,252,126,126
28,14,020,3546,1905,1641,1053,635,418,2493,1270,1223
28,14,021,4811070,2413556,2397514,3713383,1866371,1847012,1097687,547185,550502
28,14,022,53000,26389,26611,17716,8799,8917,35284,17590,17694
28,14,025,42,21,21,42,21,21,0,0,0
28,14,028,37,29,8,4,1,3,33,28,5
28,14,040,282,127,155,28,11,17,254,116,138
28,14,043,3,2,1,3,2,1,0,0,0
28,14,044,12983,7060,5923,10358,5623,4735,2625,1437,1188
28,14,053,14,10,4,0,0,0,14,10,4
28,14,058,59,33,26,59,33,26,0,0,0
28,14,069,1310,641,669,1306,639,667,4,2,2
28,14,072,7,4,3,1,1,0,6,3,3
28,14,105,24,12,12,17,7,10,7,5,2
28,14,116,12,6,6,0,0,0,12,6,6
28,14,123,341,153,188,295,130,165,46,23,23
28,15,001,2,1,1,1,0,1,1,1,0
28,15,002,574,448,126,203,156,47,371,292,79
28,15,005,136,64,72,69,33,36,67,31,36
28,15,006,10010,5111,4899,7521,3758,3763,2489,1353,1136
28,15,007,241,123,118,51,25,26,190,98,92
28,15,008,7,3,4,3,2,1,4,1,3
28,15,009,15,2,13,6,1,5,9,1,8
28,15,010,1,1,0,1,1,0,0,0,0
28,15,011,1242,437,805,715,296,419,527,141,386
28,15,013,815,455,360,250,133,117,565,322,243
28,15,014,189,126,63,65,46,19,124,80,44
28,15,015,2223,1231,992,1009,535,474,1214,696,518
28,15,016,66,39,27,21,13,8,45,26,19
28,15,017,10,6,4,5,3,2,5,3,2
28,15,019,1,1,0,0,0,0,1,1,0
28,15,020,2330,1205,1125,1215,648,567,1115,557,558
28,15,021,3679221,1848161,1831060,2966476,1494960,1471516,712745,353201,359544
28,15,022,60336,30102,30234,29561,14887,14674,30775,15215,15560
28,15,028,8,3,5,0,0,0,8,3,5
28,15,040,46,26,20,27,14,13,19,12,7
28,15,044,4340,2172,2168,3834,1922,1912,506,250,256
28,15,065,284,134,150,284,134,150,0,0,0
28,15,067,5,2,3,0,0,0,5,2,3
28,15,069,41251,20106,21145,41195,20073,21122,56,33,23
28,15,093,1,1,0,1,1,0,0,0,0
28,15,098,5,5,0,0,0,0,5,5,0
28,15,105,29,11,18,29,11,18,0,0,0
28,15,114,12,0,12,0,0,0,12,0,12
28,15,116,8,4,4,1,1,0,7,3,4
28,15,123,109,58,51,87,47,40,22,11,11
28,16,001,13,6,7,1,0,1,12,6,6
28,16,002,656,407,249,192,135,57,464,272,192
28,16,004,18,8,10,0,0,0,18,8,10
28,16,005,983,489,494,49,22,27,934,467,467
28,16,006,51810,26853,24957,38665,19928,18737,13145,6925,6220
28,16,007,778,400,378,216,113,103,562,287,275
28,16,008,3,2,1,0,0,0,3,2,1
28,16,009,39,16,23,1,1,0,38,15,23
28,16,011,2344,952,1392,1065,422,643,1279,530,749
28,16,012,8,7,1,0,0,0,8,7,1
28,16,013,1607,849,758,411,230,181,1196,619,577
28,16,014,348,230,118,175,119,56,173,111,62
28,16,015,6282,3293,2989,1773,958,815,4509,2335,2174
28,16,016,361,190,171,27,17,10,334,173,161
28,16,017,9,5,4,1,0,1,8,5,3
28,16,018,7,5,2,4,2,2,3,3,0
28,16,019,499,265,234,4,2,2,495,263,232
28,16,020,12550,6538,6012,6841,3537,3304,5709,3001,2708
28,16,021,3859726,1950873,1908853,2670537,1351010,1319527,1189189,599863,589326
28,16,022,240757,121529,119228,118313,59639,58674,122444,61890,60554
28,16,028,31,13,18,10,8,2,21,5,16
28,16,030,2,1,1,0,0,0,2,1,1
28,16,040,300,137,163,65,29,36,235,108,127
28,16,044,8309,4114,4195,5879,2850,3029,2430,1264,1166
28,16,069,37,20,17,25,14,11,12,6,6
28,16,072,2,1,1,2,1,1,0,0,0
28,16,095,2,2,0,0,0,0,2,2,0
28,16,105,16,10,6,8,6,2,8,4,4
28,16,114,6,2,4,0,0,0,6,2,4
28,16,116,18,10,8,0,0,0,18,10,8
28,16,123,320,174,146,130,72,58,190,102,88
28,17,002,246,134,112,72,40,32,174,94,80
28,17,005,228,118,110,39,20,19,189,98,91
28,17,006,61816,31856,29960,51837,26646,25191,9979,5210,4769
28,17,007,519,274,245,141,71,70,378,203,175
28,17,008,2,2,0,0,0,0,2,2,0
28,17,009,11,7,4,6,3,3,5,4,1
28,17,010,7,4,3,0,0,0,7,4,3
28,17,011,1152,518,634,345,155,190,807,363,444
28,17,012,105,10,95,0,0,0,105,10,95
28,17,013,1412,712,700,573,286,287,839,426,413
28,17,014,440,326,114,278,218,60,162,108,54
28,17,015,2514,1379,1135,343,210,133,2171,1169,1002
28,17,016,103,60,43,17,7,10,86,53,33
28,17,017,29,14,15,2,1,1,27,13,14
28,17,019,60,36,24,0,0,0,60,36,24
28,17,020,17017,8693,8324,13189,6721,6468,3828,1972,1856
28,17,021,3930122,1980023,1950099,2872597,1449645,1422952,1057525,530378,527147
28,17,022,445463,224118,221345,236899,119236,117663,208564,104882,103682
28,17,026,4,1,3,0,0,0,4,1,3
28,17,028,18,9,9,16,9,7,2,0,2
28,17,030,1,0,1,0,0,0,1,0,1
28,17,040,104,56,48,43,21,22,61,35,26
28,17,044,3272,1680,1592,2718,1337,1381,554,343,211
28,17,069,15,8,7,13,7,6,2,1,1
28,17,072,8,3,5,0,0,0,8,3,5
28,17,093,3,1,2,0,0,0,3,1,2
28,17,105,14,6,8,1,0,1,13,6,7
28,17,123,459,231,228,255,134,121,204,97,107
28,18,002,52,31,21,14,9,5,38,22,16
28,18,005,31,14,17,13,6,7,18,8,10
28,18,006,13495,7187,6308,12517,6677,5840,978,510,468
28,18,007,226,127,99,144,82,62,82,45,37
28,18,009,5,4,1,4,3,1,1,1,0
28,18,011,390,180,210,181,71,110,209,109,100
28,18,013,630,341,289,414,226,188,216,115,101
28,18,014,95,61,34,39,24,15,56,37,19
28,18,015,290,185,105,182,122,60,108,63,45
28,18,016,22,11,11,9,6,3,13,5,8
28,18,019,13,6,7,0,0,0,13,6,7
28,18,020,9699,5045,4654,7861,4119,3742,1838,926,912
28,18,021,2858043,1450284,1407759,2446224,1242350,1203874,411819,207934,203885
28,18,022,168939,85109,83830,118283,59726,58557,50656,25383,25273
28,18,028,44,20,24,44,20,24,0,0,0
28,18,040,47,25,22,29,16,13,18,9,9
28,18,044,7208,3589,3619,5981,2943,3038,1227,646,581
28,18,069,50,37,13,30,28,2,20,9,11
28,18,105,5,4,1,3,3,0,2,1,1
28,18,116,3,2,1,0,0,0,3,2,1
28,18,123,136,70,66,83,42,41,53,28,25
28,19,001,2,2,0,2,2,0,0,0,0
28,19,002,196,137,59,148,107,41,48,30,18
28,19,005,573,293,280,446,227,219,127,66,61
28,19,006,6508,3381,3127,2151,1158,993,4357,2223,2134
28,19,007,496,247,249,230,116,114,266,131,135
28,19,009,58,31,27,5,3,2,53,28,25
28,19,011,1299,643,656,666,335,331,633,308,325
28,19,012,21,2,19,1,1,0,20,1,19
28,19,013,1323,708,615,424,227,197,899,481,418
28,19,014,260,153,107,146,92,54,114,61,53
28,19,015,822,548,274,484,343,141,338,205,133
28,19,016,88,44,44,54,34,20,34,10,24
28,19,017,22,10,12,18,8,10,4,2,2
28,19,020,63670,32004,31666,52132,26065,26067,11538,5939,5599
28,19,021,2362582,1191058,1171524,1881329,949061,932268,481253,241997,239256
28,19,022,226793,113766,113027,128303,64071,64232,98490,49695,48795
28,19,028,26,11,15,14,5,9,12,6,6
28,19,040,165,86,79,107,60,47,58,26,32
28,19,044,2994,1449,1545,2262,1065,1197,732,384,348
28,19,059,1,1,0,1,1,0,0,0,0
28,19,062,4,3,1,4,3,1,0,0,0
28,19,069,8,6,2,6,5,1,2,1,1
28,19,074,2,0,2,2,0,2,0,0,0
28,19,105,3,2,1,2,1,1,1,1,0
28,19,123,648,350,298,584,318,266,64,32,32
28,20,002,41,24,17,24,16,8,17,8,9
28,20,005,112,64,48,8,6,2,104,58,46
28,20,006,13756,7269,6487,11893,6279,5614,1863,990,873
28,20,007,1246,575,671,359,155,204,887,420,467
28,20,009,19,8,11,2,0,2,17,8,9
28,20,011,681,337,344,320,172,148,361,165,196
28,20,013,3339,1697,1642,783,386,397,2556,1311,1245
28,20,014,112,68,44,71,42,29,41,26,15
28,20,015,261,157,104,167,102,65,94,55,39
28,20,016,32,15,17,14,7,7,18,8,10
28,20,017,4,2,2,0,0,0,4,2,2
28,20,020,4295,2198,2097,2143,1127,1016,2152,1071,1081
28,20,021,2208592,1118844,1089748,1801192,913349,887843,407400,205495,201905
28,20,022,367438,185882,181556,195547,98757,96790,171891,87125,84766
28,20,028,15,7,8,9,4,5,6,3,3
28,20,040,26,19,7,13,11,2,13,8,5
28,20,044,1680,854,826,1388,709,679,292,145,147
28,20,069,4,1,3,2,1,1,2,0,2
28,20,123,144,72,72,109,54,55,35,18,17
28,21,001,1,0,1,0,0,0,1,0,1
28,21,002,207,142,65,118,75,43,89,67,22
28,21,005,598,298,300,40,24,16,558,274,284
28,21,006,34114,17714,16400,23943,12437,11506,10171,5277,4894
28,21,007,116417,58118,58299,87717,43708,44009,28700,14410,14290
28,21,009,53,23,30,28,13,15,25,10,15
28,21,011,1202,508,694,360,196,164,842,312,530
28,21,013,21767,10935,10832,5022,2467,2555,16745,8468,8277
28,21,014,197,126,71,81,58,23,116,68,48
28,21,015,755,454,301,415,257,158,340,197,143
28,21,016,38,22,16,4,1,3,34,21,13
28,21,017,3,2,1,3,2,1,0,0,0
28,21,019,62,31,31,3,0,3,59,31,28
28,21,020,12218,6286,5932,7310,3766,3544,4908,2520,2388
28,21,021,2800208,1425963,1374245,2272966,1158044,1114922,527242,267919,259323
28,21,022,534465,272049,262416,309332,157247,152085,225133,114802,110331
28,21,028,149,74,75,118,54,64,31,20,11
28,21,030,3,1,2,0,0,0,3,1,2
28,21,037,8,5,3,7,5,2,1,0,1
28,21,040,61,34,27,36,20,16,25,14,11
28,21,044,3949,1901,2048,3331,1621,1710,618,280,338
28,21,065,8,2,6,8,2,6,0,0,0
28,21,068,7,2,5,7,2,5,0,0,0
28,21,069,72,35,37,7,3,4,65,32,33
28,21,071,1,1,0,1,1,0,0,0,0
28,21,075,4,1,3,0,0,0,4,1,3
28,21,083,4,2,2,4,2,2,0,0,0
28,21,105,5,5,0,4,4,0,1,1,0
28,21,116,90,49,41,9,4,5,81,45,36
28,21,123,2828,1431,1397,1156,592,564,1672,839,833
28,22,001,22,13,9,21,13,8,1,0,1
28,22,002,159,83,76,70,38,32,89,45,44
28,22,004,4,4,0,0,0,0,4,4,0
28,22,005,157,77,80,65,33,32,92,44,48
28,22,006,81515,42251,39264,74180,38408,35772,7335,3843,3492
28,22,007,233962,116279,117683,218194,108637,109557,15768,7642,8126
28,22,008,26,10,16,23,10,13,3,0,3
28,22,009,111,52,59,62,30,32,49,22,27
28,22,011,1343,615,728,490,254,236,853,361,492
28,22,013,15318,7347,7971,7528,3477,4051,7790,3870,3920
28,22,014,164,91,73,86,53,33,78,38,40
28,22,015,460,289,171,304,204,100,156,85,71
28,22,016,107,54,53,65,33,32,42,21,21
28,22,017,36,18,18,11,4,7,25,14,11
28,22,018,1,1,0,0,0,0,1,1,0
28,22,019,44,17,27,37,16,21,7,1,6
28,22,020,10760,5533,5227,4232,2276,1956,6528,3257,3271
28,22,021,2921304,1496429,1424875,2264831,1161933,1102898,656473,334496,321977
28,22,022,368308,187150,181158,146033,74204,71829,222275,112946,109329
28,22,023,8,4,4,6,3,3,2,1,1
28,22,028,107,50,57,5,2,3,102,48,54
28,22,040,320,164,156,33,17,16,287,147,140
28,22,044,4924,2400,2524,4328,2101,2227,596,299,297
28,22,053,5,2,3,5,2,3,0,0,0
28,22,062,2,2,0,2,2,0,0,0,0
28,22,069,23,15,8,12,8,4,11,7,4
28,22,072,1,0,1,0,0,0,1,0,1
28,22,073,1,1,0,0,0,0,1,1,0
28,22,075,1,0,1,1,0,1,0,0,0
28,22,102,65,34,31,65,34,31,0,0,0
28,22,105,3,2,1,2,2,0,1,0,1
28,22,116,27,16,11,12,7,5,15,9,6
28,22,123,1190,585,605,212,104,108,978,481,497
28,23,001,6,5,1,2,2,0,4,3,1
28,23,002,150,99,51,66,48,18,84,51,33
28,23,004,4,2,2,0,0,0,4,2,2
28,23,005,2435,1268,1167,69,31,38,2366,1237,1129
28,23,006,23724,12532,11192,17465,9112,8353,6259,3420,2839
28,23,007,15413,6496,8917,12061,4923,7138,3352,1573,1779
28,23,009,118,60,58,40,18,22,78,42,36
28,23,010,12,10,2,4,4,0,8,6,2
28,23,011,2206,1080,1126,550,278,272,1656,802,854
28,23,012,1,1,0,0,0,0,1,1,0
28,23,013,6270,2899,3371,2485,983,1502,3785,1916,1869
28,23,014,182,127,55,100,75,25,82,52,30
28,23,015,857,577,280,425,332,93,432,245,187
28,23,016,71,42,29,29,20,9,42,22,20
28,23,017,116,104,12,1,0,1,115,104,11
28,23,018,1,0,1,0,0,0,1,0,1
28,23,019,33,19,14,1,0,1,32,19,13
28,23,020,458319,230137,228182,336226,168728,167498,122093,61409,60684
28,23,021,2908725,1468380,1440345,2336247,1177761,1158486,572478,290619,281859
28,23,022,325092,164774,160318,227241,114832,112409,97851,49942,47909
28,23,028,24,11,13,15,4,11,9,7,2
28,23,030,47,21,26,47,21,26,0,0,0
28,23,037,4,2,2,0,0,0,4,2,2
28,23,040,95,45,50,38,16,22,57,29,28
28,23,044,709,376,333,613,321,292,96,55,41
28,23,073,3,3,0,3,3,0,0,0,0
28,23,082,3,2,1,0,0,0,3,2,1
28,23,093,1,1,0,0,0,0,1,1,0
28,23,105,1,1,0,1,1,0,0,0,0
28,23,116,13,6,7,1,0,1,12,6,6
28,23,123,1240,610,630,1115,547,568,125,63,62
29,01,001,50,39,11,14,10,4,36,29,7
29,01,002,757,582,175,219,181,38,538,401,137
29,01,004,70,56,14,11,9,2,59,47,12
29,01,005,6549,3358,3191,1659,837,822,4890,2521,2369
29,01,006,45978,25266,20712,26257,14276,11981,19721,10990,8731
29,01,007,2832427,1445864,1386563,2371506,1209809,1161697,460921,236055,224866
29,01,008,43,21,22,4,4,0,39,17,22
29,01,009,21053,10779,10274,5734,2898,2836,15319,7881,7438
29,01,010,39,29,10,24,17,7,15,12,3
29,01,011,2697,1387,1310,817,393,424,1880,994,886
29,01,012,16,13,3,6,6,0,10,7,3
29,01,013,836138,422762,413376,559349,281847,277502,276789,140915,135874
29,01,014,776,556,220,141,99,42,635,457,178
29,01,015,522,393,129,225,191,34,297,202,95
29,01,016,807,501,306,78,54,24,729,447,282
29,01,017,10,5,5,0,0,0,10,5,5
29,01,018,2,1,1,0,0,0,2,1,1
29,01,019,971,492,479,18,18,0,953,474,479
29,01,020,7016,3907,3109,2324,1353,971,4692,2554,2138
29,01,021,41369,21112,20257,21627,11085,10542,19742,10027,9715
29,01,022,407340,207952,199388,207273,105441,101832,200067,102511,97556
29,01,023,6,3,3,0,0,0,6,3,3
29,01,025,1,1,0,0,0,0,1,1,0
29,01,027,1,1,0,1,1,0,0,0,0
29,01,028,100,46,54,55,26,29,45,20,25
29,01,030,59,30,29,42,20,22,17,10,7
29,01,033,1,1,0,0,0,0,1,1,0
29,01,037,3891,1876,2015,3482,1679,1803,409,197,212
29,01,040,831,401,430,125,65,60,706,336,370
29,01,053,1,1,0,0,0,0,1,1,0
29,01,054,1,1,0,0,0,0,1,1,0
29,01,055,1,1,0,1,1,0,0,0,0
29,01,059,1,1,0,1,1,0,0,0,0
29,01,062,1,0,1,0,0,0,1,0,1
29,01,068,1,0,1,0,0,0,1,0,1
29,01,073,6,6,0,1,1,0,5,5,0
29,01,079,1,1,0,1,1,0,0,0,0
29,01,082,2,1,1,1,1,0,1,0,1
29,01,098,41,21,20,0,0,0,41,21,20
29,01,105,25,15,10,0,0,0,25,15,10
29,01,108,1,1,0,1,1,0,0,0,0
29,01,111,2,0,2,0,0,0,2,0,2
29,01,113,1,1,0,1,1,0,0,0,0
29,01,114,11,6,5,0,0,0,11,6,5
29,01,116,2423,1299,1124,253,136,117,2170,1163,1007
29,01,120,1,1,0,1,1,0,0,0,0
29,01,123,2465,1300,1165,562,293,269,1903,1007,896
29,02,001,46,45,1,41,41,0,5,4,1
29,02,002,150,136,14,96,93,3,54,43,11
29,02,005,2917,1480,1437,319,164,155,2598,1316,1282
29,02,006,38633,20105,18528,29075,15008,14067,9558,5097,4461
29,02,007,1404160,707923,696237,1067257,537243,530014,336903,170680,166223
29,02,009,932,483,449,152,88,64,780,395,385
29,02,010,5,3,2,3,2,1,2,1,1
29,02,011,208,135,73,78,59,19,130,76,54
29,02,012,3,3,0,3,3,0,0,0,0
29,02,013,35375,17993,17382,16183,8284,7899,19192,9709,9483
29,02,014,29,22,7,15,11,4,14,11,3
29,02,015,194,169,25,105,94,11,89,75,14
29,02,016,37,23,14,3,2,1,34,21,13
29,02,017,8,3,5,8,3,5,0,0,0
29,02,018,10,6,4,0,0,0,10,6,4
29,02,019,174,87,87,2,1,1,172,86,86
29,02,020,2158,1179,979,877,467,410,1281,712,569
29,02,021,12583,6321,6262,5199,2604,2595,7384,3717,3667
29,02,022,151214,76604,74610,52644,26597,26047,98570,50007,48563
29,02,028,12,4,8,3,1,2,9,3,6
29,02,030,21,9,12,0,0,0,21,9,12
29,02,037,1075,523,552,851,400,451,224,123,101
29,02,040,18,13,5,7,5,2,11,8,3
29,02,061,9,5,4,9,5,4,0,0,0
29,02,062,27,15,12,18,10,8,9,5,4
29,02,082,1,0,1,1,0,1,0,0,0
29,02,087,25,10,15,0,0,0,25,10,15
29,02,096,2,1,1,0,0,0,2,1,1
29,02,114,4,1,3,0,0,0,4,1,3
29,02,115,2,2,0,2,2,0,0,0,0
29,02,116,256,143,113,29,17,12,227,126,101
29,02,123,1604,801,803,392,196,196,1212,605,607
29,03,001,2,1,1,0,0,0,2,1,1
29,03,002,187,148,39,53,47,6,134,101,33
29,03,004,1,0,1,0,0,0,1,0,1
29,03,005,1982,991,991,471,227,244,1511,764,747
29,03,006,93328,48878,44450,73039,38156,34883,20289,10722,9567
29,03,007,1360827,697311,663516,1137903,582731,555172,222924,114580,108344
29,03,008,14,10,4,0,0,0,14,10,4
29,03,009,303,171,132,108,64,44,195,107,88
29,03,011,255,126,129,61,42,19,194,84,110
29,03,013,49550,25240,24310,28581,14640,13941,20969,10600,10369
29,03,014,54,36,18,17,13,4,37,23,14
29,03,015,60,39,21,16,15,1,44,24,20
29,03,016,92,60,32,19,14,5,73,46,27
29,03,019,188,99,89,6,3,3,182,96,86
29,03,020,1493,840,653,687,373,314,806,467,339
29,03,021,15133,7899,7234,11086,5837,5249,4047,2062,1985
29,03,022,279794,142645,137149,156337,79788,76549,123457,62857,60600
29,03,028,180,91,89,9,3,6,171,88,83
29,03,030,100,51,49,4,1,3,96,50,46
29,03,037,2353,1286,1067,2109,1168,941,244,118,126
29,03,040,41,16,25,11,3,8,30,13,17
29,03,063,1,0,1,0,0,0,1,0,1
29,03,079,7,4,3,0,0,0,7,4,3
29,03,113,66,31,35,0,0,0,66,31,35
29,03,116,212,109,103,22,13,9,190,96,94
29,03,123,695,342,353,290,138,152,405,204,201
29,04,001,15,14,1,1,0,1,14,14,0
29,04,002,468,330,138,58,38,20,410,292,118
29,04,005,4124,2086,2038,1243,644,599,2881,1442,1439
29,04,006,234103,120971,113132,192917,98854,94063,41186,22117,19069
29,04,007,2106525,1070614,1035911,1655355,837892,817463,451170,232722,218448
29,04,009,1590,807,783,1152,588,564,438,219,219
29,04,010,8,4,4,0,0,0,8,4,4
29,04,011,1084,512,572,147,78,69,937,434,503
29,04,012,2,2,0,0,0,0,2,2,0
29,04,013,73647,37161,36486,36572,18473,18099,37075,18688,18387
29,04,014,198,116,82,39,24,15,159,92,67
29,04,015,338,214,124,98,56,42,240,158,82
29,04,016,314,168,146,23,15,8,291,153,138
29,04,018,2,1,1,0,0,0,2,1,1
29,04,019,126,59,67,0,0,0,126,59,67
29,04,020,3154,1696,1458,1225,653,572,1929,1043,886
29,04,021,173620,86353,87267,138813,68739,70074,34807,17614,17193
29,04,022,526766,269145,257621,247112,124468,122644,279654,144677,134977
29,04,028,64,26,38,38,14,24,26,12,14
29,04,030,450,243,207,450,243,207,0,0,0
29,04,037,2805,1464,1341,2325,1183,1142,480,281,199
29,04,040,124,63,61,14,7,7,110,56,54
29,04,044,12,3,9,12,3,9,0,0,0
29,04,053,13,6,7,1,0,1,12,6,6
29,04,054,11,5,6,11,5,6,0,0,0
29,04,061,1,1,0,0,0,0,1,1,0
29,04,062,57,29,28,57,29,28,0,0,0
29,04,068,7,3,4,1,1,0,6,2,4
29,04,069,5,5,0,5,5,0,0,0,0
29,04,074,1,1,0,0,0,0,1,1,0
29,04,075,3,3,0,0,0,0,3,3,0
29,04,078,11,6,5,11,6,5,0,0,0
29,04,091,16,10,6,0,0,0,16,10,6
29,04,113,1,0,1,1,0,1,0,0,0
29,04,114,4,3,1,0,0,0,4,3,1
29,04,116,313,172,141,91,59,32,222,113,109
29,04,123,940,493,447,529,266,263,411,227,184
29,05,001,10,7,3,0,0,0,10,7,3
29,05,002,249,155,94,12,6,6,237,149,88
29,05,004,15,13,2,0,0,0,15,13,2
29,05,005,857,447,410,244,126,118,613,321,292
29,05,006,76203,39614,36589,65290,33632,31658,10913,5982,4931
29,05,007,791579,405740,385839,632990,323496,309494,158589,82244,76345
29,05,008,4,3,1,3,2,1,1,1,0
29,05,009,437,214,223,327,167,160,110,47,63
29,05,010,11,7,4,4,2,2,7,5,2
29,05,011,429,245,184,183,105,78,246,140,106
29,05,012,1,1,0,0,0,0,1,1,0
29,05,013,281660,143939,137721,249834,127408,122426,31826,16531,15295
29,05,014,65,46,19,29,23,6,36,23,13
29,05,015,200,112,88,112,57,55,88,55,33
29,05,016,439,258,181,20,12,8,419,246,173
29,05,018,4,2,2,0,0,0,4,2,2
29,05,019,28,16,12,0,0,0,28,16,12
29,05,020,1336,711,625,846,435,411,490,276,214
29,05,021,72056,36744,35312,55324,28175,27149,16732,8569,8163
29,05,022,273809,141250,132559,150342,77027,73315,123467,64223,59244
29,05,023,18,11,7,0,0,0,18,11,7
29,05,028,122,62,60,99,51,48,23,11,12
29,05,030,122,64,58,114,61,53,8,3,5
29,05,037,1505,750,755,1318,653,665,187,97,90
29,05,040,30,14,16,15,7,8,15,7,8
29,05,044,439,207,232,61,29,32,378,178,200
29,05,062,8,5,3,5,4,1,3,1,2
29,05,068,39,16,23,39,16,23,0,0,0
29,05,073,1,1,0,0,0,0,1,1,0
29,05,075,8,3,5,0,0,0,8,3,5
29,05,116,186,109,77,108,64,44,78,45,33
29,05,123,503,256,247,179,95,84,324,161,163
29,06,001,5,3,2,0,0,0,5,3,2
29,06,002,10564,5488,5076,10326,5348,4978,238,140,98
29,06,004,2,1,1,0,0,0,2,1,1
29,06,005,877,460,417,33,20,13,844,440,404
29,06,006,54019,28039,25980,38155,19513,18642,15864,8526,7338
29,06,007,1191459,598712,592747,973858,487678,486180,217601,111034,106567
29,06,008,1,0,1,0,0,0,1,0,1
29,06,009,554,262,292,73,36,37,481,226,255
29,06,011,1000,526,474,83,60,23,917,466,451
29,06,012,33,4,29,0,0,0,33,4,29
29,06,013,10494,5357,5137,2870,1428,1442,7624,3929,3695
29,06,014,82,54,28,13,8,5,69,46,23
29,06,015,146,82,64,87,45,42,59,37,22
29,06,016,53,30,23,1,1,0,52,29,23
29,06,019,137,67,70,0,0,0,137,67,70
29,06,020,6440,3348,3092,1740,915,825,4700,2433,2267
29,06,021,193119,97413,95706,136002,68589,67413,57117,28824,28293
29,06,022,199041,101095,97946,84642,42687,41955,114399,58408,55991
29,06,023,2,0,2,0,0,0,2,0,2
29,06,028,7,6,1,0,0,0,7,6,1
29,06,030,65,33,32,56,30,26,9,3,6
29,06,031,1,1,0,0,0,0,1,1,0
29,06,037,1092,530,562,855,407,448,237,123,114
29,06,040,174,106,68,54,45,9,120,61,59
29,06,114,2,2,0,2,2,0,0,0,0
29,06,116,298,164,134,38,25,13,260,139,121
29,06,123,95,57,38,37,22,15,58,35,23
29,07,001,1,1,0,0,0,0,1,1,0
29,07,002,30,18,12,4,2,2,26,16,10
29,07,004,2,2,0,2,2,0,0,0,0
29,07,005,1249,640,609,723,362,361,526,278,248
29,07,006,32462,16696,15766,23941,12258,11683,8521,4438,4083
29,07,007,995538,501300,494238,875557,440582,434975,119981,60718,59263
29,07,009,834,444,390,248,133,115,586,311,275
29,07,011,291,172,119,150,77,73,141,95,46
29,07,013,7991,4068,3923,3947,1996,1951,4044,2072,1972
29,07,014,41,23,18,21,13,8,20,10,10
29,07,015,149,84,65,38,21,17,111,63,48
29,07,016,79,45,34,29,21,8,50,24,26
29,07,018,68,39,29,62,34,28,6,5,1
29,07,019,42,27,15,10,7,3,32,20,12
29,07,020,5050,2625,2425,3078,1591,1487,1972,1034,938
29,07,021,53068,26955,26113,42427,21618,20809,10641,5337,5304
29,07,022,92412,46701,45711,41344,20828,20516,51068,25873,25195
29,07,028,12,10,2,5,4,1,7,6,1
29,07,030,24,11,13,24,11,13,0,0,0
29,07,037,6273,3214,3059,5981,3070,2911,292,144,148
29,07,040,17,5,12,14,4,10,3,1,2
29,07,062,11,6,5,11,6,5,0,0,0
29,07,116,258,129,129,63,33,30,195,96,99
29,07,123,187,97,90,118,59,59,69,38,31
29,08,001,2,2,0,0,0,0,2,2,0
29,08,002,69,54,15,55,45,10,14,9,5
29,08,003,6,2,4,0,0,0,6,2,4
29,08,005,7805,3901,3904,264,128,136,7541,3773,3768
29,08,006,47079,23894,23185,37969,19223,18746,9110,4671,4439
29,08,007,808810,411017,397793,564920,286803,278117,243890,124214,119676
29,08,009,1442,750,692,253,143,110,1189,607,582
29,08,011,141,75,66,33,18,15,108,57,51
29,08,012,1,0,1,0,0,0,1,0,1
29,08,013,8743,4375,4368,1337,664,673,7406,3711,3695
29,08,014,18,10,8,7,5,2,11,5,6
29,08,015,134,77,57,133,77,56,1,0,1
29,08,016,11,6,5,6,4,2,5,2,3
29,08,017,30,16,14,12,6,6,18,10,8
29,08,018,13,7,6,0,0,0,13,7,6
29,08,019,226,108,118,0,0,0,226,108,118
29,08,020,1183,633,550,107,53,54,1076,580,496
29,08,021,12279,6295,5984,5623,2865,2758,6656,3430,3226
29,08,022,82402,41574,40828,18698,9484,9214,63704,32090,31614
29,08,028,1,0,1,1,0,1,0,0,0
29,08,030,50,27,23,6,2,4,44,25,19
29,08,037,252,115,137,137,58,79,115,57,58
29,08,040,30,15,15,10,4,6,20,11,9
29,08,044,7,3,4,0,0,0,7,3,4
29,08,116,230,121,109,52,29,23,178,92,86
29,08,123,871,456,415,29,18,11,842,438,404
29,09,001,7,6,1,1,1,0,6,5,1
29,09,002,389,251,138,15,11,4,374,240,134
29,09,003,7,5,2,0,0,0,7,5,2
29,09,004,4,4,0,0,0,0,4,4,0
29,09,005,25552,13118,12434,227,106,121,25325,13012,12313
29,09,006,29335,15623,13712,5566,2859,2707,23769,12764,11005
29,09,007,1132877,582032,550845,638173,328208,309965,494704,253824,240880
29,09,008,15,9,6,0,0,0,15,9,6
29,09,009,15150,7580,7570,545,263,282,14605,7317,7288
29,09,010,20,8,12,0,0,0,20,8,12
29,09,011,1603,869,734,60,42,18,1543,827,716
29,09,012,9,7,2,0,0,0,9,7,2
29,09,013,58916,29902,29014,12039,6130,5909,46877,23772,23105
29,09,014,131,75,56,7,3,4,124,72,52
29,09,015,407,286,121,10,10,0,397,276,121
29,09,016,1032,537,495,16,9,7,1016,528,488
29,09,017,11,7,4,0,0,0,11,7,4
29,09,019,836,429,407,1,1,0,835,428,407
29,09,020,9976,5023,4953,150,80,70,9826,4943,4883
29,09,021,39550,20110,19440,4624,2357,2267,34926,17753,17173
29,09,022,276046,140885,135161,59343,30355,28988,216703,110530,106173
29,09,023,1,0,1,0,0,0,1,0,1
29,09,028,14,11,3,0,0,0,14,11,3
29,09,030,129,67,62,69,33,36,60,34,26
29,09,037,1699,941,758,1332,728,604,367,213,154
29,09,040,837,417,420,4,3,1,833,414,419
29,09,042,5,3,2,0,0,0,5,3,2
29,09,044,3,1,2,3,1,2,0,0,0
29,09,053,7,3,4,0,0,0,7,3,4
29,09,055,4,3,1,0,0,0,4,3,1
29,09,059,1,1,0,0,0,0,1,1,0
29,09,072,12,7,5,0,0,0,12,7,5
29,09,074,38,21,17,0,0,0,38,21,17
29,09,075,3,1,2,0,0,0,3,1,2
29,09,079,5,0,5,0,0,0,5,0,5
29,09,098,1,1,0,0,0,0,1,1,0
29,09,114,47,37,10,0,0,0,47,37,10
29,09,116,3508,1886,1622,47,20,27,3461,1866,1595
29,09,123,6066,3038,3028,104,55,49,5962,2983,2979
29,10,001,3,3,0,3,3,0,0,0,0
29,10,002,710,534,176,418,311,107,292,223,69
29,10,003,8,5,3,0,0,0,8,5,3
29,10,005,985,493,492,357,184,173,628,309,319
29,10,006,22755,12155,10600,14044,7411,6633,8711,4744,3967
29,10,007,747134,378649,368485,593017,300040,292977,154117,78609,75508
29,10,008,1,1,0,1,1,0,0,0,0
29,10,009,259893,128843,131050,159384,78628,80756,100509,50215,50294
29,10,010,16,9,7,4,3,1,12,6,6
29,10,011,10632,6053,4579,6662,3710,2952,3970,2343,1627
29,10,013,124137,62949,61188,104835,53091,51744,19302,9858,9444
29,10,014,463,376,87,268,256,12,195,120,75
29,10,015,515,434,81,384,365,19,131,69,62
29,10,016,207,153,54,92,82,10,115,71,44
29,10,017,76,62,14,68,59,9,8,3,5
29,10,018,5,3,2,5,3,2,0,0,0
29,10,019,75,41,34,32,15,17,43,26,17
29,10,020,6234,3638,2596,3233,1892,1341,3001,1746,1255
29,10,021,18941,9751,9190,8930,4667,4263,10011,5084,4927
29,10,022,147606,73665,73941,62745,31210,31535,84861,42455,42406
29,10,025,17,8,9,17,8,9,0,0,0
29,10,028,59,37,22,31,20,11,28,17,11
29,10,030,15,7,8,4,1,3,11,6,5
29,10,031,62,62,0,62,62,0,0,0,0
29,10,037,104,55,49,47,23,24,57,32,25
29,10,040,102,52,50,32,20,12,70,32,38
29,10,044,9,3,6,4,2,2,5,1,4
29,10,051,5,3,2,0,0,0,5,3,2
29,10,058,21,10,11,0,0,0,21,10,11
29,10,059,39,39,0,39,39,0,0,0,0
29,10,062,1,1,0,0,0,0,1,1,0
29,10,073,334,333,1,334,333,1,0,0,0
29,10,082,24,14,10,24,14,10,0,0,0
29,10,089,95,95,0,95,95,0,0,0,0
29,10,090,3,3,0,3,3,0,0,0,0
29,10,093,5,3,2,0,0,0,5,3,2
29,10,114,9668,6789,2879,9668,6789,2879,0,0,0
29,10,116,2115,1151,964,584,330,254,1531,821,710
29,10,123,570,394,176,305,238,67,265,156,109
29,11,002,89,78,11,27,23,4,62,55,7
29,11,005,652,347,305,59,23,36,593,324,269
29,11,006,34584,17863,16721,31242,16039,15203,3342,1824,1518
29,11,007,1135328,584197,551131,952999,490649,462350,182329,93548,88781
29,11,009,2644,1305,1339,1189,572,617,1455,733,722
29,11,010,3,2,1,3,2,1,0,0,0
29,11,011,409,226,183,165,99,66,244,127,117
29,11,013,10316,5243,5073,4675,2384,2291,5641,2859,2782
29,11,014,42,29,13,8,6,2,34,23,11
29,11,015,85,57,28,33,26,7,52,31,21
29,11,016,116,57,59,18,10,8,98,47,51
29,11,017,4,2,2,0,0,0,4,2,2
29,11,019,8,5,3,8,5,3,0,0,0
29,11,020,684,395,289,331,194,137,353,201,152
29,11,021,12820,6605,6215,8308,4310,3998,4512,2295,2217
29,11,022,237656,122024,115632,137942,70896,67046,99714,51128,48586
29,11,030,11,4,7,11,4,7,0,0,0
29,11,037,3075,1727,1348,2835,1579,1256,240,148,92
29,11,040,15,9,6,8,6,2,7,3,4
29,11,044,10,4,6,10,4,6,0,0,0
29,11,045,18,10,8,0,0,0,18,10,8
29,11,062,6,3,3,0,0,0,6,3,3
29,11,068,1,1,0,0,0,0,1,1,0
29,11,116,279,144,135,74,36,38,205,108,97
29,11,123,261,132,129,151,68,83,110,64,46
29,12,001,15,14,1,4,4,0,11,10,1
29,12,002,413,248,165,121,72,49,292,176,116
29,12,003,5,2,3,1,1,0,4,1,3
29,12,004,2,2,0,1,1,0,1,1,0
29,12,005,1003,520,483,148,77,71,855,443,412
29,12,006,78635,41162,37473,56685,29143,27542,21950,12019,9931
29,12,007,1442239,730241,711998,1089109,550165,538944,353130,180076,173054
29,12,008,5,5,0,2,2,0,3,3,0
29,12,009,1371,698,673,435,217,218,936,481,455
29,12,010,21,15,6,11,8,3,10,7,3
29,12,011,2543,1389,1154,492,329,163,2051,1060,991
29,12,012,22,8,14,0,0,0,22,8,14
29,12,013,18092,9211,8881,4171,2103,2068,13921,7108,6813
29,12,014,262,158,104,77,50,27,185,108,77
29,12,015,423,264,159,270,166,104,153,98,55
29,12,016,302,183,119,44,34,10,258,149,109
29,12,017,9,5,4,0,0,0,9,5,4
29,12,018,2,1,1,2,1,1,0,0,0
29,12,019,249,130,119,0,0,0,249,130,119
29,12,020,23865,12246,11619,3615,1899,1716,20250,10347,9903
29,12,021,228162,116054,112108,95273,48474,46799,132889,67580,65309
29,12,022,225887,115268,110619,67606,34617,32989,158281,80651,77630
29,12,023,2,1,1,0,0,0,2,1,1
29,12,028,19,8,11,2,1,1,17,7,10
29,12,030,46,23,23,26,14,12,20,9,11
29,12,037,2200,1168,1032,1936,1032,904,264,136,128
29,12,040,155,82,73,3,2,1,152,80,72
29,12,051,1,1,0,0,0,0,1,1,0
29,12,062,6,3,3,6,3,3,0,0,0
29,12,072,2,1,1,2,1,1,0,0,0
29,12,073,10,5,5,10,5,5,0,0,0
29,12,114,5,3,2,0,0,0,5,3,2
29,12,116,871,439,432,75,33,42,796,406,390
29,12,123,296,156,140,163,80,83,133,76,57
29,13,001,3,3,0,0,0,0,3,3,0
29,13,002,98,95,3,90,89,1,8,6,2
29,13,005,251,140,111,96,54,42,155,86,69
29,13,006,34221,17489,16732,29554,14950,14604,4667,2539,2128
29,13,007,1229311,629202,600109,1060204,542046,518158,169107,87156,81951
29,13,009,576,283,293,282,135,147,294,148,146
29,13,011,830,449,381,146,95,51,684,354,330
29,13,012,1,1,0,0,0,0,1,1,0
29,13,013,7646,3905,3741,2444,1232,1212,5202,2673,2529
29,13,014,98,70,28,59,47,12,39,23,16
29,13,015,47,24,23,31,13,18,16,11,5
29,13,016,35,17,18,23,11,12,12,6,6
29,13,017,9,5,4,0,0,0,9,5,4
29,13,019,4,2,2,0,0,0,4,2,2
29,13,020,14553,7437,7116,7210,3681,3529,7343,3756,3587
29,13,021,121793,61986,59807,99913,50855,49058,21880,11131,10749
29,13,022,105922,53801,52121,41512,21125,20387,64410,32676,31734
29,13,028,1,1,0,0,0,0,1,1,0
29,13,030,43,16,27,25,11,14,18,5,13
29,13,037,2121,1135,986,1965,1045,920,156,90,66
29,13,040,12,4,8,4,2,2,8,2,6
29,13,114,5,5,0,5,5,0,0,0,0
29,13,116,260,128,132,70,36,34,190,92,98
29,13,123,56,23,33,25,10,15,31,13,18
29,14,001,6,4,2,0,0,0,6,4,2
29,14,002,173,150,23,12,9,3,161,141,20
29,14,004,7,7,0,0,0,0,7,7,0
29,14,005,2141,1117,1024,724,361,363,1417,756,661
29,14,006,62303,32297,30006,51754,26474,25280,10549,5823,4726
29,14,007,1410646,722275,688371,1063488,543194,520294,347158,179081,168077
29,14,008,4,4,0,0,0,0,4,4,0
29,14,009,5345,2824,2521,474,232,242,4871,2592,2279
29,14,010,2,2,0,0,0,0,2,2,0
29,14,011,1859,831,1028,94,52,42,1765,779,986
29,14,012,1,1,0,0,0,0,1,1,0
29,14,013,17446,8850,8596,3778,1887,1891,13668,6963,6705
29,14,014,92,60,32,11,7,4,81,53,28
29,14,015,85,54,31,37,25,12,48,29,19
29,14,016,119,89,30,12,8,4,107,81,26
29,14,017,1,1,0,0,0,0,1,1,0
29,14,019,63,29,34,0,0,0,63,29,34
29,14,020,12313,6396,5917,4791,2472,2319,7522,3924,3598
29,14,021,56249,28808,27441,40130,20407,19723,16119,8401,7718
29,14,022,216896,111059,105837,80468,41329,39139,136428,69730,66698
29,14,023,14,13,1,0,0,0,14,13,1
29,14,028,13,5,8,0,0,0,13,5,8
29,14,030,48,24,24,20,9,11,28,15,13
29,14,037,1996,1159,837,1517,867,650,479,292,187
29,14,040,95,49,46,11,5,6,84,44,40
29,14,044,437,220,217,437,220,217,0,0,0
29,14,075,3,2,1,0,0,0,3,2,1
29,14,093,2,0,2,0,0,0,2,0,2
29,14,098,1,1,0,0,0,0,1,1,0
29,14,114,9,3,6,0,0,0,9,3,6
29,14,116,1244,655,589,82,44,38,1162,611,551
29,14,123,1339,716,623,114,68,46,1225,648,577
29,15,001,7,6,1,2,1,1,5,5,0
29,15,002,238,201,37,88,82,6,150,119,31
29,15,003,8,8,0,2,2,0,6,6,0
29,15,005,1614,854,760,975,487,488,639,367,272
29,15,006,50055,25728,24327,36647,18585,18062,13408,7143,6265
29,15,007,1152536,581704,570832,849644,427628,422016,302892,154076,148816
29,15,008,2,2,0,0,0,0,2,2,0
29,15,009,27367,13756,13611,8139,4016,4123,19228,9740,9488
29,15,010,17,9,8,0,0,0,17,9,8
29,15,011,17482,8918,8564,8798,4453,4345,8684,4465,4219
29,15,012,1,1,0,0,0,0,1,1,0
29,15,013,39609,20094,19515,18772,9519,9253,20837,10575,10262
29,15,014,132,79,53,24,16,8,108,63,45
29,15,015,274,255,19,240,231,9,34,24,10
29,15,016,116,68,48,2,2,0,114,66,48
29,15,017,70,33,37,56,26,30,14,7,7
29,15,019,94,57,37,0,0,0,94,57,37
29,15,020,76610,38591,38019,31829,16053,15776,44781,22538,22243
29,15,021,73797,37284,36513,34786,17642,17144,39011,19642,19369
29,15,022,190823,97141,93682,75257,38445,36812,115566,58696,56870
29,15,023,1,1,0,0,0,0,1,1,0
29,15,028,153,71,82,132,61,71,21,10,11
29,15,030,14,6,8,9,3,6,5,3,2
29,15,037,1482,738,744,1133,550,583,349,188,161
29,15,040,118,56,62,10,4,6,108,52,56
29,15,090,5,3,2,0,0,0,5,3,2
29,15,101,1,0,1,0,0,0,1,0,1
29,15,108,1,0,1,0,0,0,1,0,1
29,15,114,1,0,1,1,0,1,0,0,0
29,15,116,8841,4364,4477,4250,2074,2176,4591,2290,2301
29,15,123,1076,531,545,739,358,381,337,173,164
29,16,001,10,2,8,1,0,1,9,2,7
29,16,002,313,173,140,184,102,82,129,71,58
29,16,003,8,3,5,8,3,5,0,0,0
29,16,005,483,270,213,237,133,104,246,137,109
29,16,006,9492,4653,4839,7076,3334,3742,2416,1319,1097
29,16,007,471105,217214,253891,417948,191116,226832,53157,26098,27059
29,16,008,6,1,5,2,0,2,4,1,3
29,16,009,141321,68034,73287,107051,51318,55733,34270,16716,17554
29,16,010,3,1,2,1,0,1,2,1,1
29,16,011,31665,15946,15719,25579,13072,12507,6086,2874,3212
29,16,012,6,3,3,1,0,1,5,3,2
29,16,013,34630,17157,17473,28958,14323,14635,5672,2834,2838
29,16,014,173,72,101,66,41,25,107,31,76
29,16,015,69,48,21,37,32,5,32,16,16
29,16,016,214,120,94,23,12,11,191,108,83
29,16,017,16,9,7,14,8,6,2,1,1
29,16,019,17,5,12,2,1,1,15,4,11
29,16,020,8704,4573,4131,6580,3430,3150,2124,1143,981
29,16,021,3977,2103,1874,2648,1410,1238,1329,693,636
29,16,022,47873,23028,24845,33884,16177,17707,13989,6851,7138
29,16,028,155,75,80,145,69,76,10,6,4
29,16,030,42,22,20,41,22,19,1,0,1
29,16,037,231,126,105,156,86,70,75,40,35
29,16,040,223,107,116,69,46,23,154,61,93
29,16,043,1,0,1,1,0,1,0,0,0
29,16,053,1,0,1,0,0,0,1,0,1
29,16,054,1,1,0,0,0,0,1,1,0
29,16,061,1,1,0,0,0,0,1,1,0
29,16,068,1,0,1,1,0,1,0,0,0
29,16,074,5,0,5,0,0,0,5,0,5
29,16,075,1,1,0,0,0,0,1,1,0
29,16,090,126,55,71,0,0,0,126,55,71
29,16,091,1,1,0,0,0,0,1,1,0
29,16,093,3,0,3,3,0,3,0,0,0
29,16,113,1,0,1,1,0,1,0,0,0
29,16,114,12,5,7,6,4,2,6,1,5
29,16,116,351915,163671,188244,267973,122692,145281,83942,40979,42963
29,16,123,9438,4751,4687,7194,3625,3569,2244,1126,1118
29,17,001,4,4,0,4,4,0,0,0,0
29,17,002,147,119,28,54,45,9,93,74,19
29,17,005,520,275,245,360,186,174,160,89,71
29,17,006,25911,13307,12604,21875,11089,10786,4036,2218,1818
29,17,007,827938,417426,410512,695513,349963,345550,132425,67463,64962
29,17,009,17768,8952,8816,12184,6193,5991,5584,2759,2825
29,17,010,2,2,0,1,1,0,1,1,0
29,17,011,30742,15434,15308,25552,12742,12810,5190,2692,2498
29,17,013,11428,5786,5642,6073,3059,3014,5355,2727,2628
29,17,014,106,68,38,63,40,23,43,28,15
29,17,015,113,66,47,11,7,4,102,59,43
29,17,016,36,33,3,10,10,0,26,23,3
29,17,017,19,12,7,6,4,2,13,8,5
29,17,019,4,2,2,4,2,2,0,0,0
29,17,020,48357,24403,23954,37073,18628,18445,11284,5775,5509
29,17,021,32651,16487,16164,21320,10682,10638,11331,5805,5526
29,17,022,79309,40212,39097,37223,18863,18360,42086,21349,20737
29,17,028,563,284,279,541,270,271,22,14,8
29,17,030,2,1,1,2,1,1,0,0,0
29,17,037,2079,1090,989,1614,861,753,465,229,236
29,17,040,63,33,30,46,26,20,17,7,10
29,17,044,2,1,1,0,0,0,2,1,1
29,17,062,3,0,3,3,0,3,0,0,0
29,17,072,22,12,10,22,12,10,0,0,0
29,17,102,1,1,0,1,1,0,0,0,0
29,17,112,1,1,0,0,0,0,1,1,0
29,17,114,6,3,3,6,3,3,0,0,0
29,17,116,60002,29251,30751,56327,27388,28939,3675,1863,1812
29,17,123,3106,1646,1460,2293,1206,1087,813,440,373
29,18,001,8,8,0,3,3,0,5,5,0
29,18,002,437,375,62,44,35,9,393,340,53
29,18,003,1,1,0,0,0,0,1,1,0
29,18,004,2,1,1,0,0,0,2,1,1
29,18,005,650,362,288,108,64,44,542,298,244
29,18,006,35126,18747,16379,29038,14909,14129,6088,3838,2250
29,18,007,2149553,1092008,1057545,1814916,919409,895507,334637,172599,162038
29,18,008,118,56,62,0,0,0,118,56,62
29,18,009,719,351,368,96,49,47,623,302,321
29,18,010,2,2,0,0,0,0,2,2,0
29,18,011,2322,1140,1182,616,261,355,1706,879,827
29,18,012,1,1,0,0,0,0,1,1,0
29,18,013,14997,7601,7396,8847,4455,4392,6150,3146,3004
29,18,014,157,92,65,64,30,34,93,62,31
29,18,015,182,121,61,61,42,19,121,79,42
29,18,016,121,75,46,65,43,22,56,32,24
29,18,017,34,17,17,1,1,0,33,16,17
29,18,018,4,2,2,0,0,0,4,2,2
29,18,019,80,42,38,0,0,0,80,42,38
29,18,020,13888,7289,6599,4014,2158,1856,9874,5131,4743
29,18,021,151584,76560,75024,125287,63043,62244,26297,13517,12780
29,18,022,210523,106821,103702,91323,46073,45250,119200,60748,58452
29,18,028,17,11,6,3,2,1,14,9,5
29,18,030,95,57,38,79,48,31,16,9,7
29,18,037,2885,1422,1463,2448,1225,1223,437,197,240
29,18,040,22,12,10,10,5,5,12,7,5
29,18,055,2,1,1,1,0,1,1,1,0
29,18,073,5,4,1,0,0,0,5,4,1
29,18,116,723,378,345,99,54,45,624,324,300
29,18,123,453,244,209,386,204,182,67,40,27
29,19,001,2,2,0,1,1,0,1,1,0
29,19,002,323,224,99,155,109,46,168,115,53
29,19,005,570,314,256,210,121,89,360,193,167
29,19,006,19730,10395,9335,12799,6504,6295,6931,3891,3040
29,19,007,1017031,519693,497338,860683,439291,421392,156348,80402,75946
29,19,008,1,0,1,0,0,0,1,0,1
29,19,009,566,276,290,139,73,66,427,203,224
29,19,010,11,6,5,1,1,0,10,5,5
29,19,011,4770,2270,2500,367,198,169,4403,2072,2331
29,19,012,1,1,0,1,1,0,0,0,0
29,19,013,17706,8991,8715,12479,6286,6193,5227,2705,2522
29,19,014,120,75,45,61,37,24,59,38,21
29,19,015,449,282,167,290,161,129,159,121,38
29,19,016,42,30,12,11,9,2,31,21,10
29,19,017,37,18,19,13,5,8,24,13,11
29,19,020,169476,84309,85167,49608,25080,24528,119868,59229,60639
29,19,021,1000607,503151,497456,848939,426315,422624,151668,76836,74832
29,19,022,301226,154476,146750,122954,63174,59780,178272,91302,86970
29,19,028,62,35,27,4,0,4,58,35,23
29,19,030,14,7,7,14,7,7,0,0,0
29,19,037,1835,914,921,1421,686,735,414,228,186
29,19,040,619,285,334,63,23,40,556,262,294
29,19,095,9,3,6,9,3,6,0,0,0
29,19,112,5,3,2,0,0,0,5,3,2
29,19,114,9,7,2,6,5,1,3,2,1
29,19,116,689,348,341,217,110,107,472,238,234
29,19,123,159,78,81,101,53,48,58,25,33
29,20,001,1494,1076,418,81,63,18,1413,1013,400
29,20,002,22153,14750,7403,933,713,220,21220,14037,7183
29,20,003,57,45,12,7,7,0,50,38,12
29,20,004,353,264,89,0,0,0,353,264,89
29,20,005,30052,15699,14353,308,169,139,29744,15530,14214
29,20,006,222668,132505,90163,11372,7449,3923,211296,125056,86240
29,20,007,2715223,1423378,1291845,471823,245154,226669,2243400,1178224,1065176
29,20,008,1199,680,519,18,13,5,1181,667,514
29,20,009,46466,23140,23326,781,415,366,45685,22725,22960
29,20,010,263,174,89,7,5,2,256,169,87
29,20,011,193101,106372,86729,6287,3685,2602,186814,102687,84127
29,20,012,688,463,225,19,13,6,669,450,219
29,20,013,144863,74574,70289,6039,3173,2866,138824,71401,67423
29,20,014,4875,2977,1898,558,349,209,4317,2628,1689
29,20,015,10361,7967,2394,1577,1164,413,8784,6803,1981
29,20,016,10374,5681,4693,224,129,95,10150,5552,4598
29,20,017,239,136,103,4,4,0,235,132,103
29,20,018,53,34,19,4,3,1,49,31,18
29,20,019,10317,5071,5246,9,6,3,10308,5065,5243
29,20,020,1204745,619786,584959,79662,41850,37812,1125083,577936,547147
29,20,021,1011179,521967,489212,149457,76858,72599,861722,445109,416613
29,20,022,843602,437755,405847,46033,23961,22072,797569,413794,383775
29,20,023,19,15,4,0,0,0,19,15,4
29,20,025,1,1,0,0,0,0,1,1,0
29,20,026,10,3,7,1,0,1,9,3,6
29,20,027,13,5,8,0,0,0,13,5,8
29,20,028,495,321,174,2,1,1,493,320,173
29,20,030,48,23,25,5,2,3,43,21,22
29,20,031,4,1,3,0,0,0,4,1,3
29,20,033,1,1,0,0,0,0,1,1,0
29,20,036,2,0,2,0,0,0,2,0,2
29,20,037,14269,7042,7227,732,368,364,13537,6674,6863
29,20,039,1,0,1,0,0,0,1,0,1
29,20,040,12534,6144,6390,318,169,149,12216,5975,6241
29,20,041,6,5,1,5,4,1,1,1,0
29,20,043,8,7,1,0,0,0,8,7,1
29,20,044,16,8,8,1,0,1,15,8,7
29,20,046,3,3,0,0,0,0,3,3,0
29,20,048,11,6,5,6,2,4,5,4,1
29,20,049,1,1,0,0,0,0,1,1,0
29,20,051,23,16,7,0,0,0,23,16,7
29,20,053,1,1,0,0,0,0,1,1,0
29,20,054,8,5,3,1,1,0,7,4,3
29,20,055,61,33,28,2,2,0,59,31,28
29,20,059,2,2,0,0,0,0,2,2,0
29,20,062,17,6,11,4,2,2,13,4,9
29,20,064,7,7,0,0,0,0,7,7,0
29,20,065,2,2,0,0,0,0,2,2,0
29,20,067,1,1,0,0,0,0,1,1,0
29,20,068,28,6,22,4,3,1,24,3,21
29,20,069,1,0,1,0,0,0,1,0,1
29,20,071,8,6,2,0,0,0,8,6,2
29,20,072,28,15,13,2,1,1,26,14,12
29,20,073,55,52,3,0,0,0,55,52,3
29,20,074,1,1,0,0,0,0,1,1,0
29,20,075,7,4,3,0,0,0,7,4,3
29,20,078,1,1,0,0,0,0,1,1,0
29,20,079,5,3,2,0,0,0,5,3,2
29,20,080,5,1,4,5,1,4,0,0,0
29,20,081,24,15,9,0,0,0,24,15,9
29,20,082,166,95,71,3,3,0,163,92,71
29,20,084,4,2,2,0,0,0,4,2,2
29,20,086,3,3,0,0,0,0,3,3,0
29,20,087,3,2,1,0,0,0,3,2,1
29,20,088,2,2,0,0,0,0,2,2,0
29,20,089,1,0,1,0,0,0,1,0,1
29,20,090,12,8,4,4,3,1,8,5,3
29,20,091,5,3,2,0,0,0,5,3,2
29,20,093,1,1,0,0,0,0,1,1,0
29,20,095,13,7,6,0,0,0,13,7,6
29,20,098,52,27,25,0,0,0,52,27,25
29,20,100,1,1,0,0,0,0,1,1,0
29,20,101,6,6,0,1,1,0,5,5,0
29,20,102,1,0,1,0,0,0,1,0,1
29,20,105,3,1,2,3,1,2,0,0,0
29,20,106,7,5,2,0,0,0,7,5,2
29,20,108,4,3,1,0,0,0,4,3,1
29,20,110,2,2,0,0,0,0,2,2,0
29,20,111,6,2,4,0,0,0,6,2,4
29,20,112,3,0,3,0,0,0,3,0,3
29,20,113,6,3,3,0,0,0,6,3,3
29,20,114,223,112,111,1,1,0,222,111,111
29,20,115,14,9,5,0,0,0,14,9,5
29,20,116,30892,16056,14836,693,379,314,30199,15677,14522
29,20,120,1,1,0,0,0,0,1,1,0
29,20,123,3641,1991,1650,141,74,67,3500,1917,1583
29,21,001,43,41,2,38,36,2,5,5,0
29,21,002,437,364,73,242,207,35,195,157,38
29,21,005,2606,1335,1271,1975,1014,961,631,321,310
29,21,006,20179,11174,9005,15167,8259,6908,5012,2915,2097
29,21,007,1452293,739596,712697,1243043,632196,610847,209250,107400,101850
29,21,008,24,24,0,0,0,0,24,24,0
29,21,009,790,393,397,286,131,155,504,262,242
29,21,010,2,2,0,0,0,0,2,2,0
29,21,011,2251,1257,994,829,514,315,1422,743,679
29,21,012,7,7,0,1,1,0,6,6,0
29,21,013,12731,6463,6268,5864,2938,2926,6867,3525,3342
29,21,014,302,199,103,189,124,65,113,75,38
29,21,015,412,322,90,284,222,62,128,100,28
29,21,016,177,95,82,144,75,69,33,20,13
29,21,017,2,1,1,2,1,1,0,0,0
29,21,019,3,2,1,0,0,0,3,2,1
29,21,020,45780,24128,21652,26856,14232,12624,18924,9896,9028
29,21,021,168598,86412,82186,115952,59346,56606,52646,27066,25580
29,21,022,171359,88521,82838,60573,31393,29180,110786,57128,53658
29,21,028,18,10,8,9,5,4,9,5,4
29,21,030,10,5,5,10,5,5,0,0,0
29,21,033,1,1,0,1,1,0,0,0,0
29,21,037,2525,1298,1227,2299,1179,1120,226,119,107
29,21,040,43,23,20,26,12,14,17,11,6
29,21,061,4,1,3,0,0,0,4,1,3
29,21,082,1,1,0,1,1,0,0,0,0
29,21,091,4,2,2,0,0,0,4,2,2
29,21,114,6,5,1,6,5,1,0,0,0
29,21,116,659,362,297,211,119,92,448,243,205
29,21,123,247,139,108,110,61,49,137,78,59
29,22,001,6,6,0,6,6,0,0,0,0
29,22,002,292,257,35,263,238,25,29,19,10
29,22,005,759,396,363,145,80,65,614,316,298
29,22,006,6151,3469,2682,2441,1432,1009,3710,2037,1673
29,22,007,1614014,811531,802483,1408646,706972,701674,205368,104559,100809
29,22,008,4,4,0,4,4,0,0,0,0
29,22,009,839,381,458,169,76,93,670,305,365
29,22,010,2,2,0,0,0,0,2,2,0
29,22,011,2752,1375,1377,1096,505,591,1656,870,786
29,22,012,3,1,2,1,1,0,2,0,2
29,22,013,8677,4349,4328,4921,2487,2434,3756,1862,1894
29,22,014,87,54,33,30,20,10,57,34,23
29,22,015,77,73,4,75,71,4,2,2,0
29,22,016,54,34,20,14,10,4,40,24,16
29,22,017,9,6,3,3,3,0,6,3,3
29,22,019,17,9,8,2,1,1,15,8,7
29,22,020,26992,13752,13240,15787,8047,7740,11205,5705,5500
29,22,021,28958,14592,14366,18439,9402,9037,10519,5190,5329
29,22,022,69760,35401,34359,25807,13163,12644,43953,22238,21715
29,22,026,1,1,0,0,0,0,1,1,0
29,22,028,32,29,3,27,26,1,5,3,2
29,22,030,18,9,9,6,3,3,12,6,6
29,22,037,3085,1722,1363,2806,1564,1242,279,158,121
29,22,040,55,38,17,38,28,10,17,10,7
29,22,116,933,475,458,203,104,99,730,371,359
29,22,123,128,68,60,61,33,28,67,35,32
29,23,001,24,19,5,12,12,0,12,7,5
29,23,002,101,77,24,50,37,13,51,40,11
29,23,004,2,0,2,2,0,2,0,0,0
29,23,005,857,448,409,685,364,321,172,84,88
29,23,006,16045,8603,7442,11881,6254,5627,4164,2349,1815
29,23,007,1500438,747065,753373,1295712,642870,652842,204726,104195,100531
29,23,008,4,2,2,0,0,0,4,2,2
29,23,009,4498,2260,2238,2828,1442,1386,1670,818,852
29,23,010,3,2,1,0,0,0,3,2,1
29,23,011,12833,6447,6386,9197,4616,4581,3636,1831,1805
29,23,012,3,3,0,0,0,0,3,3,0
29,23,013,8623,4393,4230,4482,2276,2206,4141,2117,2024
29,23,014,103,65,38,64,43,21,39,22,17
29,23,015,79,60,19,52,40,12,27,20,7
29,23,016,84,68,16,44,43,1,40,25,15
29,23,017,48,27,21,22,13,9,26,14,12
29,23,020,19558,9935,9623,10260,5169,5091,9298,4766,4532
29,23,021,36300,18146,18154,25262,12570,12692,11038,5576,5462
29,23,022,95518,48478,47040,33086,16857,16229,62432,31621,30811
29,23,023,2,0,2,2,0,2,0,0,0
29,23,028,72,35,37,54,27,27,18,8,10
29,23,030,5,3,2,5,3,2,0,0,0
29,23,037,3739,1874,1865,3208,1611,1597,531,263,268
29,23,040,47,20,27,23,9,14,24,11,13
29,23,044,1,1,0,0,0,0,1,1,0
29,23,054,7,7,0,7,7,0,0,0,0
29,23,062,1,0,1,0,0,0,1,0,1
29,23,067,4,1,3,0,0,0,4,1,3
29,23,075,7,7,0,7,7,0,0,0,0
29,23,080,1,0,1,0,0,0,1,0,1
29,23,098,1,1,0,0,0,0,1,1,0
29,23,114,2,1,1,2,1,1,0,0,0
29,23,116,22163,10769,11394,19745,9532,10213,2418,1237,1181
29,23,123,496,269,227,304,154,150,192,115,77
29,24,001,60,54,6,9,9,0,51,45,6
29,24,002,914,670,244,54,41,13,860,629,231
29,24,003,8,5,3,4,2,2,4,3,1
29,24,004,18,11,7,0,0,0,18,11,7
29,24,005,4561,2438,2123,1995,1009,986,2566,1429,1137
29,24,006,10960,6789,4171,3139,1600,1539,7821,5189,2632
29,24,007,183546,94574,88972,96222,49221,47001,87324,45353,41971
29,24,008,78,46,32,0,0,0,78,46,32
29,24,009,202405,98111,104294,89620,44265,45355,112785,53846,58939
29,24,010,9,5,4,0,0,0,9,5,4
29,24,011,229659,114439,115220,146894,73145,73749,82765,41294,41471
29,24,012,105,21,84,3,3,0,102,18,84
29,24,013,20208,10328,9880,15561,7864,7697,4647,2464,2183
29,24,014,244,161,83,62,38,24,182,123,59
29,24,015,573,495,78,60,56,4,513,439,74
29,24,016,386,242,144,1,1,0,385,241,144
29,24,017,104,56,48,72,40,32,32,16,16
29,24,018,5,5,0,0,0,0,5,5,0
29,24,019,154,78,76,0,0,0,154,78,76
29,24,020,21851,11936,9915,10344,5357,4987,11507,6579,4928
29,24,021,8952,4956,3996,3130,1678,1452,5822,3278,2544
29,24,022,27823,13667,14156,13827,6674,7153,13996,6993,7003
29,24,023,1,1,0,1,1,0,0,0,0
29,24,026,5,5,0,0,0,0,5,5,0
29,24,028,80,45,35,37,19,18,43,26,17
29,24,029,1,1,0,0,0,0,1,1,0
29,24,030,10,5,5,6,3,3,4,2,2
29,24,037,1309,640,669,311,165,146,998,475,523
29,24,039,1,1,0,0,0,0,1,1,0
29,24,040,440,216,224,19,11,8,421,205,216
29,24,041,4,2,2,0,0,0,4,2,2
29,24,049,2,2,0,0,0,0,2,2,0
29,24,051,10,6,4,0,0,0,10,6,4
29,24,053,1,0,1,0,0,0,1,0,1
29,24,055,1,0,1,0,0,0,1,0,1
29,24,059,1,0,1,0,0,0,1,0,1
29,24,062,5,2,3,1,1,0,4,1,3
29,24,065,2,0,2,0,0,0,2,0,2
29,24,075,1,1,0,0,0,0,1,1,0
29,24,082,8,2,6,2,2,0,6,0,6
29,24,086,1,1,0,0,0,0,1,1,0
29,24,090,10,7,3,0,0,0,10,7,3
29,24,091,6,6,0,0,0,0,6,6,0
29,24,093,1,1,0,0,0,0,1,1,0
29,24,095,1,0,1,0,0,0,1,0,1
29,24,098,1,1,0,0,0,0,1,1,0
29,24,114,161,93,68,53,22,31,108,71,37
29,24,116,950769,462660,488109,654950,318230,336720,295819,144430,151389
29,24,123,232275,115649,116626,132051,65200,66851,100224,50449,49775
29,25,001,37,23,14,37,23,14,0,0,0
29,25,002,487,272,215,459,256,203,28,16,12
29,25,003,4,4,0,4,4,0,0,0,0
29,25,004,6,6,0,6,6,0,0,0,0
29,25,005,174,85,89,111,57,54,63,28,35
29,25,006,4420,2272,2148,3829,1910,1919,591,362,229
29,25,007,199530,99814,99716,173237,86426,86811,26293,13388,12905
29,25,009,6868,3402,3466,4481,2241,2240,2387,1161,1226
29,25,010,1,0,1,0,0,0,1,0,1
29,25,011,129050,65266,63784,117305,58932,58373,11745,6334,5411
29,25,012,2,0,2,2,0,2,0,0,0
29,25,013,5580,2800,2780,4403,2172,2231,1177,628,549
29,25,014,221,183,38,183,158,25,38,25,13
29,25,015,182,148,34,117,85,32,65,63,2
29,25,016,9,7,2,2,1,1,7,6,1
29,25,017,3,1,2,0,0,0,3,1,2
29,25,019,12,6,6,5,3,2,7,3,4
29,25,020,31102,15787,15315,27062,13693,13369,4040,2094,1946
29,25,021,10628,5491,5137,6337,3260,3077,4291,2231,2060
29,25,022,15585,7960,7625,6920,3509,3411,8665,4451,4214
29,25,028,365,192,173,342,177,165,23,15,8
29,25,030,38,19,19,0,0,0,38,19,19
29,25,031,2,2,0,2,2,0,0,0,0
29,25,037,92193,45635,46558,83622,41601,42021,8571,4034,4537
29,25,040,114,57,57,65,36,29,49,21,28
29,25,062,111,58,53,110,58,52,1,0,1
29,25,080,4,1,3,4,1,3,0,0,0
29,25,086,1,1,0,1,1,0,0,0,0
29,25,090,1,0,1,1,0,1,0,0,0
29,25,093,1,0,1,1,0,1,0,0,0
29,25,112,7,3,4,6,2,4,1,1,0
29,25,114,11,7,4,3,2,1,8,5,3
29,25,116,47989,23374,24615,43454,21120,22334,4535,2254,2281
29,25,119,8,5,3,8,5,3,0,0,0
29,25,123,3815,1950,1865,1060,529,531,2755,1421,1334
29,26,001,60,42,18,8,7,1,52,35,17
29,26,002,954,591,363,151,129,22,803,462,341
29,26,004,3,3,0,0,0,0,3,3,0
29,26,005,2325,1195,1130,1198,616,582,1127,579,548
29,26,006,22154,12147,10007,3482,2001,1481,18672,10146,8526
29,26,007,2143790,1088891,1054899,1530536,776566,753970,613254,312325,300929
29,26,008,63,43,20,1,1,0,62,42,20
29,26,009,5966,2883,3083,426,191,235,5540,2692,2848
29,26,010,15,10,5,0,0,0,15,10,5
29,26,011,19716,10320,9396,5558,3091,2467,14158,7229,6929
29,26,012,91,57,34,1,1,0,90,56,34
29,26,013,32089,16250,15839,7901,3970,3931,24188,12280,11908
29,26,014,1147,994,153,896,841,55,251,153,98
29,26,015,435,301,134,237,167,70,198,134,64
29,26,016,314,170,144,6,3,3,308,167,141
29,26,017,90,53,37,26,14,12,64,39,25
29,26,019,869,429,440,0,0,0,869,429,440
29,26,020,67537,34272,33265,16126,8409,7717,51411,25863,25548
29,26,021,85849,43443,42406,29475,14980,14495,56374,28463,27911
29,26,022,226179,114479,111700,44587,22835,21752,181592,91644,89948
29,26,023,12,2,10,1,0,1,11,2,9
29,26,028,82,52,30,15,8,7,67,44,23
29,26,030,90,43,47,36,16,20,54,27,27
29,26,031,11,11,0,11,11,0,0,0,0
29,26,037,7950,3936,4014,2698,1381,1317,5252,2555,2697
29,26,040,980,469,511,34,16,18,946,453,493
29,26,051,1,0,1,1,0,1,0,0,0
29,26,054,2,1,1,0,0,0,2,1,1
29,26,059,2,2,0,0,0,0,2,2,0
29,26,062,7,4,3,1,1,0,6,3,3
29,26,065,2,1,1,0,0,0,2,1,1
29,26,068,3,1,2,1,0,1,2,1,1
29,26,071,1,1,0,1,1,0,0,0,0
29,26,072,1,1,0,0,0,0,1,1,0
29,26,073,144,142,2,85,84,1,59,58,1
29,26,075,1,0,1,0,0,0,1,0,1
29,26,078,28,28,0,28,28,0,0,0,0
29,26,081,2,0,2,0,0,0,2,0,2
29,26,082,1,0,1,0,0,0,1,0,1
29,26,087,4,1,3,4,1,3,0,0,0
29,26,089,16,13,3,6,3,3,10,10,0
29,26,098,9,4,5,0,0,0,9,4,5
29,26,107,38,31,7,38,31,7,0,0,0
29,26,110,75,73,2,75,73,2,0,0,0
29,26,112,1,0,1,1,0,1,0,0,0
29,26,113,3,2,1,0,0,0,3,2,1
29,26,114,14108,9196,4912,14067,9175,4892,41,21,20
29,26,116,6947,3488,3459,641,325,316,6306,3163,3143
29,26,123,860,595,265,540,403,137,320,192,128
29,27,001,5,5,0,5,5,0,0,0,0
29,27,002,114,65,49,27,19,8,87,46,41
29,27,005,80,38,42,31,12,19,49,26,23
29,27,006,18348,9908,8440,16021,8618,7403,2327,1290,1037
29,27,007,822178,415925,406253,715700,361958,353742,106478,53967,52511
29,27,009,342,160,182,116,55,61,226,105,121
29,27,011,1349,678,671,489,193,296,860,485,375
29,27,013,1491,771,720,371,179,192,1120,592,528
29,27,014,20,11,9,15,9,6,5,2,3
29,27,015,18,9,9,10,6,4,8,3,5
29,27,016,2,1,1,2,1,1,0,0,0
29,27,017,1,1,0,1,1,0,0,0,0
29,27,018,3,1,2,3,1,2,0,0,0
29,27,020,44904,23395,21509,40631,21201,19430,4273,2194,2079
29,27,021,34835,17685,17150,23472,12027,11445,11363,5658,5705
29,27,022,37539,19112,18427,16557,8484,8073,20982,10628,10354
29,27,028,2,1,1,2,1,1,0,0,0
29,27,030,27,16,11,27,16,11,0,0,0
29,27,037,380,200,180,312,167,145,68,33,35
29,27,040,34,18,16,28,14,14,6,4,2
29,27,043,1,1,0,1,1,0,0,0,0
29,27,044,1,1,0,1,1,0,0,0,0
29,27,059,1,1,0,1,1,0,0,0,0
29,27,114,3442,1747,1695,3442,1747,1695,0,0,0
29,27,116,298,165,133,71,45,26,227,120,107
29,27,123,47,25,22,36,21,15,11,4,7
30,01,001,96,83,13,31,29,2,65,54,11
30,01,002,1979,1506,473,465,373,92,1514,1133,381
30,01,004,60,41,19,5,5,0,55,36,19
30,01,005,4835,2557,2278,1496,789,707,3339,1768,1571
30,01,006,34632,21460,13172,10332,6676,3656,24300,14784,9516
30,01,007,33175,18623,14552,11006,6261,4745,22169,12362,9807
30,01,008,361,276,85,14,14,0,347,262,85
30,01,009,386398,190007,196391,214658,105550,109108,171740,84457,87283
30,01,010,69,50,19,24,21,3,45,29,16
30,01,011,7553,4574,2979,2328,1462,866,5225,3112,2113
30,01,012,16,11,5,0,0,0,16,11,5
30,01,013,242230,123863,118367,165788,84437,81351,76442,39426,37016
30,01,014,1330,936,394,544,406,138,786,530,256
30,01,015,1258,995,263,466,379,87,792,616,176
30,01,016,666,437,229,103,78,25,563,359,204
30,01,017,19,10,9,2,2,0,17,8,9
30,01,018,19,19,0,14,14,0,5,5,0
30,01,019,257,143,114,32,15,17,225,128,97
30,01,020,4142,2415,1727,1089,607,482,3053,1808,1245
30,01,021,5819,3152,2667,1715,915,800,4104,2237,1867
30,01,022,26063,13646,12417,4754,2558,2196,21309,11088,10221
30,01,026,5,5,0,0,0,0,5,5,0
30,01,028,21,12,9,2,1,1,19,11,8
30,01,030,18,13,5,5,4,1,13,9,4
30,01,032,6,3,3,0,0,0,6,3,3
30,01,037,19,11,8,0,0,0,19,11,8
30,01,040,5664,2641,3023,1504,695,809,4160,1946,2214
30,01,043,3,3,0,0,0,0,3,3,0
30,01,045,3,2,1,0,0,0,3,2,1
30,01,054,4,3,1,1,1,0,3,2,1
30,01,055,6,3,3,3,1,2,3,2,1
30,01,060,6,2,4,6,2,4,0,0,0
30,01,062,5,5,0,0,0,0,5,5,0
30,01,066,1,1,0,0,0,0,1,1,0
30,01,067,5,5,0,0,0,0,5,5,0
30,01,068,1,0,1,0,0,0,1,0,1
30,01,071,7,4,3,0,0,0,7,4,3
30,01,072,22,12,10,6,3,3,16,9,7
30,01,081,1,1,0,0,0,0,1,1,0
30,01,082,4,2,2,1,0,1,3,2,1
30,01,091,2,1,1,0,0,0,2,1,1
30,01,093,1,1,0,1,1,0,0,0,0
30,01,107,2,2,0,0,0,0,2,2,0
30,01,112,2,1,1,1,0,1,1,1,0
30,01,114,84,41,43,0,0,0,84,41,43
30,01,115,2,2,0,2,2,0,0,0,0
30,01,116,428,258,170,97,66,31,331,192,139
30,01,122,1,1,0,0,0,0,1,1,0
30,01,123,1273,663,610,329,176,153,944,487,457
30,02,001,99,71,28,21,16,5,78,55,23
30,02,002,2132,1493,639,323,244,79,1809,1249,560
30,02,003,7,6,1,2,2,0,5,4,1
30,02,004,33,22,11,0,0,0,33,22,11
30,02,005,4438,2242,2196,1448,725,723,2990,1517,1473
30,02,006,42143,24638,17505,7874,4599,3275,34269,20039,14230
30,02,007,41440,22344,19096,8930,4953,3977,32510,17391,15119
30,02,008,111,91,20,87,74,13,24,17,7
30,02,009,383490,186379,197111,207991,100549,107442,175499,85830,89669
30,02,010,95,56,39,4,3,1,91,53,38
30,02,011,7528,4461,3067,1073,663,410,6455,3798,2657
30,02,012,33,28,5,6,4,2,27,24,3
30,02,013,61978,32299,29679,25036,12964,12072,36942,19335,17607
30,02,014,805,542,263,283,193,90,522,349,173
30,02,015,1423,1089,334,465,391,74,958,698,260
30,02,016,1149,665,484,170,101,69,979,564,415
30,02,017,27,14,13,19,9,10,8,5,3
30,02,018,5,3,2,0,0,0,5,3,2
30,02,019,270,146,124,12,9,3,258,137,121
30,02,020,3761,2190,1571,977,557,420,2784,1633,1151
30,02,021,6107,3282,2825,1492,815,677,4615,2467,2148
30,02,022,28100,14660,13440,3061,1628,1433,25039,13032,12007
30,02,023,11,11,0,0,0,0,11,11,0
30,02,025,1,0,1,0,0,0,1,0,1
30,02,028,16,8,8,11,4,7,5,4,1
30,02,030,76,32,44,3,1,2,73,31,42
30,02,037,7,4,3,0,0,0,7,4,3
30,02,040,2526,1203,1323,620,292,328,1906,911,995
30,02,041,4,4,0,0,0,0,4,4,0
30,02,043,3,1,2,0,0,0,3,1,2
30,02,044,10,8,2,0,0,0,10,8,2
30,02,054,11,6,5,11,6,5,0,0,0
30,02,055,7,4,3,0,0,0,7,4,3
30,02,062,2,2,0,0,0,0,2,2,0
30,02,065,8,5,3,0,0,0,8,5,3
30,02,067,2,2,0,0,0,0,2,2,0
30,02,072,121,74,47,111,69,42,10,5,5
30,02,075,26,14,12,0,0,0,26,14,12
30,02,078,4,2,2,0,0,0,4,2,2
30,02,082,6,6,0,0,0,0,6,6,0
30,02,090,18,14,4,9,7,2,9,7,2
30,02,091,1,1,0,1,1,0,0,0,0
30,02,092,3,3,0,0,0,0,3,3,0
30,02,096,2,2,0,0,0,0,2,2,0
30,02,098,1,1,0,0,0,0,1,1,0
30,02,114,8,5,3,1,0,1,7,5,2
30,02,115,2,2,0,2,2,0,0,0,0
30,02,116,368,209,159,97,59,38,271,150,121
30,02,120,1,1,0,0,0,0,1,1,0
30,02,123,676,401,275,127,62,65,549,339,210
31,01,002,24,17,7,4,3,1,20,14,6
31,01,005,106,103,3,24,22,2,82,81,1
31,01,006,108,98,10,20,16,4,88,82,6
31,01,007,39,28,11,23,15,8,16,13,3
31,01,009,310,171,139,200,99,101,110,72,38
31,01,011,51555,26638,24917,33184,16827,16357,18371,9811,8560
31,01,013,60,53,7,15,13,2,45,40,5
31,01,014,3,1,2,0,0,0,3,1,2
31,01,015,9,8,1,1,1,0,8,7,1
31,01,016,9,8,1,0,0,0,9,8,1
31,01,019,1,1,0,0,0,0,1,1,0
31,01,020,386,364,22,173,171,2,213,193,20
31,01,021,28,16,12,7,5,2,21,11,10
31,01,022,26,14,12,3,2,1,23,12,11
31,01,031,1,0,1,0,0,0,1,0,1
31,01,040,1,1,0,0,0,0,1,1,0
31,01,075,2,2,0,0,0,0,2,2,0
31,01,116,1,1,0,0,0,0,1,1,0
31,01,123,7981,3607,4374,29,17,12,7952,3590,4362
32,01,002,78,62,16,59,50,9,19,12,7
32,01,005,752,391,361,701,366,335,51,25,26
32,01,006,1671,946,725,1151,623,528,520,323,197
32,01,007,50575,25630,24945,39928,20284,19644,10647,5346,5301
32,01,009,17199,8774,8425,12661,6497,6164,4538,2277,2261
32,01,011,979827,475310,504517,778159,378525,399634,201668,96785,104883
32,01,013,24382,12170,12212,23873,11899,11974,509,271,238
32,01,014,31,18,13,14,8,6,17,10,7
32,01,015,85,84,1,83,82,1,2,2,0
32,01,016,55,26,29,55,26,29,0,0,0
32,01,017,106,55,51,106,55,51,0,0,0
32,01,020,5065,2887,2178,3369,1952,1417,1696,935,761
32,01,021,566,292,274,389,201,188,177,91,86
32,01,022,6297,3038,3259,5396,2590,2806,901,448,453
32,01,028,266,139,127,235,122,113,31,17,14
32,01,037,3,1,2,0,0,0,3,1,2
32,01,040,67,38,29,65,37,28,2,1,1
32,01,062,4,2,2,4,2,2,0,0,0
32,01,072,5,3,2,0,0,0,5,3,2
32,01,084,1,1,0,1,1,0,0,0,0
32,01,116,116919,58163,58756,104017,51828,52189,12902,6335,6567
32,01,123,124,53,71,112,48,64,12,5,7
32,02,001,71,63,8,12,10,2,59,53,6
32,02,002,162,126,36,19,14,5,143,112,31
32,02,004,53,47,6,0,0,0,53,47,6
32,02,005,3364,1613,1751,1749,856,893,1615,757,858
32,02,006,2102,1657,445,287,219,68,1815,1438,377
32,02,007,2512,1770,742,720,469,251,1792,1301,491
32,02,008,1,1,0,0,0,0,1,1,0
32,02,009,1895,898,997,113,59,54,1782,839,943
32,02,010,2,2,0,0,0,0,2,2,0
32,02,011,2383901,1137466,1246435,1188927,574378,614549,1194974,563088,631886
32,02,012,8,8,0,0,0,0,8,8,0
32,02,013,768,457,311,281,148,133,487,309,178
32,02,014,168,132,36,14,8,6,154,124,30
32,02,015,534,498,36,99,90,9,435,408,27
32,02,016,196,173,23,7,6,1,189,167,22
32,02,017,11,8,3,6,3,3,5,5,0
32,02,019,6,3,3,0,0,0,6,3,3
32,02,020,9560,5881,3679,3112,1921,1191,6448,3960,2488
32,02,021,2333,1378,955,290,166,124,2043,1212,831
32,02,022,548,277,271,243,110,133,305,167,138
32,02,023,1,1,0,1,1,0,0,0,0
32,02,025,2,0,2,0,0,0,2,0,2
32,02,028,307,142,165,26,13,13,281,129,152
32,02,033,1,1,0,0,0,0,1,1,0
32,02,040,165,71,94,40,15,25,125,56,69
32,02,071,1,1,0,0,0,0,1,1,0
32,02,073,2,2,0,0,0,0,2,2,0
32,02,092,1,0,1,1,0,1,0,0,0
32,02,106,1,1,0,0,0,0,1,1,0
32,02,114,1,1,0,0,0,0,1,1,0
32,02,116,202,101,101,88,46,42,114,55,59
32,02,123,77,38,39,23,12,11,54,26,28
32,03,001,1,0,1,1,0,1,0,0,0
32,03,002,23,16,7,19,13,6,4,3,1
32,03,004,1,1,0,1,1,0,0,0,0
32,03,005,889,456,433,821,419,402,68,37,31
32,03,006,799,452,347,784,444,340,15,8,7
32,03,007,9948,5012,4936,9289,4669,4620,659,343,316
32,03,009,115,54,61,94,44,50,21,10,11
32,03,011,754116,377241,376875,726604,363553,363051,27512,13688,13824
32,03,013,192,115,77,169,103,66,23,12,11
32,03,014,55,36,19,46,30,16,9,6,3
32,03,015,190,102,88,190,102,88,0,0,0
32,03,016,10,9,1,10,9,1,0,0,0
32,03,017,7,4,3,7,4,3,0,0,0
32,03,020,10172,5727,4445,9219,5166,4053,953,561,392
32,03,021,1886,941,945,1598,794,804,288,147,141
32,03,022,188,111,77,161,95,66,27,16,11
32,03,025,10,5,5,10,5,5,0,0,0
32,03,028,125,61,64,125,61,64,0,0,0
32,03,030,433,230,203,433,230,203,0,0,0
32,03,037,16,6,10,16,6,10,0,0,0
32,03,040,74,38,36,60,30,30,14,8,6
32,03,043,1,1,0,1,1,0,0,0,0
32,03,079,4,3,1,4,3,1,0,0,0
32,03,103,1,0,1,1,0,1,0,0,0
32,03,114,3,2,1,3,2,1,0,0,0
32,03,116,982,472,510,965,462,503,17,10,7
32,03,123,378,178,200,376,178,198,2,0,2
32,04,001,16,7,9,13,7,6,3,0,3
32,04,002,177,125,52,54,35,19,123,90,33
32,04,003,5,3,2,2,2,0,3,1,2
32,04,004,5,3,2,0,0,0,5,3,2
32,04,005,3764,1781,1983,1694,786,908,2070,995,1075
32,04,006,1922,1298,624,601,499,102,1321,799,522
32,04,007,1238,633,605,486,264,222,752,369,383
32,04,009,1120,528,592,33,11,22,1087,517,570
32,04,010,8,8,0,1,1,0,7,7,0
32,04,011,2852482,1384526,1467956,1768376,858123,910253,1084106,526403,557703
32,04,012,10,5,5,7,4,3,3,1,2
32,04,013,842,474,368,345,194,151,497,280,217
32,04,014,145,93,52,94,56,38,51,37,14
32,04,015,211,198,13,23,23,0,188,175,13
32,04,016,63,40,23,17,14,3,46,26,20
32,04,017,3,3,0,2,2,0,1,1,0
32,04,019,97,46,51,1,0,1,96,46,50
32,04,020,13298,7674,5624,5116,2997,2119,8182,4677,3505
32,04,021,2138,1098,1040,653,366,287,1485,732,753
32,04,022,623,336,287,40,29,11,583,307,276
32,04,025,7,5,2,0,0,0,7,5,2
32,04,028,241,118,123,147,76,71,94,42,52
32,04,030,1,0,1,1,0,1,0,0,0
32,04,040,342,156,186,47,26,21,295,130,165
32,04,043,2,2,0,2,2,0,0,0,0
32,04,055,2,1,1,2,1,1,0,0,0
32,04,058,1,1,0,0,0,0,1,1,0
32,04,072,3,2,1,2,2,0,1,0,1
32,04,079,5,2,3,5,2,3,0,0,0
32,04,082,4,4,0,4,4,0,0,0,0
32,04,086,1,1,0,1,1,0,0,0,0
32,04,090,1,1,0,0,0,0,1,1,0
32,04,093,1,1,0,1,1,0,0,0,0
32,04,095,1,0,1,0,0,0,1,0,1
32,04,109,1,0,1,0,0,0,1,0,1
32,04,116,146,78,68,69,31,38,77,47,30
32,04,123,205,107,98,135,73,62,70,34,36
32,05,001,28,27,1,28,27,1,0,0,0
32,05,002,91,65,26,72,48,24,19,17,2
32,05,003,3,2,1,0,0,0,3,2,1
32,05,005,1059,504,555,887,416,471,172,88,84
32,05,006,683,456,227,576,384,192,107,72,35
32,05,007,1276,710,566,1210,674,536,66,36,30
32,05,009,127,56,71,101,42,59,26,14,12
32,05,011,3604887,1741460,1863427,3251698,1570578,1681120,353189,170882,182307
32,05,012,1,1,0,1,1,0,0,0,0
32,05,013,591,351,240,429,255,174,162,96,66
32,05,014,58,39,19,44,34,10,14,5,9
32,05,015,62,50,12,54,45,9,8,5,3
32,05,016,25,13,12,24,12,12,1,1,0
32,05,019,1,1,0,1,1,0,0,0,0
32,05,020,13264,8994,4270,11165,7601,3564,2099,1393,706
32,05,021,2001,1122,879,1843,1034,809,158,88,70
32,05,022,370,242,128,289,195,94,81,47,34
32,05,028,28,15,13,25,14,11,3,1,2
32,05,030,416,206,210,416,206,210,0,0,0
32,05,040,194,94,100,159,75,84,35,19,16
32,05,093,3,2,1,3,2,1,0,0,0
32,05,116,221,128,93,196,112,84,25,16,9
32,05,123,82,38,44,80,38,42,2,0,2
32,06,001,5,1,4,1,1,0,4,0,4
32,06,002,60,39,21,27,22,5,33,17,16
32,06,005,387,183,204,220,113,107,167,70,97
32,06,006,778,488,290,477,317,160,301,171,130
32,06,007,6785,3338,3447,5630,2758,2872,1155,580,575
32,06,008,1,1,0,1,1,0,0,0,0
32,06,009,268,133,135,168,85,83,100,48,52
32,06,010,6,4,2,6,4,2,0,0,0
32,06,011,2408847,1162113,1246734,2099711,1012313,1087398,309136,149800,159336
32,06,012,17,16,1,16,16,0,1,0,1
32,06,013,354,211,143,215,122,93,139,89,50
32,06,014,118,74,44,102,63,39,16,11,5
32,06,015,58,41,17,48,34,14,10,7,3
32,06,016,10,9,1,7,6,1,3,3,0
32,06,017,11,8,3,1,1,0,10,7,3
32,06,020,160991,80920,80071,120620,60794,59826,40371,20126,20245
32,06,021,21854,10888,10966,17925,8938,8987,3929,1950,1979
32,06,022,2098,1025,1073,1177,572,605,921,453,468
32,06,025,1,0,1,1,0,1,0,0,0
32,06,028,14,7,7,11,4,7,3,3,0
32,06,037,3,2,1,3,2,1,0,0,0
32,06,040,438,219,219,317,160,157,121,59,62
32,06,116,247,129,118,140,75,65,107,54,53
32,06,123,14131,7136,6995,14083,7114,6969,48,22,26
32,07,001,4,1,3,1,0,1,3,1,2
32,07,002,414,357,57,36,26,10,378,331,47
32,07,005,176,78,98,124,49,75,52,29,23
32,07,006,894,554,340,423,238,185,471,316,155
32,07,007,2767,1384,1383,2452,1230,1222,315,154,161
32,07,008,1,0,1,0,0,0,1,0,1
32,07,009,2170,1093,1077,1342,689,653,828,404,424
32,07,011,2943407,1405035,1538372,2115552,1007879,1107673,827855,397156,430699
32,07,012,2,2,0,0,0,0,2,2,0
32,07,013,643,365,278,311,161,150,332,204,128
32,07,014,112,80,32,62,39,23,50,41,9
32,07,015,128,107,21,92,85,7,36,22,14
32,07,016,33,18,15,7,3,4,26,15,11
32,07,017,15,7,8,4,2,2,11,5,6
32,07,019,15,7,8,0,0,0,15,7,8
32,07,020,18772,10641,8131,11038,6254,4784,7734,4387,3347
32,07,021,3562,1777,1785,2778,1387,1391,784,390,394
32,07,022,654,336,318,344,168,176,310,168,142
32,07,025,2,2,0,0,0,0,2,2,0
32,07,028,13,6,7,4,3,1,9,3,6
32,07,040,78,35,43,51,26,25,27,9,18
32,07,068,1,0,1,1,0,1,0,0,0
32,07,109,1,0,1,0,0,0,1,0,1
32,07,115,15,15,0,15,15,0,0,0,0
32,07,116,287,135,152,112,51,61,175,84,91
32,07,123,66,17,49,50,10,40,16,7,9
32,08,001,140,116,24,36,33,3,104,83,21
32,08,002,1113,669,444,62,40,22,1051,629,422
32,08,003,6,1,5,0,0,0,6,1,5
32,08,004,46,32,14,0,0,0,46,32,14
32,08,005,3152,1607,1545,386,174,212,2766,1433,1333
32,08,006,12276,7378,4898,628,435,193,11648,6943,4705
32,08,007,1869,990,879,347,187,160,1522,803,719
32,08,008,72,54,18,0,0,0,72,54,18
32,08,009,26820,13239,13581,3029,1525,1504,23791,11714,12077
32,08,010,25,15,10,0,0,0,25,15,10
32,08,011,3006860,1484355,1522505,1612639,799077,813562,1394221,685278,708943
32,08,012,38,25,13,2,0,2,36,25,11
32,08,013,1680,966,714,97,57,40,1583,909,674
32,08,014,332,231,101,63,51,12,269,180,89
32,08,015,1222,925,297,502,385,117,720,540,180
32,08,016,992,562,430,23,20,3,969,542,427
32,08,017,5,1,4,0,0,0,5,1,4
32,08,018,2,1,1,0,0,0,2,1,1
32,08,019,951,463,488,2,1,1,949,462,487
32,08,020,39013,22000,17013,9940,6126,3814,29073,15874,13199
32,08,021,3951,2142,1809,444,251,193,3507,1891,1616
32,08,022,1271,628,643,18,9,9,1253,619,634
32,08,023,4,3,1,1,0,1,3,3,0
32,08,028,40,29,11,19,12,7,21,17,4
32,08,030,1,0,1,0,0,0,1,0,1
32,08,037,8,3,5,0,0,0,8,3,5
32,08,040,2035,931,1104,223,105,118,1812,826,986
32,08,043,1,1,0,0,0,0,1,1,0
32,08,051,1,1,0,0,0,0,1,1,0
32,08,055,3,1,2,0,0,0,3,1,2
32,08,058,2,1,1,0,0,0,2,1,1
32,08,068,10,6,4,0,0,0,10,6,4
32,08,069,1,1,0,0,0,0,1,1,0
32,08,079,10,6,4,0,0,0,10,6,4
32,08,082,3,3,0,0,0,0,3,3,0
32,08,091,6,5,1,0,0,0,6,5,1
32,08,093,3,2,1,1,1,0,2,1,1
32,08,095,2,1,1,1,0,1,1,1,0
32,08,108,1,0,1,1,0,1,0,0,0
32,08,109,1,0,1,1,0,1,0,0,0
32,08,110,4,2,2,0,0,0,4,2,2
32,08,111,1,0,1,1,0,1,0,0,0
32,08,114,6,1,5,0,0,0,6,1,5
32,08,116,1271,633,638,211,104,107,1060,529,531
32,08,123,548,367,181,36,16,20,512,351,161
32,09,001,7,6,1,6,6,0,1,0,1
32,09,002,42,29,13,40,28,12,2,1,1
32,09,005,469,243,226,401,212,189,68,31,37
32,09,006,272,181,91,264,175,89,8,6,2
32,09,007,2245,1139,1106,2240,1137,1103,5,2,3
32,09,008,12,9,3,12,9,3,0,0,0
32,09,009,97,55,42,96,55,41,1,0,1
32,09,011,900907,451073,449834,844188,422946,421242,56719,28127,28592
32,09,013,252,121,131,219,100,119,33,21,12
32,09,014,72,52,20,70,51,19,2,1,1
32,09,015,26,18,8,24,16,8,2,2,0
32,09,016,27,13,14,27,13,14,0,0,0
32,09,020,221734,112195,109539,221086,111820,109266,648,375,273
32,09,021,2357,1184,1173,2277,1144,1133,80,40,40
32,09,022,91,50,41,91,50,41,0,0,0
32,09,028,81,42,39,79,40,39,2,2,0
32,09,037,14,8,6,14,8,6,0,0,0
32,09,040,168,92,76,162,90,72,6,2,4
32,09,055,3,2,1,3,2,1,0,0,0
32,09,116,130,64,66,115,56,59,15,8,7
32,09,123,215,106,109,214,106,108,1,0,1
32,10,001,49,27,22,34,17,17,15,10,5
32,10,002,89,51,38,58,30,28,31,21,10
32,10,005,1041,498,543,867,416,451,174,82,92
32,10,006,653,410,243,363,228,135,290,182,108
32,10,007,396,202,194,262,139,123,134,63,71
32,10,008,2,2,0,2,2,0,0,0,0
32,10,009,1232,601,631,362,168,194,870,433,437
32,10,011,1933792,953337,980455,1644006,811910,832096,289786,141427,148359
32,10,012,5,3,2,1,0,1,4,3,1
32,10,013,370,215,155,178,98,80,192,117,75
32,10,014,262,165,97,99,69,30,163,96,67
32,10,015,63,55,8,59,53,6,4,2,2
32,10,016,20,11,9,13,6,7,7,5,2
32,10,020,13940,8484,5456,6737,4286,2451,7203,4198,3005
32,10,021,1142,579,563,340,178,162,802,401,401
32,10,022,47,23,24,21,11,10,26,12,14
32,10,026,9,7,2,9,7,2,0,0,0
32,10,028,59,35,24,53,31,22,6,4,2
32,10,040,169,74,95,159,70,89,10,4,6
32,10,070,5,1,4,5,1,4,0,0,0
32,10,082,5,2,3,0,0,0,5,2,3
32,10,116,273,134,139,192,91,101,81,43,38
32,10,123,23,10,13,18,8,10,5,2,3
32,11,001,14,6,8,14,6,8,0,0,0
32,11,002,61,39,22,37,20,17,24,19,5
32,11,005,999,464,535,605,276,329,394,188,206
32,11,006,570,309,261,274,150,124,296,159,137
32,11,007,241,138,103,73,34,39,168,104,64
32,11,009,7918,3844,4074,3240,1562,1678,4678,2282,2396
32,11,011,2089802,1004326,1085476,1479950,708726,771224,609852,295600,314252
32,11,012,4,2,2,0,0,0,4,2,2
32,11,013,354,195,159,79,45,34,275,150,125
32,11,014,120,80,40,68,42,26,52,38,14
32,11,015,8,4,4,7,3,4,1,1,0
32,11,016,3,0,3,2,0,2,1,0,1
32,11,017,3,1,2,3,1,2,0,0,0
32,11,019,42,18,24,3,0,3,39,18,21
32,11,020,7202,4222,2980,2850,1758,1092,4352,2464,1888
32,11,021,801,405,396,178,97,81,623,308,315
32,11,022,136,65,71,3,1,2,133,64,69
32,11,028,12,7,5,10,5,5,2,2,0
32,11,040,402,182,220,167,78,89,235,104,131
32,11,055,1,0,1,1,0,1,0,0,0
32,11,106,1,0,1,1,0,1,0,0,0
32,11,116,447,214,233,136,63,73,311,151,160
32,11,123,19,8,11,2,0,2,17,8,9
32,12,001,30,19,11,28,17,11,2,2,0
32,12,002,89,69,20,82,65,17,7,4,3
32,12,005,495,227,268,479,219,260,16,8,8
32,12,006,324,165,159,245,120,125,79,45,34
32,12,007,153,68,85,94,37,57,59,31,28
32,12,009,233,110,123,104,54,50,129,56,73
32,12,011,1221743,581756,639987,1100166,523540,576626,121577,58216,63361
32,12,013,203,118,85,95,54,41,108,64,44
32,12,014,61,40,21,57,38,19,4,2,2
32,12,015,27,20,7,26,19,7,1,1,0
32,12,016,9,5,4,3,2,1,6,3,3
32,12,019,8,4,4,0,0,0,8,4,4
32,12,020,10032,6497,3535,8368,5422,2946,1664,1075,589
32,12,021,324,170,154,215,120,95,109,50,59
32,12,022,13,6,7,12,5,7,1,1,0
32,12,028,4,2,2,3,1,2,1,1,0
32,12,040,155,66,89,142,61,81,13,5,8
32,12,091,1,0,1,1,0,1,0,0,0
32,12,098,1,0,1,1,0,1,0,0,0
32,12,100,1,0,1,1,0,1,0,0,0
32,12,116,94,46,48,81,39,42,13,7,6
32,12,123,16,10,6,15,10,5,1,0,1
32,13,001,18,8,10,15,6,9,3,2,1
32,13,002,501,479,22,490,473,17,11,6,5
32,13,005,463,201,262,333,139,194,130,62,68
32,13,006,511,289,222,213,122,91,298,167,131
32,13,007,312,152,160,182,80,102,130,72,58
32,13,009,1053,537,516,179,97,82,874,440,434
32,13,010,1,1,0,1,1,0,0,0,0
32,13,011,2556065,1233680,1322385,2102509,1012052,1090457,453556,221628,231928
32,13,012,4,3,1,4,3,1,0,0,0
32,13,013,334,201,133,165,97,68,169,104,65
32,13,014,52,33,19,29,19,10,23,14,9
32,13,015,44,24,20,34,18,16,10,6,4
32,13,016,28,14,14,15,8,7,13,6,7
32,13,019,19,11,8,0,0,0,19,11,8
32,13,020,22837,12501,10336,14461,7991,6470,8376,4510,3866
32,13,021,2004,1010,994,215,111,104,1789,899,890
32,13,022,175,102,73,67,43,24,108,59,49
32,13,023,2,2,0,2,2,0,0,0,0
32,13,026,1,1,0,1,1,0,0,0,0
32,13,028,20,13,7,18,12,6,2,1,1
32,13,037,2,1,1,2,1,1,0,0,0
32,13,040,428,203,225,117,61,56,311,142,169
32,13,054,1,1,0,1,1,0,0,0,0
32,13,082,9,3,6,9,3,6,0,0,0
32,13,093,1,1,0,1,1,0,0,0,0
32,13,116,263,123,140,118,51,67,145,72,73
32,13,123,60,27,33,49,22,27,11,5,6
32,14,001,38,25,13,12,9,3,26,16,10
32,14,002,487,317,170,159,135,24,328,182,146
32,14,003,7,7,0,6,6,0,1,1,0
32,14,004,21,16,5,12,10,2,9,6,3
32,14,005,731,378,353,312,169,143,419,209,210
32,14,006,2931,1836,1095,878,611,267,2053,1225,828
32,14,007,1089,604,485,214,120,94,875,484,391
32,14,008,94,57,37,44,27,17,50,30,20
32,14,009,1129,530,599,40,20,20,1089,510,579
32,14,010,6,3,3,2,2,0,4,1,3
32,14,011,3167111,1535281,1631830,2127719,1027770,1099949,1039392,507511,531881
32,14,012,20,13,7,10,4,6,10,9,1
32,14,013,880,578,302,314,257,57,566,321,245
32,14,014,1129,839,290,66,48,18,1063,791,272
32,14,015,374,298,76,246,225,21,128,73,55
32,14,016,197,129,68,58,48,10,139,81,58
32,14,017,5,3,2,0,0,0,5,3,2
32,14,018,1,0,1,0,0,0,1,0,1
32,14,019,66,31,35,0,0,0,66,31,35
32,14,020,51091,25517,25574,12026,5496,6530,39065,20021,19044
32,14,021,3714,1875,1839,195,112,83,3519,1763,1756
32,14,022,981,464,517,118,59,59,863,405,458
32,14,023,4,2,2,0,0,0,4,2,2
32,14,025,1,1,0,0,0,0,1,1,0
32,14,028,35,13,22,13,5,8,22,8,14
32,14,031,3,0,3,0,0,0,3,0,3
32,14,033,1,1,0,0,0,0,1,1,0
32,14,037,8,4,4,1,1,0,7,3,4
32,14,040,372,199,173,68,34,34,304,165,139
32,14,062,1,1,0,0,0,0,1,1,0
32,14,071,1,1,0,1,1,0,0,0,0
32,14,073,1,0,1,0,0,0,1,0,1
32,14,079,1,0,1,0,0,0,1,0,1
32,14,082,12,10,2,6,6,0,6,4,2
32,14,090,9,6,3,2,2,0,7,4,3
32,14,095,2,2,0,2,2,0,0,0,0
32,14,098,3,2,1,0,0,0,3,2,1
32,14,114,10,5,5,0,0,0,10,5,5
32,14,116,1513,735,778,135,67,68,1378,668,710
32,14,122,1,1,0,0,0,0,1,1,0
32,14,123,276,133,143,36,19,17,240,114,126
33,01,001,96,72,24,8,5,3,88,67,21
33,01,002,1254,732,522,83,44,39,1171,688,483
33,01,004,19,13,6,0,0,0,19,13,6
33,01,005,2161,1110,1051,159,84,75,2002,1026,976
33,01,006,19206,11300,7906,2511,1478,1033,16695,9822,6873
33,01,007,7614,3880,3734,1419,690,729,6195,3190,3005
33,01,008,12,7,5,1,0,1,11,7,4
33,01,009,324,173,151,44,31,13,280,142,138
33,01,010,11,7,4,0,0,0,11,7,4
33,01,011,44926,23507,21419,3540,1842,1698,41386,21665,19721
33,01,012,55,44,11,0,0,0,55,44,11
33,01,013,4205,2186,2019,396,204,192,3809,1982,1827
33,01,014,739,420,319,99,54,45,640,366,274
33,01,015,1583,1108,475,853,645,208,730,463,267
33,01,016,588,316,272,9,6,3,579,310,269
33,01,018,1,1,0,0,0,0,1,1,0
33,01,019,38,19,19,0,0,0,38,19,19
33,01,020,2270316,1150994,1119322,1040338,521742,518596,1229978,629252,600726
33,01,021,355231,178178,177053,192481,95872,96609,162750,82306,80444
33,01,022,43884,22058,21826,12586,6279,6307,31298,15779,15519
33,01,023,7,5,2,1,1,0,6,4,2
33,01,028,30,17,13,11,5,6,19,12,7
33,01,030,3,1,2,0,0,0,3,1,2
33,01,039,1,0,1,0,0,0,1,0,1
33,01,040,1783,915,868,84,45,39,1699,870,829
33,01,044,8,2,6,6,1,5,2,1,1
33,01,052,29,14,15,0,0,0,29,14,15
33,01,053,3,1,2,0,0,0,3,1,2
33,01,068,1,1,0,0,0,0,1,1,0
33,01,072,2,1,1,0,0,0,2,1,1
33,01,080,3,2,1,0,0,0,3,2,1
33,01,081,1,1,0,0,0,0,1,1,0
33,01,082,1,1,0,0,0,0,1,1,0
33,01,090,1,1,0,0,0,0,1,1,0
33,01,091,6,3,3,0,0,0,6,3,3
33,01,096,7,5,2,0,0,0,7,5,2
33,01,113,1,1,0,0,0,0,1,1,0
33,01,116,91,45,46,3,0,3,88,45,43
33,01,121,1,0,1,0,0,0,1,0,1
33,01,123,514,266,248,42,24,18,472,242,230
33,02,001,180,109,71,0,0,0,180,109,71
33,02,002,4084,2361,1723,0,0,0,4084,2361,1723
33,02,003,2,1,1,0,0,0,2,1,1
33,02,004,15,10,5,0,0,0,15,10,5
33,02,005,26380,13467,12913,0,0,0,26380,13467,12913
33,02,006,104084,56267,47817,0,0,0,104084,56267,47817
33,02,007,22479,11434,11045,0,0,0,22479,11434,11045
33,02,008,148,81,67,0,0,0,148,81,67
33,02,009,2885,1415,1470,0,0,0,2885,1415,1470
33,02,010,33,18,15,0,0,0,33,18,15
33,02,011,113828,59432,54396,0,0,0,113828,59432,54396
33,02,012,74,53,21,0,0,0,74,53,21
33,02,013,18573,9483,9090,0,0,0,18573,9483,9090
33,02,014,1332,850,482,0,0,0,1332,850,482
33,02,015,1784,1249,535,0,0,0,1784,1249,535
33,02,016,3053,1563,1490,0,0,0,3053,1563,1490
33,02,017,24,13,11,0,0,0,24,13,11
33,02,018,9,7,2,0,0,0,9,7,2
33,02,019,6140,3009,3131,0,0,0,6140,3009,3131
33,02,020,3424107,1747890,1676217,0,0,0,3424107,1747890,1676217
33,02,021,419209,211132,208077,0,0,0,419209,211132,208077
33,02,022,180245,92025,88220,0,0,0,180245,92025,88220
33,02,023,17,8,9,0,0,0,17,8,9
33,02,026,3,0,3,0,0,0,3,0,3
33,02,027,1,1,0,0,0,0,1,1,0
33,02,028,82,56,26,0,0,0,82,56,26
33,02,030,24,8,16,0,0,0,24,8,16
33,02,032,1,1,0,0,0,0,1,1,0
33,02,037,49,22,27,0,0,0,49,22,27
33,02,040,11314,5684,5630,0,0,0,11314,5684,5630
33,02,041,1,0,1,0,0,0,1,0,1
33,02,044,5,3,2,0,0,0,5,3,2
33,02,045,2,1,1,0,0,0,2,1,1
33,02,046,6,3,3,0,0,0,6,3,3
33,02,051,3,0,3,0,0,0,3,0,3
33,02,053,35,18,17,0,0,0,35,18,17
33,02,054,14,11,3,0,0,0,14,11,3
33,02,055,1,0,1,0,0,0,1,0,1
33,02,058,20,11,9,0,0,0,20,11,9
33,02,062,7,4,3,0,0,0,7,4,3
33,02,065,2,1,1,0,0,0,2,1,1
33,02,072,63,52,11,0,0,0,63,52,11
33,02,075,14,10,4,0,0,0,14,10,4
33,02,078,1,0,1,0,0,0,1,0,1
33,02,082,25,17,8,0,0,0,25,17,8
33,02,087,3,1,2,0,0,0,3,1,2
33,02,091,4,4,0,0,0,0,4,4,0
33,02,092,25,25,0,0,0,0,25,25,0
33,02,093,3,0,3,0,0,0,3,0,3
33,02,096,3,2,1,0,0,0,3,2,1
33,02,098,7,3,4,0,0,0,7,3,4
33,02,100,1,1,0,0,0,0,1,1,0
33,02,106,1,0,1,0,0,0,1,0,1
33,02,113,4,2,2,0,0,0,4,2,2
33,02,115,4,1,3,0,0,0,4,1,3
33,02,116,1244,640,604,0,0,0,1244,640,604
33,02,120,1,1,0,0,0,0,1,1,0
33,02,123,1987,1079,908,0,0,0,1987,1079,908
33,03,001,43,30,13,7,6,1,36,24,12
33,03,002,734,422,312,85,62,23,649,360,289
33,03,004,37,24,13,10,8,2,27,16,11
33,03,005,5937,3019,2918,220,115,105,5717,2904,2813
33,03,006,10833,6175,4658,863,545,318,9970,5630,4340
33,03,007,8784,4521,4263,1640,862,778,7144,3659,3485
33,03,008,43,33,10,1,1,0,42,32,10
33,03,009,273,131,142,14,7,7,259,124,135
33,03,010,19,9,10,0,0,0,19,9,10
33,03,011,19309,9994,9315,1847,994,853,17462,9000,8462
33,03,012,52,40,12,32,26,6,20,14,6
33,03,013,4250,2178,2072,184,93,91,4066,2085,1981
33,03,014,377,289,88,60,49,11,317,240,77
33,03,015,466,290,176,32,21,11,434,269,165
33,03,016,578,387,191,22,16,6,556,371,185
33,03,017,8,6,2,0,0,0,8,6,2
33,03,019,19,12,7,1,1,0,18,11,7
33,03,020,2677347,1354933,1322414,1299710,654202,645508,1377637,700731,676906
33,03,021,115171,58037,57134,32864,16610,16254,82307,41427,40880
33,03,022,30476,15253,15223,4649,2328,2321,25827,12925,12902
33,03,023,1,1,0,0,0,0,1,1,0
33,03,027,5,3,2,0,0,0,5,3,2
33,03,028,49,33,16,12,4,8,37,29,8
33,03,030,1,0,1,0,0,0,1,0,1
33,03,037,2,2,0,0,0,0,2,2,0
33,03,040,2001,1067,934,173,95,78,1828,972,856
33,03,043,14,7,7,0,0,0,14,7,7
33,03,053,2,2,0,2,2,0,0,0,0
33,03,072,7,3,4,0,0,0,7,3,4
33,03,082,18,13,5,0,0,0,18,13,5
33,03,087,1,1,0,0,0,0,1,1,0
33,03,089,1,1,0,0,0,0,1,1,0
33,03,090,24,14,10,0,0,0,24,14,10
33,03,095,1,1,0,0,0,0,1,1,0
33,03,106,2,2,0,0,0,0,2,2,0
33,03,111,3,3,0,0,0,0,3,3,0
33,03,113,8,4,4,0,0,0,8,4,4
33,03,114,22,8,14,0,0,0,22,8,14
33,03,116,104,54,50,1,1,0,103,53,50
33,03,123,446,240,206,73,47,26,373,193,180
33,04,001,14,8,6,3,3,0,11,5,6
33,04,002,512,337,175,63,54,9,449,283,166
33,04,004,12,6,6,1,1,0,11,5,6
33,04,005,3820,1930,1890,307,150,157,3513,1780,1733
33,04,006,6788,3815,2973,1449,955,494,5339,2860,2479
33,04,007,20533,10515,10018,17593,9029,8564,2940,1486,1454
33,04,008,2,1,1,0,0,0,2,1,1
33,04,009,17,7,10,1,0,1,16,7,9
33,04,010,4,2,2,3,2,1,1,0,1
33,04,011,4371,2329,2042,842,467,375,3529,1862,1667
33,04,012,20,14,6,14,11,3,6,3,3
33,04,013,7259,3693,3566,4588,2324,2264,2671,1369,1302
33,04,014,119,70,49,65,43,22,54,27,27
33,04,015,145,109,36,79,69,10,66,40,26
33,04,016,149,98,51,61,49,12,88,49,39
33,04,018,48,23,25,2,2,0,46,21,25
33,04,019,20,11,9,0,0,0,20,11,9
33,04,020,2864231,1434333,1429898,1905596,955956,949640,958635,478377,480258
33,04,021,275590,136936,138654,195053,97008,98045,80537,39928,40609
33,04,022,291805,145873,145932,42680,21502,21178,249125,124371,124754
33,04,023,1,1,0,0,0,0,1,1,0
33,04,028,21,15,6,1,1,0,20,14,6
33,04,030,1,0,1,0,0,0,1,0,1
33,04,031,4,3,1,0,0,0,4,3,1
33,04,037,6,2,4,0,0,0,6,2,4
33,04,040,402,212,190,55,40,15,347,172,175
33,04,044,1,0,1,0,0,0,1,0,1
33,04,072,1,1,0,0,0,0,1,1,0
33,04,073,1,1,0,0,0,0,1,1,0
33,04,075,1,0,1,0,0,0,1,0,1
33,04,082,7,3,4,0,0,0,7,3,4
33,04,086,1,1,0,0,0,0,1,1,0
33,04,115,2,2,0,0,0,0,2,2,0
33,04,116,4,3,1,0,0,0,4,3,1
33,04,123,1405,729,676,863,424,439,542,305,237
33,05,001,76,74,2,55,54,1,21,20,1
33,05,002,410,297,113,302,236,66,108,61,47
33,05,003,23,23,0,23,23,0,0,0,0
33,05,005,600,331,269,243,132,111,357,199,158
33,05,006,9433,5384,4049,7380,4213,3167,2053,1171,882
33,05,007,254974,129994,124980,233668,119240,114428,21306,10754,10552
33,05,008,1,1,0,1,1,0,0,0,0
33,05,009,46,21,25,10,4,6,36,17,19
33,05,011,4323,2320,2003,2005,1126,879,2318,1194,1124
33,05,012,4,4,0,4,4,0,0,0,0
33,05,013,8166,4136,4030,5585,2796,2789,2581,1340,1241
33,05,014,218,152,66,176,123,53,42,29,13
33,05,015,685,576,109,641,559,82,44,17,27
33,05,016,26,16,10,15,11,4,11,5,6
33,05,017,2,2,0,0,0,0,2,2,0
33,05,019,11,4,7,10,3,7,1,1,0
33,05,020,2011837,1040669,971168,1722633,892168,830465,289204,148501,140703
33,05,021,450304,230536,219768,368121,188857,179264,82183,41679,40504
33,05,022,114422,58663,55759,58953,30284,28669,55469,28379,27090
33,05,037,3,2,1,3,2,1,0,0,0
33,05,040,199,107,92,78,46,32,121,61,60
33,05,043,2,2,0,0,0,0,2,2,0
33,05,055,1,0,1,0,0,0,1,0,1
33,05,065,1,1,0,0,0,0,1,1,0
33,05,082,6,2,4,0,0,0,6,2,4
33,05,084,2,1,1,0,0,0,2,1,1
33,05,093,3,3,0,0,0,0,3,3,0
33,05,100,1,0,1,0,0,0,1,0,1
33,05,111,5,2,3,5,2,3,0,0,0
33,05,115,1,1,0,1,1,0,0,0,0
33,05,116,32,9,23,10,3,7,22,6,16
33,05,123,483,264,219,432,234,198,51,30,21
33,06,002,1,0,1,0,0,0,1,0,1
33,06,005,695,357,338,10,8,2,685,349,336
33,06,006,1929,1000,929,1682,864,818,247,136,111
33,06,007,1489,734,755,1013,499,514,476,235,241
33,06,011,302,167,135,185,105,80,117,62,55
33,06,013,609,289,320,383,184,199,226,105,121
33,06,014,10,6,4,5,3,2,5,3,2
33,06,015,17,10,7,11,5,6,6,5,1
33,06,016,3,2,1,3,2,1,0,0,0
33,06,020,2111034,1058086,1052948,1736557,871012,865545,374477,187074,187403
33,06,021,39235,19963,19272,30960,15857,15103,8275,4106,4169
33,06,022,30622,15147,15475,14390,7108,7282,16232,8039,8193
33,06,026,1,0,1,1,0,1,0,0,0
33,06,040,151,83,68,149,82,67,2,1,1
33,06,114,1,1,0,1,1,0,0,0,0
33,06,116,11,6,5,2,1,1,9,5,4
33,06,123,15,8,7,12,7,5,3,1,2
33,07,002,14,7,7,9,4,5,5,3,2
33,07,005,147,78,69,89,48,41,58,30,28
33,07,006,1612,870,742,418,229,189,1194,641,553
33,07,007,1440,755,685,950,504,446,490,251,239
33,07,011,821,425,396,273,132,141,548,293,255
33,07,013,314,184,130,58,35,23,256,149,107
33,07,014,66,48,18,55,41,14,11,7,4
33,07,015,12,7,5,6,4,2,6,3,3
33,07,017,6,3,3,4,2,2,2,1,1
33,07,019,1,1,0,1,1,0,0,0,0
33,07,020,2868558,1446597,1421961,2471842,1246757,1225085,396716,199840,196876
33,07,021,42917,21443,21474,31013,15541,15472,11904,5902,6002
33,07,022,43887,21724,22163,28481,13980,14501,15406,7744,7662
33,07,028,7,5,2,4,2,2,3,3,0
33,07,040,356,190,166,40,31,9,316,159,157
33,07,123,215,105,110,213,104,109,2,1,1
33,08,001,14,11,3,7,6,1,7,5,2
33,08,002,140,89,51,10,5,5,130,84,46
33,08,005,20130,10022,10108,152,84,68,19978,9938,10040
33,08,006,5968,3470,2498,1500,886,614,4468,2584,1884
33,08,007,75183,38281,36902,14615,7572,7043,60568,30709,29859
33,08,008,5,3,2,1,1,0,4,2,2
33,08,009,111,55,56,12,7,5,99,48,51
33,08,010,3,0,3,0,0,0,3,0,3
33,08,011,9677,5002,4675,1251,673,578,8426,4329,4097
33,08,012,1,1,0,1,1,0,0,0,0
33,08,013,2650,1459,1191,624,341,283,2026,1118,908
33,08,014,63,47,16,30,19,11,33,28,5
33,08,015,158,101,57,74,56,18,84,45,39
33,08,016,90,49,41,8,6,2,82,43,39
33,08,017,1,1,0,0,0,0,1,1,0
33,08,019,389,204,185,1,1,0,388,203,185
33,08,020,2654609,1378717,1275892,1529865,802210,727655,1124744,576507,548237
33,08,021,199034,101628,97406,72915,37794,35121,126119,63834,62285
33,08,022,47172,23961,23211,4677,2530,2147,42495,21431,21064
33,08,023,1,1,0,0,0,0,1,1,0
33,08,026,1,1,0,1,1,0,0,0,0
33,08,028,13,9,4,9,6,3,4,3,1
33,08,030,1,1,0,1,1,0,0,0,0
33,08,037,5,5,0,5,5,0,0,0,0
33,08,040,367,208,159,186,122,64,181,86,95
33,08,059,1,0,1,0,0,0,1,0,1
33,08,066,1,1,0,1,1,0,0,0,0
33,08,072,1,1,0,0,0,0,1,1,0
33,08,082,19,19,0,19,19,0,0,0,0
33,08,087,1,1,0,0,0,0,1,1,0
33,08,093,1,0,1,0,0,0,1,0,1
33,08,116,34,17,17,5,3,2,29,14,15
33,08,123,502,268,234,192,103,89,310,165,145
33,09,001,3,3,0,2,2,0,1,1,0
33,09,002,45,38,7,9,5,4,36,33,3
33,09,005,2691,1319,1372,106,54,52,2585,1265,1320
33,09,006,818,506,312,262,151,111,556,355,201
33,09,007,32654,16412,16242,6639,3342,3297,26015,13070,12945
33,09,008,5,3,2,5,3,2,0,0,0
33,09,009,9,6,3,4,2,2,5,4,1
33,09,011,3568,1672,1896,1852,840,1012,1716,832,884
33,09,012,109,41,68,93,41,52,16,0,16
33,09,013,257,138,119,28,15,13,229,123,106
33,09,014,35,22,13,5,3,2,30,19,11
33,09,015,31,22,9,16,9,7,15,13,2
33,09,016,3,2,1,1,1,0,2,1,1
33,09,017,1,1,0,1,1,0,0,0,0
33,09,019,1,1,0,1,1,0,0,0,0
33,09,020,1289768,656212,633556,831069,422828,408241,458699,233384,225315
33,09,021,146545,74772,71773,103674,52862,50812,42871,21910,20961
33,09,022,16734,8294,8440,4380,2169,2211,12354,6125,6229
33,09,028,7,4,3,5,3,2,2,1,1
33,09,032,2,0,2,2,0,2,0,0,0
33,09,040,95,50,45,48,25,23,47,25,22
33,09,072,1,1,0,0,0,0,1,1,0
33,09,116,4,1,3,0,0,0,4,1,3
33,09,123,76,31,45,28,8,20,48,23,25
33,10,001,7,7,0,7,7,0,0,0,0
33,10,002,55,50,5,27,27,0,28,23,5
33,10,004,16,16,0,16,16,0,0,0,0
33,10,005,1131,576,555,312,160,152,819,416,403
33,10,006,2763,1662,1101,859,579,280,1904,1083,821
33,10,007,120402,60509,59893,97755,49172,48583,22647,11337,11310
33,10,008,3,3,0,3,3,0,0,0,0
33,10,009,24,11,13,0,0,0,24,11,13
33,10,011,8421,4225,4196,1190,607,583,7231,3618,3613
33,10,012,32,4,28,6,4,2,26,0,26
33,10,013,657,356,301,139,75,64,518,281,237
33,10,014,95,59,36,51,33,18,44,26,18
33,10,015,101,96,5,95,92,3,6,4,2
33,10,016,25,22,3,18,18,0,7,4,3
33,10,019,40,19,21,3,3,0,37,16,21
33,10,020,2165055,1098109,1066946,1114030,566381,547649,1051025,531728,519297
33,10,021,262041,133141,128900,167422,85458,81964,94619,47683,46936
33,10,022,19320,9733,9587,4769,2366,2403,14551,7367,7184
33,10,028,8,8,0,7,7,0,1,1,0
33,10,040,1011,520,491,641,329,312,370,191,179
33,10,044,2,1,1,0,0,0,2,1,1
33,10,053,21,15,6,0,0,0,21,15,6
33,10,086,1,0,1,0,0,0,1,0,1
33,10,090,1,0,1,0,0,0,1,0,1
33,10,116,14,8,6,0,0,0,14,8,6
33,10,123,254,128,126,187,99,88,67,29,38
33,11,001,43,26,17,1,0,1,42,26,16
33,11,002,320,179,141,31,19,12,289,160,129
33,11,004,25,15,10,0,0,0,25,15,10
33,11,005,367,190,177,40,24,16,327,166,161
33,11,006,4956,2914,2042,536,346,190,4420,2568,1852
33,11,007,190540,92532,98008,103688,50117,53571,86852,42415,44437
33,11,008,33,17,16,4,1,3,29,16,13
33,11,009,237,112,125,8,2,6,229,110,119
33,11,010,1,1,0,0,0,0,1,1,0
33,11,011,129020,63884,65136,54166,26682,27484,74854,37202,37652
33,11,012,9,7,2,3,3,0,6,4,2
33,11,013,2523,1333,1190,318,181,137,2205,1152,1053
33,11,014,663,395,268,211,130,81,452,265,187
33,11,015,247,129,118,143,67,76,104,62,42
33,11,016,493,272,221,17,11,6,476,261,215
33,11,017,6,3,3,4,2,2,2,1,1
33,11,019,143,74,69,1,0,1,142,74,68
33,11,020,379542,189579,189963,129436,64758,64678,250106,124821,125285
33,11,021,32650,16653,15997,13892,7012,6880,18758,9641,9117
33,11,022,12521,6166,6355,865,440,425,11656,5726,5930
33,11,023,265,162,103,147,90,57,118,72,46
33,11,028,30,11,19,17,6,11,13,5,8
33,11,030,671,336,335,385,193,192,286,143,143
33,11,032,1,0,1,0,0,0,1,0,1
33,11,037,37,24,13,12,7,5,25,17,8
33,11,040,1037,482,555,83,46,37,954,436,518
33,11,044,8,6,2,2,2,0,6,4,2
33,11,053,3,2,1,0,0,0,3,2,1
33,11,059,2,2,0,0,0,0,2,2,0
33,11,061,8,4,4,0,0,0,8,4,4
33,11,062,252,126,126,6,2,4,246,124,122
33,11,065,3,2,1,3,2,1,0,0,0
33,11,073,1,0,1,0,0,0,1,0,1
33,11,075,6,5,1,0,0,0,6,5,1
33,11,082,3,0,3,0,0,0,3,0,3
33,11,087,1,1,0,0,0,0,1,1,0
33,11,100,1,1,0,0,0,0,1,1,0
33,11,110,1,1,0,0,0,0,1,1,0
33,11,113,40,19,21,32,12,20,8,7,1
33,11,114,168,82,86,0,0,0,168,82,86
33,11,116,90,44,46,49,19,30,41,25,16
33,11,123,5174,2560,2614,3432,1700,1732,1742,860,882
33,12,001,14,9,5,0,0,0,14,9,5
33,12,002,448,335,113,15,7,8,433,328,105
33,12,003,1,1,0,0,0,0,1,1,0
33,12,004,6,3,3,0,0,0,6,3,3
33,12,005,3546,1805,1741,141,80,61,3405,1725,1680
33,12,006,8753,5051,3702,481,301,180,8272,4750,3522
33,12,007,183137,92108,91029,84883,42654,42229,98254,49454,48800
33,12,008,1,1,0,1,1,0,0,0,0
33,12,009,598,293,305,20,9,11,578,284,294
33,12,011,96567,50108,46459,6861,3450,3411,89706,46658,43048
33,12,012,6,1,5,0,0,0,6,1,5
33,12,013,2832,1533,1299,272,144,128,2560,1389,1171
33,12,014,190,110,80,46,31,15,144,79,65
33,12,015,161,126,35,52,39,13,109,87,22
33,12,016,297,152,145,25,11,14,272,141,131
33,12,019,317,165,152,0,0,0,317,165,152
33,12,020,3408471,1737704,1670767,1136958,576006,560952,2271513,1161698,1109815
33,12,021,537084,271476,265608,219112,110502,108610,317972,160974,156998
33,12,022,27602,14044,13558,2590,1344,1246,25012,12700,12312
33,12,023,3,1,2,0,0,0,3,1,2
33,12,028,32,22,10,0,0,0,32,22,10
33,12,030,4,3,1,2,1,1,2,2,0
33,12,037,1,1,0,0,0,0,1,1,0
33,12,040,1155,603,552,185,112,73,970,491,479
33,12,044,5,2,3,0,0,0,5,2,3
33,12,046,1,0,1,0,0,0,1,0,1
33,12,051,1,1,0,0,0,0,1,1,0
33,12,055,1,0,1,0,0,0,1,0,1
33,12,062,3,2,1,0,0,0,3,2,1
33,12,065,3,1,2,0,0,0,3,1,2
33,12,071,3,2,1,0,0,0,3,2,1
33,12,075,11,5,6,0,0,0,11,5,6
33,12,093,2,2,0,1,1,0,1,1,0
33,12,098,1,0,1,0,0,0,1,0,1
33,12,113,2,1,1,0,0,0,2,1,1
33,12,116,135,69,66,0,0,0,135,69,66
33,12,123,462,291,171,8,6,2,454,285,169
33,13,002,11,9,2,5,4,1,6,5,1
33,13,005,11092,5527,5565,116,56,60,10976,5471,5505
33,13,006,320,231,89,147,126,21,173,105,68
33,13,007,38732,19161,19571,26145,12904,13241,12587,6257,6330
33,13,009,3,1,2,2,1,1,1,0,1
33,13,011,2508,1325,1183,1091,639,452,1417,686,731
33,13,013,106,53,53,33,18,15,73,35,38
33,13,014,50,24,26,21,12,9,29,12,17
33,13,015,107,105,2,107,105,2,0,0,0
33,13,016,3,0,3,1,0,1,2,0,2
33,13,017,1,1,0,1,1,0,0,0,0
33,13,020,1740864,876715,864149,1133034,570439,562595,607830,306276,301554
33,13,021,124589,62652,61937,87691,44058,43633,36898,18594,18304
33,13,022,4245,2122,2123,1111,570,541,3134,1552,1582
33,13,028,11,6,5,5,3,2,6,3,3
33,13,040,252,144,108,223,124,99,29,20,9
33,13,074,31,16,15,0,0,0,31,16,15
33,13,123,89,45,44,29,13,16,60,32,28
33,14,002,122,102,20,66,55,11,56,47,9
33,14,005,247,116,131,44,25,19,203,91,112
33,14,006,309,193,116,56,32,24,253,161,92
33,14,007,6852,3408,3444,4363,2185,2178,2489,1223,1266
33,14,009,10,5,5,1,0,1,9,5,4
33,14,011,1396,718,678,496,246,250,900,472,428
33,14,013,314,172,142,112,67,45,202,105,97
33,14,014,10,7,3,6,5,1,4,2,2
33,14,015,121,104,17,96,83,13,25,21,4
33,14,016,7,2,5,4,1,3,3,1,2
33,14,020,874727,435077,439650,587883,292559,295324,286844,142518,144326
33,14,021,46855,23307,23548,30441,15227,15214,16414,8080,8334
33,14,022,4656,2288,2368,835,422,413,3821,1866,1955
33,14,028,4,3,1,0,0,0,4,3,1
33,14,040,19,13,6,6,4,2,13,9,4
33,14,123,37,23,14,21,11,10,16,12,4
33,15,001,12,10,2,0,0,0,12,10,2
33,15,002,160,105,55,1,1,0,159,104,55
33,15,003,2,1,1,0,0,0,2,1,1
33,15,004,1,0,1,0,0,0,1,0,1
33,15,005,7021,3520,3501,196,99,97,6825,3421,3404
33,15,006,3201,1941,1260,123,82,41,3078,1859,1219
33,15,007,4621,2343,2278,1184,551,633,3437,1792,1645
33,15,008,7,3,4,0,0,0,7,3,4
33,15,009,34,16,18,0,0,0,34,16,18
33,15,011,8558,4339,4219,721,404,317,7837,3935,3902
33,15,012,4,3,1,0,0,0,4,3,1
33,15,013,1950,1007,943,150,85,65,1800,922,878
33,15,014,68,45,23,22,17,5,46,28,18
33,15,015,113,93,20,47,38,9,66,55,11
33,15,016,75,43,32,6,3,3,69,40,29
33,15,018,3,1,2,0,0,0,3,1,2
33,15,019,157,75,82,0,0,0,157,75,82
33,15,020,2290795,1144707,1146088,1251550,624665,626885,1039245,520042,519203
33,15,021,67638,33761,33877,23000,11605,11395,44638,22156,22482
33,15,022,31949,15541,16408,1934,935,999,30015,14606,15409
33,15,023,3,1,2,0,0,0,3,1,2
33,15,028,35,18,17,0,0,0,35,18,17
33,15,036,2,1,1,0,0,0,2,1,1
33,15,037,8,5,3,0,0,0,8,5,3
33,15,040,1694,821,873,254,124,130,1440,697,743
33,15,053,1,1,0,0,0,0,1,1,0
33,15,065,1,1,0,0,0,0,1,1,0
33,15,068,7,3,4,0,0,0,7,3,4
33,15,072,1,1,0,0,0,0,1,1,0
33,15,082,2,2,0,2,2,0,0,0,0
33,15,091,1,1,0,0,0,0,1,1,0
33,15,113,1,1,0,0,0,0,1,1,0
33,15,116,32,17,15,0,0,0,32,17,15
33,15,123,209,107,102,14,6,8,195,101,94
33,16,002,2,2,0,0,0,0,2,2,0
33,16,005,12,7,5,8,4,4,4,3,1
33,16,006,83,36,47,33,14,19,50,22,28
33,16,007,61,31,30,36,17,19,25,14,11
33,16,011,205,93,112,72,34,38,133,59,74
33,16,013,165,74,91,20,11,9,145,63,82
33,16,014,2,2,0,1,1,0,1,1,0
33,16,020,479193,238972,240221,402696,200989,201707,76497,37983,38514
33,16,021,11283,5706,5577,9352,4728,4624,1931,978,953
33,16,022,2615,1200,1415,2191,996,1195,424,204,220
33,16,028,4,3,1,0,0,0,4,3,1
33,16,040,10,8,2,6,6,0,4,2,2
33,16,123,11,7,4,11,7,4,0,0,0
33,17,001,2,0,2,2,0,2,0,0,0
33,17,002,19,18,1,18,18,0,1,0,1
33,17,005,64,36,28,22,13,9,42,23,19
33,17,006,808,647,161,770,624,146,38,23,15
33,17,007,369,174,195,331,154,177,38,20,18
33,17,009,2,1,1,2,1,1,0,0,0
33,17,011,318,182,136,277,158,119,41,24,17
33,17,013,99,54,45,47,27,20,52,27,25
33,17,015,6,5,1,6,5,1,0,0,0
33,17,016,1,1,0,1,1,0,0,0,0
33,17,019,4,2,2,4,2,2,0,0,0
33,17,020,689276,343365,345911,612915,305562,307353,76361,37803,38558
33,17,021,3283,1636,1647,1874,960,914,1409,676,733
33,17,022,1228,620,608,230,125,105,998,495,503
33,17,030,3,1,2,3,1,2,0,0,0
33,17,040,7,3,4,7,3,4,0,0,0
33,17,059,1,1,0,1,1,0,0,0,0
33,17,123,34,17,17,29,15,14,5,2,3
33,18,001,3,3,0,0,0,0,3,3,0
33,18,002,238,187,51,12,5,7,226,182,44
33,18,003,1,1,0,0,0,0,1,1,0
33,18,005,404,207,197,36,15,21,368,192,176
33,18,006,1652,1078,574,149,82,67,1503,996,507
33,18,007,2416,1237,1179,702,370,332,1714,867,847
33,18,008,2,1,1,0,0,0,2,1,1
33,18,011,2705,1373,1332,443,231,212,2262,1142,1120
33,18,013,558,285,273,50,22,28,508,263,245
33,18,014,71,43,28,21,16,5,50,27,23
33,18,015,149,132,17,8,6,2,141,126,15
33,18,016,57,45,12,1,1,0,56,44,12
33,18,020,2238220,1127082,1111138,1514373,763515,750858,723847,363567,360280
33,18,021,23815,11859,11956,8969,4487,4482,14846,7372,7474
33,18,022,14722,7173,7549,6154,2981,3173,8568,4192,4376
33,18,028,18,10,8,10,4,6,8,6,2
33,18,040,111,59,52,70,34,36,41,25,16
33,18,043,1,1,0,0,0,0,1,1,0
33,18,053,1,1,0,0,0,0,1,1,0
33,18,075,1,1,0,0,0,0,1,1,0
33,18,090,3,1,2,0,0,0,3,1,2
33,18,116,4,3,1,0,0,0,4,3,1
33,18,123,243,126,117,36,17,19,207,109,98
33,19,001,7,6,1,0,0,0,7,6,1
33,19,002,29,29,0,17,17,0,12,12,0
33,19,005,83,45,38,23,14,9,60,31,29
33,19,006,554,336,218,92,58,34,462,278,184
33,19,007,265,140,125,121,62,59,144,78,66
33,19,010,4,2,2,4,2,2,0,0,0
33,19,011,387,225,162,178,96,82,209,129,80
33,19,013,389,204,185,205,100,105,184,104,80
33,19,014,1,1,0,0,0,0,1,1,0
33,19,015,15,9,6,10,4,6,5,5,0
33,19,016,7,6,1,0,0,0,7,6,1
33,19,020,1481999,735552,746447,1155246,574314,580932,326753,161238,165515
33,19,021,4278,2097,2181,2445,1217,1228,1833,880,953
33,19,022,731,357,374,146,73,73,585,284,301
33,19,028,11,6,5,6,3,3,5,3,2
33,19,040,57,44,13,44,35,9,13,9,4
33,19,074,1,0,1,0,0,0,1,0,1
33,19,123,21,15,6,20,15,5,1,0,1
33,20,002,6,6,0,5,5,0,1,1,0
33,20,005,886,441,445,852,424,428,34,17,17
33,20,006,210,123,87,75,46,29,135,77,58
33,20,007,366,188,178,299,154,145,67,34,33
33,20,011,236,142,94,157,99,58,79,43,36
33,20,013,432,227,205,180,86,94,252,141,111
33,20,014,10,8,2,3,3,0,7,5,2
33,20,020,1163706,577841,585865,928966,461811,467155,234740,116030,118710
33,20,021,3165,1578,1587,1532,791,741,1633,787,846
33,20,022,313,161,152,71,42,29,242,119,123
33,20,028,1,0,1,1,0,1,0,0,0
33,20,040,69,31,38,51,22,29,18,9,9
33,20,090,1,1,0,0,0,0,1,1,0
33,20,123,73,37,36,39,19,20,34,18,16
33,21,001,4,1,3,4,1,3,0,0,0
33,21,002,18,13,5,7,6,1,11,7,4
33,21,005,17649,8934,8715,883,454,429,16766,8480,8286
33,21,006,667,419,248,61,35,26,606,384,222
33,21,007,930,482,448,201,118,83,729,364,365
33,21,008,3,3,0,0,0,0,3,3,0
33,21,009,4,2,2,1,1,0,3,1,2
33,21,011,973,496,477,238,123,115,735,373,362
33,21,013,1753,867,886,193,90,103,1560,777,783
33,21,014,22,12,10,3,1,2,19,11,8
33,21,015,4,2,2,4,2,2,0,0,0
33,21,016,4,4,0,2,2,0,2,2,0
33,21,019,18,8,10,1,0,1,17,8,9
33,21,020,2174340,1075693,1098647,1459961,722676,737285,714379,353017,361362
33,21,021,15143,7463,7680,5006,2478,2528,10137,4985,5152
33,21,022,3999,1928,2071,536,259,277,3463,1669,1794
33,21,028,15,6,9,11,4,7,4,2,2
33,21,040,485,250,235,416,217,199,69,33,36
33,21,044,1,0,1,0,0,0,1,0,1
33,21,046,2,1,1,0,0,0,2,1,1
33,21,123,104,54,50,49,26,23,55,28,27
33,22,002,6,4,2,0,0,0,6,4,2
33,22,005,1281,666,615,361,200,161,920,466,454
33,22,006,128,78,50,71,44,27,57,34,23
33,22,007,782,404,378,512,273,239,270,131,139
33,22,011,501,232,269,265,122,143,236,110,126
33,22,013,557,287,270,402,209,193,155,78,77
33,22,014,2,2,0,2,2,0,0,0,0
33,22,020,1447781,718260,729521,1204524,597037,607487,243257,121223,122034
33,22,021,6994,3552,3442,4355,2236,2119,2639,1316,1323
33,22,022,1380,706,674,548,286,262,832,420,412
33,22,028,2,1,1,2,1,1,0,0,0
33,22,040,161,91,70,158,89,69,3,2,1
33,22,068,3,3,0,3,3,0,0,0,0
33,22,123,23,14,9,14,9,5,9,5,4
33,23,001,2,2,0,1,1,0,1,1,0
33,23,002,7,4,3,6,4,2,1,0,1
33,23,005,1254,653,601,1104,578,526,150,75,75
33,23,006,260,178,82,105,85,20,155,93,62
33,23,007,1661,830,831,70,39,31,1591,791,800
33,23,009,2,1,1,2,1,1,0,0,0
33,23,011,476,217,259,132,49,83,344,168,176
33,23,012,4,4,0,4,4,0,0,0,0
33,23,013,255,127,128,25,10,15,230,117,113
33,23,014,12,8,4,1,1,0,11,7,4
33,23,015,9,8,1,9,8,1,0,0,0
33,23,016,3,1,2,2,0,2,1,1,0
33,23,020,1143544,561014,582530,824973,402917,422056,318571,158097,160474
33,23,021,6427,3149,3278,2665,1296,1369,3762,1853,1909
33,23,022,1209,621,588,144,73,71,1065,548,517
33,23,040,161,96,65,24,24,0,137,72,65
33,23,053,1,1,0,1,1,0,0,0,0
33,23,123,69,33,36,4,2,2,65,31,34
33,24,002,12,6,6,4,2,2,8,4,4
33,24,005,67808,34152,33656,5883,2958,2925,61925,31194,30731
33,24,006,2090,1170,920,98,64,34,1992,1106,886
33,24,007,6035,2987,3048,3139,1540,1599,2896,1447,1449
33,24,008,12,6,6,0,0,0,12,6,6
33,24,009,35,16,19,0,0,0,35,16,19
33,24,011,2740,1353,1387,289,153,136,2451,1200,1251
33,24,013,739,395,344,10,6,4,729,389,340
33,24,014,11,9,2,1,1,0,10,8,2
33,24,015,21,14,7,6,5,1,15,9,6
33,24,016,21,12,9,3,3,0,18,9,9
33,24,017,1,1,0,0,0,0,1,1,0
33,24,019,74,34,40,1,0,1,73,34,39
33,24,020,2435023,1231338,1203685,1105351,558714,546637,1329672,672624,657048
33,24,021,52638,26363,26275,18691,9291,9400,33947,17072,16875
33,24,022,10059,5039,5020,452,244,208,9607,4795,4812
33,24,028,5,3,2,1,1,0,4,2,2
33,24,040,607,332,275,71,40,31,536,292,244
33,24,046,1,1,0,0,0,0,1,1,0
33,24,068,3,2,1,0,0,0,3,2,1
33,24,075,1,1,0,0,0,0,1,1,0
33,24,079,2,1,1,0,0,0,2,1,1
33,24,116,22,13,9,0,0,0,22,13,9
33,24,123,241,115,126,25,14,11,216,101,115
33,25,002,2,1,1,0,0,0,2,1,1
33,25,005,329,154,175,36,17,19,293,137,156
33,25,006,124,72,52,10,4,6,114,68,46
33,25,007,39452,19433,20019,19980,9843,10137,19472,9590,9882
33,25,011,591,289,302,118,70,48,473,219,254
33,25,013,98,55,43,0,0,0,98,55,43
33,25,014,14,8,6,14,8,6,0,0,0
33,25,020,985136,498563,486573,445502,226854,218648,539634,271709,267925
33,25,021,66995,33800,33195,36177,18199,17978,30818,15601,15217
33,25,022,881,447,434,139,82,57,742,365,377
33,25,040,312,157,155,130,74,56,182,83,99
33,25,075,3,1,2,0,0,0,3,1,2
33,25,123,13,6,7,3,1,2,10,5,5
33,26,001,1,0,1,1,0,1,0,0,0
33,26,002,2,1,1,2,1,1,0,0,0
33,26,005,154,83,71,19,8,11,135,75,60
33,26,006,222,129,93,20,12,8,202,117,85
33,26,007,19246,9487,9759,9457,4626,4831,9789,4861,4928
33,26,011,680,358,322,290,170,120,390,188,202
33,26,013,94,53,41,4,1,3,90,52,38
33,26,014,17,10,7,14,8,6,3,2,1
33,26,019,1,1,0,0,0,0,1,1,0
33,26,020,1587163,789347,797816,861679,427448,434231,725484,361899,363585
33,26,021,141212,69635,71577,102017,50103,51914,39195,19532,19663
33,26,022,1451,722,729,376,203,173,1075,519,556
33,26,040,1034,535,499,62,36,26,972,499,473
33,26,074,1,1,0,0,0,0,1,1,0
33,26,123,23,14,9,15,10,5,8,4,4
33,27,001,2,2,0,2,2,0,0,0,0
33,27,002,57,50,7,38,35,3,19,15,4
33,27,004,9,7,2,0,0,0,9,7,2
33,27,005,20689,10345,10344,3979,1974,2005,16710,8371,8339
33,27,006,396,284,112,150,106,44,246,178,68
33,27,007,886,483,403,794,419,375,92,64,28
33,27,009,6,2,4,1,0,1,5,2,3
33,27,010,4,3,1,4,3,1,0,0,0
33,27,011,631,377,254,362,194,168,269,183,86
33,27,013,430,242,188,170,92,78,260,150,110
33,27,014,63,31,32,18,10,8,45,21,24
33,27,015,18,14,4,10,7,3,8,7,1
33,27,016,21,18,3,8,6,2,13,12,1
33,27,020,1150962,564726,586236,868950,425075,443875,282012,139651,142361
33,27,021,12693,6433,6260,10395,5211,5184,2298,1222,1076
33,27,022,634,310,324,316,151,165,318,159,159
33,27,040,93,43,50,9,3,6,84,40,44
33,27,123,10,6,4,4,2,2,6,4,2
33,28,002,33,23,10,2,2,0,31,21,10
33,28,005,187,93,94,29,15,14,158,78,80
33,28,006,289,171,118,38,21,17,251,150,101
33,28,007,1848,946,902,1182,607,575,666,339,327
33,28,011,910,484,426,198,112,86,712,372,340
33,28,013,97,49,48,23,11,12,74,38,36
33,28,014,21,12,9,15,7,8,6,5,1
33,28,015,13,8,5,0,0,0,13,8,5
33,28,016,13,9,4,0,0,0,13,9,4
33,28,020,1538102,750082,788020,884656,428221,456435,653446,321861,331585
33,28,021,29596,14343,15253,21199,10176,11023,8397,4167,4230
33,28,022,1029,508,521,135,75,60,894,433,461
33,28,040,40,25,15,4,1,3,36,24,12
33,28,091,3,2,1,0,0,0,3,2,1
33,28,116,2,2,0,0,0,0,2,2,0
33,28,123,90,66,24,19,6,13,71,60,11
33,29,001,4,4,0,4,4,0,0,0,0
33,29,002,46,26,20,39,22,17,7,4,3
33,29,005,4327,2178,2149,1508,751,757,2819,1427,1392
33,29,006,786,511,275,445,259,186,341,252,89
33,29,007,1208,598,610,725,338,387,483,260,223
33,29,009,35,18,17,7,4,3,28,14,14
33,29,011,3270,1565,1705,1591,816,775,1679,749,930
33,29,013,129,80,49,25,13,12,104,67,37
33,29,014,30,21,9,8,7,1,22,14,8
33,29,015,188,172,16,39,24,15,149,148,1
33,29,016,178,140,38,46,29,17,132,111,21
33,29,019,1,1,0,1,1,0,0,0,0
33,29,020,2680052,1312055,1367997,1391607,676956,714651,1288445,635099,653346
33,29,021,31227,15274,15953,19321,9380,9941,11906,5894,6012
33,29,022,2237,1107,1130,279,137,142,1958,970,988
33,29,028,18,10,8,16,9,7,2,1,1
33,29,040,97,70,27,16,11,5,81,59,22
33,29,055,1,0,1,1,0,1,0,0,0
33,29,082,1,0,1,1,0,1,0,0,0
33,29,116,7,3,4,0,0,0,7,3,4
33,29,123,146,106,40,63,36,27,83,70,13
33,30,002,18,14,4,1,0,1,17,14,3
33,30,005,1529,778,751,1,0,1,1528,778,750
33,30,006,232,141,91,7,4,3,225,137,88
33,30,007,279,146,133,60,30,30,219,116,103
33,30,009,2,0,2,1,0,1,1,0,1
33,30,011,95487,45685,49802,25549,12263,13286,69938,33422,36516
33,30,013,154,85,69,50,31,19,104,54,50
33,30,014,12,8,4,0,0,0,12,8,4
33,30,016,1,1,0,0,0,0,1,1,0
33,30,019,1,0,1,1,0,1,0,0,0
33,30,020,1573158,782833,790325,555073,276509,278564,1018085,506324,511761
33,30,021,4752,2372,2380,1290,634,656,3462,1738,1724
33,30,022,271,123,148,38,17,21,233,106,127
33,30,028,1,1,0,0,0,0,1,1,0
33,30,040,71,49,22,26,23,3,45,26,19
33,30,116,42,20,22,6,3,3,36,17,19
33,30,123,24,13,11,4,2,2,20,11,9
34,01,002,6,5,1,0,0,0,6,5,1
34,01,005,2,2,0,0,0,0,2,2,0
34,01,006,42,20,22,0,0,0,42,20,22
34,01,007,8,5,3,0,0,0,8,5,3
34,01,011,27,18,9,0,0,0,27,18,9
34,01,013,3,2,1,0,0,0,3,2,1
34,01,014,30,20,10,0,0,0,30,20,10
34,01,015,15,7,8,0,0,0,15,7,8
34,01,016,1,1,0,0,0,0,1,1,0
34,01,019,5,5,0,0,0,0,5,5,0
34,01,020,396,259,137,0,0,0,396,259,137
34,01,021,30112,15214,14898,0,0,0,30112,15214,14898
34,01,022,743,333,410,0,0,0,743,333,410
34,01,040,4,2,2,0,0,0,4,2,2
34,02,001,6,4,2,0,0,0,6,4,2
34,02,002,1079,559,520,60,48,12,1019,511,508
34,02,004,8,5,3,0,0,0,8,5,3
34,02,005,1127,545,582,34,16,18,1093,529,564
34,02,006,3832,2177,1655,711,511,200,3121,1666,1455
34,02,007,1247,634,613,25,13,12,1222,621,601
34,02,008,12,8,4,0,0,0,12,8,4
34,02,009,53,21,32,6,1,5,47,20,27
34,02,010,2,2,0,0,0,0,2,2,0
34,02,011,6037,3121,2916,408,252,156,5629,2869,2760
34,02,012,6,6,0,0,0,0,6,6,0
34,02,013,703,368,335,54,29,25,649,339,310
34,02,014,349,255,94,175,134,41,174,121,53
34,02,015,880,582,298,379,331,48,501,251,250
34,02,016,118,63,55,31,17,14,87,46,41
34,02,017,5,3,2,0,0,0,5,3,2
34,02,019,59,29,30,0,0,0,59,29,30
34,02,020,693703,348072,345631,224128,112990,111138,469575,235082,234493
34,02,021,18756,9363,9393,2816,1418,1398,15940,7945,7995
34,02,022,6195,3052,3143,505,267,238,5690,2785,2905
34,02,023,7,7,0,0,0,0,7,7,0
34,02,026,1,1,0,0,0,0,1,1,0
34,02,027,1,1,0,0,0,0,1,1,0
34,02,028,2,2,0,2,2,0,0,0,0
34,02,030,2,2,0,1,1,0,1,1,0
34,02,037,4,2,2,0,0,0,4,2,2
34,02,040,357,160,197,3,0,3,354,160,194
34,02,051,1,0,1,0,0,0,1,0,1
34,02,055,7,5,2,0,0,0,7,5,2
34,02,056,1,1,0,0,0,0,1,1,0
34,02,072,2,2,0,0,0,0,2,2,0
34,02,075,3,2,1,0,0,0,3,2,1
34,02,081,1,1,0,0,0,0,1,1,0
34,02,082,8,7,1,0,0,0,8,7,1
34,02,092,3,3,0,0,0,0,3,3,0
34,02,093,3,3,0,0,0,0,3,3,0
34,02,094,1,1,0,0,0,0,1,1,0
34,02,096,1,0,1,0,0,0,1,0,1
34,02,106,2,2,0,0,0,0,2,2,0
34,02,114,1,0,1,0,0,0,1,0,1
34,02,116,25,12,13,1,0,1,24,12,12
34,02,123,722,345,377,34,23,11,688,322,366
34,03,002,11,9,2,0,0,0,11,9,2
34,03,006,45,28,17,0,0,0,45,28,17
34,03,007,12,3,9,0,0,0,12,3,9
34,03,009,7,3,4,0,0,0,7,3,4
34,03,011,35897,16653,19244,0,0,0,35897,16653,19244
34,03,013,6,3,3,0,0,0,6,3,3
34,03,015,2,2,0,0,0,0,2,2,0
34,03,016,1,1,0,0,0,0,1,1,0
34,03,020,361,229,132,0,0,0,361,229,132
34,03,021,407,188,219,0,0,0,407,188,219
34,03,040,78,33,45,0,0,0,78,33,45
34,03,123,1,1,0,0,0,0,1,1,0
34,04,001,5,3,2,0,0,0,5,3,2
34,04,002,84,63,21,13,13,0,71,50,21
34,04,004,4,1,3,0,0,0,4,1,3
34,04,005,51,32,19,10,8,2,41,24,17
34,04,006,438,265,173,214,137,77,224,128,96
34,04,007,299,139,160,81,37,44,218,102,116
34,04,008,1,0,1,0,0,0,1,0,1
34,04,009,3,1,2,0,0,0,3,1,2
34,04,011,821,471,350,219,122,97,602,349,253
34,04,013,112,61,51,12,8,4,100,53,47
34,04,014,32,20,12,23,13,10,9,7,2
34,04,015,69,48,21,55,40,15,14,8,6
34,04,016,11,7,4,4,3,1,7,4,3
34,04,020,167042,82425,84617,95175,46984,48191,71867,35441,36426
34,04,021,1633,865,768,482,251,231,1151,614,537
34,04,022,154,65,89,56,27,29,98,38,60
34,04,028,1,0,1,0,0,0,1,0,1
34,04,040,15,10,5,3,1,2,12,9,3
34,04,068,1,1,0,0,0,0,1,1,0
34,04,072,5,5,0,4,4,0,1,1,0
34,04,123,10,5,5,2,2,0,8,3,5
35,01,001,61,44,17,18,16,2,43,28,15
35,01,002,90644,49158,41486,79280,42081,37199,11364,7077,4287
35,01,004,32,20,12,13,8,5,19,12,7
35,01,005,341,212,129,206,131,75,135,81,54
35,01,006,60995,32900,28095,34860,18988,15872,26135,13912,12223
35,01,007,256,151,105,75,48,27,181,103,78
35,01,008,6,3,3,0,0,0,6,3,3
35,01,009,38,23,15,11,7,4,27,16,11
35,01,010,54,33,21,27,13,14,27,20,7
35,01,011,27854,14484,13370,15681,8082,7599,12173,6402,5771
35,01,012,17,9,8,3,2,1,14,7,7
35,01,013,1039,714,325,676,495,181,363,219,144
35,01,014,765,468,297,292,189,103,473,279,194
35,01,015,719,466,253,297,206,91,422,260,162
35,01,016,1237,706,531,354,211,143,883,495,388
35,01,018,69,60,9,57,52,5,12,8,4
35,01,019,16,10,6,8,5,3,8,5,3
35,01,020,59051,32610,26441,26499,14563,11936,32552,18047,14505
35,01,021,43728,23420,20308,17089,9068,8021,26639,14352,12287
35,01,022,1553,847,706,411,238,173,1142,609,533
35,01,023,1,1,0,1,1,0,0,0,0
35,01,024,1,1,0,1,1,0,0,0,0
35,01,027,2,1,1,2,1,1,0,0,0
35,01,028,2,2,0,1,1,0,1,1,0
35,01,030,1,1,0,0,0,0,1,1,0
35,01,032,1,1,0,1,1,0,0,0,0
35,01,035,3,1,2,3,1,2,0,0,0
35,01,037,12,7,5,11,6,5,1,1,0
35,01,040,34,18,16,4,2,2,30,16,14
35,01,043,14,12,2,0,0,0,14,12,2
35,01,044,2,1,1,2,1,1,0,0,0
35,01,053,6,3,3,6,3,3,0,0,0
35,01,054,3761,2060,1701,3493,1923,1570,268,137,131
35,01,062,14,10,4,14,10,4,0,0,0
35,01,068,4,2,2,0,0,0,4,2,2
35,01,071,3,1,2,3,1,2,0,0,0
35,01,072,11990,6323,5667,10813,5724,5089,1177,599,578
35,01,082,3,3,0,0,0,0,3,3,0
35,01,090,4056,2289,1767,3532,2008,1524,524,281,243
35,01,091,216,116,100,151,77,74,65,39,26
35,01,092,2565,1449,1116,1523,860,663,1042,589,453
35,01,098,10,5,5,0,0,0,10,5,5
35,01,100,5,1,4,5,1,4,0,0,0
35,01,110,1,1,0,1,1,0,0,0,0
35,01,116,1,1,0,1,1,0,0,0,0
35,01,123,2901,1671,1230,2461,1281,1180,440,390,50
35,02,001,6,5,1,6,5,1,0,0,0
35,02,002,938,645,293,938,645,293,0,0,0
35,02,003,5,1,4,5,1,4,0,0,0
35,02,004,10,9,1,10,9,1,0,0,0
35,02,005,46,29,17,46,29,17,0,0,0
35,02,006,3938,2315,1623,3938,2315,1623,0,0,0
35,02,007,47,29,18,47,29,18,0,0,0
35,02,009,6,3,3,6,3,3,0,0,0
35,02,010,1,1,0,1,1,0,0,0,0
35,02,011,1015,607,408,1015,607,408,0,0,0
35,02,012,3,2,1,3,2,1,0,0,0
35,02,013,255,142,113,255,142,113,0,0,0
35,02,014,17,11,6,17,11,6,0,0,0
35,02,015,148,116,32,148,116,32,0,0,0
35,02,016,588,322,266,588,322,266,0,0,0
35,02,018,8,7,1,8,7,1,0,0,0
35,02,020,3910,2322,1588,3910,2322,1588,0,0,0
35,02,021,1903,1094,809,1903,1094,809,0,0,0
35,02,022,62,38,24,62,38,24,0,0,0
35,02,040,2,1,1,2,1,1,0,0,0
35,02,054,329,183,146,329,183,146,0,0,0
35,02,055,4,2,2,4,2,2,0,0,0
35,02,072,1769,952,817,1769,952,817,0,0,0
35,02,088,5,4,1,5,4,1,0,0,0
35,02,090,526,331,195,526,331,195,0,0,0
35,02,091,26,15,11,26,15,11,0,0,0
35,02,092,26086,13198,12888,26086,13198,12888,0,0,0
35,02,104,34,20,14,34,20,14,0,0,0
35,02,123,381,249,132,381,249,132,0,0,0
